0,1,2,3,4,5,6,7,8,9,10,11,12,13,14,15,16,17,18,19
"{'Q': 0.0, 'gbar': 0.0, 'T': 10000, 'supervisor': array([[-1.89214982e-17],
       [ 4.44288287e-04],
       [ 8.88576529e-04],
       ...,
       [-1.33286468e-03],
       [-8.88576529e-04],
       [-4.44288287e-04]]), 'BIAS': array([[80.],
       [80.],
       [80.],
       [80.],
       [80.],
       [80.],
       [80.],
       [80.],
       [80.],
       [80.],
       [80.],
       [80.],
       [80.],
       [80.],
       [80.],
       [80.],
       [80.],
       [80.],
       [80.],
       [80.],
       [80.],
       [80.],
       [80.],
       [80.],
       [80.],
       [80.],
       [80.],
       [80.],
       [80.],
       [80.],
       [80.],
       [80.],
       [80.],
       [80.],
       [80.],
       [80.],
       [80.],
       [80.],
       [80.],
       [80.],
       [80.],
       [80.],
       [80.],
       [80.],
       [80.],
       [80.],
       [80.],
       [80.],
       [80.],
       [80.],
       [80.],
       [80.],
       [80.],
       [80.],
       [80.],
       [80.],
       [80.],
       [80.],
       [80.],
       [80.],
       [80.],
       [80.],
       [80.],
       [80.],
       [80.],
       [80.],
       [80.],
       [80.],
       [80.],
       [80.],
       [80.],
       [80.],
       [80.],
       [80.],
       [80.],
       [80.],
       [80.],
       [80.],
       [80.],
       [80.],
       [80.],
       [80.],
       [80.],
       [80.],
       [80.],
       [80.],
       [80.],
       [80.],
       [80.],
       [80.],
       [80.],
       [80.],
       [80.],
       [80.],
       [80.],
       [80.],
       [80.],
       [80.],
       [80.],
       [80.],
       [80.],
       [80.],
       [80.],
       [80.],
       [80.],
       [80.],
       [80.],
       [80.],
       [80.],
       [80.],
       [80.],
       [80.],
       [80.],
       [80.],
       [80.],
       [80.],
       [80.],
       [80.],
       [80.],
       [80.],
       [80.],
       [80.],
       [80.],
       [80.],
       [80.],
       [80.],
       [80.],
       [80.],
       [80.],
       [80.],
       [80.],
       [80.],
       [80.],
       [80.],
       [80.],
       [80.],
       [80.],
       [80.],
       [80.],
       [80.],
       [80.],
       [80.],
       [80.],
       [80.],
       [80.],
       [80.],
       [80.],
       [80.],
       [80.],
       [80.],
       [80.],
       [80.],
       [80.],
       [80.],
       [80.],
       [80.],
       [80.],
       [80.],
       [80.],
       [80.],
       [80.],
       [80.],
       [80.],
       [80.],
       [80.],
       [80.],
       [80.],
       [80.],
       [80.],
       [80.],
       [80.],
       [80.],
       [80.],
       [80.],
       [80.],
       [80.],
       [80.],
       [80.],
       [80.],
       [80.],
       [80.],
       [80.],
       [80.],
       [80.],
       [80.],
       [80.],
       [80.],
       [80.],
       [80.],
       [80.],
       [80.],
       [80.],
       [80.],
       [80.],
       [80.],
       [80.],
       [80.],
       [80.],
       [80.],
       [80.],
       [80.],
       [80.],
       [80.],
       [80.],
       [80.],
       [80.],
       [80.],
       [80.],
       [80.],
       [80.],
       [80.],
       [80.],
       [80.],
       [80.],
       [80.],
       [80.],
       [80.],
       [80.],
       [80.],
       [80.],
       [80.],
       [80.],
       [80.],
       [80.],
       [80.],
       [80.],
       [80.],
       [80.],
       [80.],
       [80.],
       [80.],
       [80.],
       [80.],
       [80.],
       [80.],
       [80.],
       [80.],
       [80.],
       [80.],
       [80.],
       [80.],
       [80.],
       [80.],
       [80.],
       [80.],
       [80.],
       [80.],
       [80.],
       [80.],
       [80.],
       [80.],
       [80.],
       [80.],
       [80.],
       [80.],
       [80.],
       [80.],
       [80.],
       [80.],
       [80.],
       [80.],
       [80.],
       [80.],
       [80.],
       [80.],
       [80.],
       [80.],
       [80.],
       [80.],
       [80.],
       [80.],
       [80.],
       [80.],
       [80.],
       [80.],
       [80.],
       [80.],
       [80.],
       [80.],
       [80.],
       [80.],
       [80.],
       [80.],
       [80.],
       [80.],
       [80.],
       [80.],
       [80.],
       [80.],
       [80.],
       [80.],
       [80.],
       [80.],
       [80.],
       [80.],
       [80.],
       [80.],
       [80.],
       [80.],
       [80.],
       [80.],
       [80.],
       [80.],
       [80.],
       [80.],
       [80.],
       [80.],
       [80.],
       [80.],
       [80.],
       [80.],
       [80.],
       [80.],
       [80.],
       [80.],
       [80.],
       [80.],
       [80.],
       [80.],
       [80.],
       [80.],
       [80.],
       [80.],
       [80.],
       [80.],
       [80.],
       [80.],
       [80.],
       [80.],
       [80.],
       [80.],
       [80.],
       [80.],
       [80.],
       [80.],
       [80.],
       [80.],
       [80.],
       [80.],
       [80.],
       [80.],
       [80.],
       [80.],
       [80.],
       [80.],
       [80.],
       [80.],
       [80.],
       [80.],
       [80.],
       [80.],
       [80.],
       [80.],
       [80.],
       [80.],
       [80.],
       [80.],
       [80.],
       [80.],
       [80.],
       [80.],
       [80.],
       [80.],
       [80.],
       [80.],
       [80.],
       [80.],
       [80.],
       [80.],
       [80.],
       [80.],
       [80.],
       [80.],
       [80.],
       [80.],
       [80.],
       [80.],
       [80.],
       [80.],
       [80.],
       [80.],
       [80.],
       [80.],
       [80.],
       [80.],
       [80.],
       [80.],
       [80.],
       [80.],
       [80.],
       [80.],
       [80.],
       [80.],
       [80.],
       [80.],
       [80.],
       [80.],
       [80.],
       [80.],
       [80.]]), 'dt': 0.01, 'N': 400, 'l': 1e-05}","{'Q': 0.0, 'gbar': 1.0526315789473684, 'T': 10000, 'supervisor': array([[-1.89214982e-17],
       [ 4.44288287e-04],
       [ 8.88576529e-04],
       ...,
       [-1.33286468e-03],
       [-8.88576529e-04],
       [-4.44288287e-04]]), 'BIAS': array([[80.],
       [80.],
       [80.],
       [80.],
       [80.],
       [80.],
       [80.],
       [80.],
       [80.],
       [80.],
       [80.],
       [80.],
       [80.],
       [80.],
       [80.],
       [80.],
       [80.],
       [80.],
       [80.],
       [80.],
       [80.],
       [80.],
       [80.],
       [80.],
       [80.],
       [80.],
       [80.],
       [80.],
       [80.],
       [80.],
       [80.],
       [80.],
       [80.],
       [80.],
       [80.],
       [80.],
       [80.],
       [80.],
       [80.],
       [80.],
       [80.],
       [80.],
       [80.],
       [80.],
       [80.],
       [80.],
       [80.],
       [80.],
       [80.],
       [80.],
       [80.],
       [80.],
       [80.],
       [80.],
       [80.],
       [80.],
       [80.],
       [80.],
       [80.],
       [80.],
       [80.],
       [80.],
       [80.],
       [80.],
       [80.],
       [80.],
       [80.],
       [80.],
       [80.],
       [80.],
       [80.],
       [80.],
       [80.],
       [80.],
       [80.],
       [80.],
       [80.],
       [80.],
       [80.],
       [80.],
       [80.],
       [80.],
       [80.],
       [80.],
       [80.],
       [80.],
       [80.],
       [80.],
       [80.],
       [80.],
       [80.],
       [80.],
       [80.],
       [80.],
       [80.],
       [80.],
       [80.],
       [80.],
       [80.],
       [80.],
       [80.],
       [80.],
       [80.],
       [80.],
       [80.],
       [80.],
       [80.],
       [80.],
       [80.],
       [80.],
       [80.],
       [80.],
       [80.],
       [80.],
       [80.],
       [80.],
       [80.],
       [80.],
       [80.],
       [80.],
       [80.],
       [80.],
       [80.],
       [80.],
       [80.],
       [80.],
       [80.],
       [80.],
       [80.],
       [80.],
       [80.],
       [80.],
       [80.],
       [80.],
       [80.],
       [80.],
       [80.],
       [80.],
       [80.],
       [80.],
       [80.],
       [80.],
       [80.],
       [80.],
       [80.],
       [80.],
       [80.],
       [80.],
       [80.],
       [80.],
       [80.],
       [80.],
       [80.],
       [80.],
       [80.],
       [80.],
       [80.],
       [80.],
       [80.],
       [80.],
       [80.],
       [80.],
       [80.],
       [80.],
       [80.],
       [80.],
       [80.],
       [80.],
       [80.],
       [80.],
       [80.],
       [80.],
       [80.],
       [80.],
       [80.],
       [80.],
       [80.],
       [80.],
       [80.],
       [80.],
       [80.],
       [80.],
       [80.],
       [80.],
       [80.],
       [80.],
       [80.],
       [80.],
       [80.],
       [80.],
       [80.],
       [80.],
       [80.],
       [80.],
       [80.],
       [80.],
       [80.],
       [80.],
       [80.],
       [80.],
       [80.],
       [80.],
       [80.],
       [80.],
       [80.],
       [80.],
       [80.],
       [80.],
       [80.],
       [80.],
       [80.],
       [80.],
       [80.],
       [80.],
       [80.],
       [80.],
       [80.],
       [80.],
       [80.],
       [80.],
       [80.],
       [80.],
       [80.],
       [80.],
       [80.],
       [80.],
       [80.],
       [80.],
       [80.],
       [80.],
       [80.],
       [80.],
       [80.],
       [80.],
       [80.],
       [80.],
       [80.],
       [80.],
       [80.],
       [80.],
       [80.],
       [80.],
       [80.],
       [80.],
       [80.],
       [80.],
       [80.],
       [80.],
       [80.],
       [80.],
       [80.],
       [80.],
       [80.],
       [80.],
       [80.],
       [80.],
       [80.],
       [80.],
       [80.],
       [80.],
       [80.],
       [80.],
       [80.],
       [80.],
       [80.],
       [80.],
       [80.],
       [80.],
       [80.],
       [80.],
       [80.],
       [80.],
       [80.],
       [80.],
       [80.],
       [80.],
       [80.],
       [80.],
       [80.],
       [80.],
       [80.],
       [80.],
       [80.],
       [80.],
       [80.],
       [80.],
       [80.],
       [80.],
       [80.],
       [80.],
       [80.],
       [80.],
       [80.],
       [80.],
       [80.],
       [80.],
       [80.],
       [80.],
       [80.],
       [80.],
       [80.],
       [80.],
       [80.],
       [80.],
       [80.],
       [80.],
       [80.],
       [80.],
       [80.],
       [80.],
       [80.],
       [80.],
       [80.],
       [80.],
       [80.],
       [80.],
       [80.],
       [80.],
       [80.],
       [80.],
       [80.],
       [80.],
       [80.],
       [80.],
       [80.],
       [80.],
       [80.],
       [80.],
       [80.],
       [80.],
       [80.],
       [80.],
       [80.],
       [80.],
       [80.],
       [80.],
       [80.],
       [80.],
       [80.],
       [80.],
       [80.],
       [80.],
       [80.],
       [80.],
       [80.],
       [80.],
       [80.],
       [80.],
       [80.],
       [80.],
       [80.],
       [80.],
       [80.],
       [80.],
       [80.],
       [80.],
       [80.],
       [80.],
       [80.],
       [80.],
       [80.],
       [80.],
       [80.],
       [80.],
       [80.],
       [80.],
       [80.],
       [80.],
       [80.],
       [80.],
       [80.],
       [80.],
       [80.],
       [80.],
       [80.],
       [80.],
       [80.],
       [80.],
       [80.],
       [80.],
       [80.],
       [80.],
       [80.],
       [80.],
       [80.],
       [80.],
       [80.],
       [80.],
       [80.],
       [80.],
       [80.],
       [80.],
       [80.],
       [80.],
       [80.],
       [80.],
       [80.],
       [80.],
       [80.],
       [80.]]), 'dt': 0.01, 'N': 400, 'l': 1e-05}","{'Q': 0.0, 'gbar': 2.1052631578947367, 'T': 10000, 'supervisor': array([[-1.89214982e-17],
       [ 4.44288287e-04],
       [ 8.88576529e-04],
       ...,
       [-1.33286468e-03],
       [-8.88576529e-04],
       [-4.44288287e-04]]), 'BIAS': array([[80.],
       [80.],
       [80.],
       [80.],
       [80.],
       [80.],
       [80.],
       [80.],
       [80.],
       [80.],
       [80.],
       [80.],
       [80.],
       [80.],
       [80.],
       [80.],
       [80.],
       [80.],
       [80.],
       [80.],
       [80.],
       [80.],
       [80.],
       [80.],
       [80.],
       [80.],
       [80.],
       [80.],
       [80.],
       [80.],
       [80.],
       [80.],
       [80.],
       [80.],
       [80.],
       [80.],
       [80.],
       [80.],
       [80.],
       [80.],
       [80.],
       [80.],
       [80.],
       [80.],
       [80.],
       [80.],
       [80.],
       [80.],
       [80.],
       [80.],
       [80.],
       [80.],
       [80.],
       [80.],
       [80.],
       [80.],
       [80.],
       [80.],
       [80.],
       [80.],
       [80.],
       [80.],
       [80.],
       [80.],
       [80.],
       [80.],
       [80.],
       [80.],
       [80.],
       [80.],
       [80.],
       [80.],
       [80.],
       [80.],
       [80.],
       [80.],
       [80.],
       [80.],
       [80.],
       [80.],
       [80.],
       [80.],
       [80.],
       [80.],
       [80.],
       [80.],
       [80.],
       [80.],
       [80.],
       [80.],
       [80.],
       [80.],
       [80.],
       [80.],
       [80.],
       [80.],
       [80.],
       [80.],
       [80.],
       [80.],
       [80.],
       [80.],
       [80.],
       [80.],
       [80.],
       [80.],
       [80.],
       [80.],
       [80.],
       [80.],
       [80.],
       [80.],
       [80.],
       [80.],
       [80.],
       [80.],
       [80.],
       [80.],
       [80.],
       [80.],
       [80.],
       [80.],
       [80.],
       [80.],
       [80.],
       [80.],
       [80.],
       [80.],
       [80.],
       [80.],
       [80.],
       [80.],
       [80.],
       [80.],
       [80.],
       [80.],
       [80.],
       [80.],
       [80.],
       [80.],
       [80.],
       [80.],
       [80.],
       [80.],
       [80.],
       [80.],
       [80.],
       [80.],
       [80.],
       [80.],
       [80.],
       [80.],
       [80.],
       [80.],
       [80.],
       [80.],
       [80.],
       [80.],
       [80.],
       [80.],
       [80.],
       [80.],
       [80.],
       [80.],
       [80.],
       [80.],
       [80.],
       [80.],
       [80.],
       [80.],
       [80.],
       [80.],
       [80.],
       [80.],
       [80.],
       [80.],
       [80.],
       [80.],
       [80.],
       [80.],
       [80.],
       [80.],
       [80.],
       [80.],
       [80.],
       [80.],
       [80.],
       [80.],
       [80.],
       [80.],
       [80.],
       [80.],
       [80.],
       [80.],
       [80.],
       [80.],
       [80.],
       [80.],
       [80.],
       [80.],
       [80.],
       [80.],
       [80.],
       [80.],
       [80.],
       [80.],
       [80.],
       [80.],
       [80.],
       [80.],
       [80.],
       [80.],
       [80.],
       [80.],
       [80.],
       [80.],
       [80.],
       [80.],
       [80.],
       [80.],
       [80.],
       [80.],
       [80.],
       [80.],
       [80.],
       [80.],
       [80.],
       [80.],
       [80.],
       [80.],
       [80.],
       [80.],
       [80.],
       [80.],
       [80.],
       [80.],
       [80.],
       [80.],
       [80.],
       [80.],
       [80.],
       [80.],
       [80.],
       [80.],
       [80.],
       [80.],
       [80.],
       [80.],
       [80.],
       [80.],
       [80.],
       [80.],
       [80.],
       [80.],
       [80.],
       [80.],
       [80.],
       [80.],
       [80.],
       [80.],
       [80.],
       [80.],
       [80.],
       [80.],
       [80.],
       [80.],
       [80.],
       [80.],
       [80.],
       [80.],
       [80.],
       [80.],
       [80.],
       [80.],
       [80.],
       [80.],
       [80.],
       [80.],
       [80.],
       [80.],
       [80.],
       [80.],
       [80.],
       [80.],
       [80.],
       [80.],
       [80.],
       [80.],
       [80.],
       [80.],
       [80.],
       [80.],
       [80.],
       [80.],
       [80.],
       [80.],
       [80.],
       [80.],
       [80.],
       [80.],
       [80.],
       [80.],
       [80.],
       [80.],
       [80.],
       [80.],
       [80.],
       [80.],
       [80.],
       [80.],
       [80.],
       [80.],
       [80.],
       [80.],
       [80.],
       [80.],
       [80.],
       [80.],
       [80.],
       [80.],
       [80.],
       [80.],
       [80.],
       [80.],
       [80.],
       [80.],
       [80.],
       [80.],
       [80.],
       [80.],
       [80.],
       [80.],
       [80.],
       [80.],
       [80.],
       [80.],
       [80.],
       [80.],
       [80.],
       [80.],
       [80.],
       [80.],
       [80.],
       [80.],
       [80.],
       [80.],
       [80.],
       [80.],
       [80.],
       [80.],
       [80.],
       [80.],
       [80.],
       [80.],
       [80.],
       [80.],
       [80.],
       [80.],
       [80.],
       [80.],
       [80.],
       [80.],
       [80.],
       [80.],
       [80.],
       [80.],
       [80.],
       [80.],
       [80.],
       [80.],
       [80.],
       [80.],
       [80.],
       [80.],
       [80.],
       [80.],
       [80.],
       [80.],
       [80.],
       [80.],
       [80.],
       [80.],
       [80.],
       [80.],
       [80.],
       [80.],
       [80.],
       [80.],
       [80.],
       [80.],
       [80.],
       [80.],
       [80.],
       [80.],
       [80.],
       [80.],
       [80.],
       [80.],
       [80.],
       [80.]]), 'dt': 0.01, 'N': 400, 'l': 1e-05}","{'Q': 0.0, 'gbar': 3.1578947368421053, 'T': 10000, 'supervisor': array([[-1.89214982e-17],
       [ 4.44288287e-04],
       [ 8.88576529e-04],
       ...,
       [-1.33286468e-03],
       [-8.88576529e-04],
       [-4.44288287e-04]]), 'BIAS': array([[80.],
       [80.],
       [80.],
       [80.],
       [80.],
       [80.],
       [80.],
       [80.],
       [80.],
       [80.],
       [80.],
       [80.],
       [80.],
       [80.],
       [80.],
       [80.],
       [80.],
       [80.],
       [80.],
       [80.],
       [80.],
       [80.],
       [80.],
       [80.],
       [80.],
       [80.],
       [80.],
       [80.],
       [80.],
       [80.],
       [80.],
       [80.],
       [80.],
       [80.],
       [80.],
       [80.],
       [80.],
       [80.],
       [80.],
       [80.],
       [80.],
       [80.],
       [80.],
       [80.],
       [80.],
       [80.],
       [80.],
       [80.],
       [80.],
       [80.],
       [80.],
       [80.],
       [80.],
       [80.],
       [80.],
       [80.],
       [80.],
       [80.],
       [80.],
       [80.],
       [80.],
       [80.],
       [80.],
       [80.],
       [80.],
       [80.],
       [80.],
       [80.],
       [80.],
       [80.],
       [80.],
       [80.],
       [80.],
       [80.],
       [80.],
       [80.],
       [80.],
       [80.],
       [80.],
       [80.],
       [80.],
       [80.],
       [80.],
       [80.],
       [80.],
       [80.],
       [80.],
       [80.],
       [80.],
       [80.],
       [80.],
       [80.],
       [80.],
       [80.],
       [80.],
       [80.],
       [80.],
       [80.],
       [80.],
       [80.],
       [80.],
       [80.],
       [80.],
       [80.],
       [80.],
       [80.],
       [80.],
       [80.],
       [80.],
       [80.],
       [80.],
       [80.],
       [80.],
       [80.],
       [80.],
       [80.],
       [80.],
       [80.],
       [80.],
       [80.],
       [80.],
       [80.],
       [80.],
       [80.],
       [80.],
       [80.],
       [80.],
       [80.],
       [80.],
       [80.],
       [80.],
       [80.],
       [80.],
       [80.],
       [80.],
       [80.],
       [80.],
       [80.],
       [80.],
       [80.],
       [80.],
       [80.],
       [80.],
       [80.],
       [80.],
       [80.],
       [80.],
       [80.],
       [80.],
       [80.],
       [80.],
       [80.],
       [80.],
       [80.],
       [80.],
       [80.],
       [80.],
       [80.],
       [80.],
       [80.],
       [80.],
       [80.],
       [80.],
       [80.],
       [80.],
       [80.],
       [80.],
       [80.],
       [80.],
       [80.],
       [80.],
       [80.],
       [80.],
       [80.],
       [80.],
       [80.],
       [80.],
       [80.],
       [80.],
       [80.],
       [80.],
       [80.],
       [80.],
       [80.],
       [80.],
       [80.],
       [80.],
       [80.],
       [80.],
       [80.],
       [80.],
       [80.],
       [80.],
       [80.],
       [80.],
       [80.],
       [80.],
       [80.],
       [80.],
       [80.],
       [80.],
       [80.],
       [80.],
       [80.],
       [80.],
       [80.],
       [80.],
       [80.],
       [80.],
       [80.],
       [80.],
       [80.],
       [80.],
       [80.],
       [80.],
       [80.],
       [80.],
       [80.],
       [80.],
       [80.],
       [80.],
       [80.],
       [80.],
       [80.],
       [80.],
       [80.],
       [80.],
       [80.],
       [80.],
       [80.],
       [80.],
       [80.],
       [80.],
       [80.],
       [80.],
       [80.],
       [80.],
       [80.],
       [80.],
       [80.],
       [80.],
       [80.],
       [80.],
       [80.],
       [80.],
       [80.],
       [80.],
       [80.],
       [80.],
       [80.],
       [80.],
       [80.],
       [80.],
       [80.],
       [80.],
       [80.],
       [80.],
       [80.],
       [80.],
       [80.],
       [80.],
       [80.],
       [80.],
       [80.],
       [80.],
       [80.],
       [80.],
       [80.],
       [80.],
       [80.],
       [80.],
       [80.],
       [80.],
       [80.],
       [80.],
       [80.],
       [80.],
       [80.],
       [80.],
       [80.],
       [80.],
       [80.],
       [80.],
       [80.],
       [80.],
       [80.],
       [80.],
       [80.],
       [80.],
       [80.],
       [80.],
       [80.],
       [80.],
       [80.],
       [80.],
       [80.],
       [80.],
       [80.],
       [80.],
       [80.],
       [80.],
       [80.],
       [80.],
       [80.],
       [80.],
       [80.],
       [80.],
       [80.],
       [80.],
       [80.],
       [80.],
       [80.],
       [80.],
       [80.],
       [80.],
       [80.],
       [80.],
       [80.],
       [80.],
       [80.],
       [80.],
       [80.],
       [80.],
       [80.],
       [80.],
       [80.],
       [80.],
       [80.],
       [80.],
       [80.],
       [80.],
       [80.],
       [80.],
       [80.],
       [80.],
       [80.],
       [80.],
       [80.],
       [80.],
       [80.],
       [80.],
       [80.],
       [80.],
       [80.],
       [80.],
       [80.],
       [80.],
       [80.],
       [80.],
       [80.],
       [80.],
       [80.],
       [80.],
       [80.],
       [80.],
       [80.],
       [80.],
       [80.],
       [80.],
       [80.],
       [80.],
       [80.],
       [80.],
       [80.],
       [80.],
       [80.],
       [80.],
       [80.],
       [80.],
       [80.],
       [80.],
       [80.],
       [80.],
       [80.],
       [80.],
       [80.],
       [80.],
       [80.],
       [80.],
       [80.],
       [80.],
       [80.],
       [80.],
       [80.],
       [80.],
       [80.],
       [80.],
       [80.],
       [80.],
       [80.],
       [80.],
       [80.],
       [80.],
       [80.],
       [80.],
       [80.],
       [80.],
       [80.],
       [80.],
       [80.]]), 'dt': 0.01, 'N': 400, 'l': 1e-05}","{'Q': 0.0, 'gbar': 4.2105263157894735, 'T': 10000, 'supervisor': array([[-1.89214982e-17],
       [ 4.44288287e-04],
       [ 8.88576529e-04],
       ...,
       [-1.33286468e-03],
       [-8.88576529e-04],
       [-4.44288287e-04]]), 'BIAS': array([[80.],
       [80.],
       [80.],
       [80.],
       [80.],
       [80.],
       [80.],
       [80.],
       [80.],
       [80.],
       [80.],
       [80.],
       [80.],
       [80.],
       [80.],
       [80.],
       [80.],
       [80.],
       [80.],
       [80.],
       [80.],
       [80.],
       [80.],
       [80.],
       [80.],
       [80.],
       [80.],
       [80.],
       [80.],
       [80.],
       [80.],
       [80.],
       [80.],
       [80.],
       [80.],
       [80.],
       [80.],
       [80.],
       [80.],
       [80.],
       [80.],
       [80.],
       [80.],
       [80.],
       [80.],
       [80.],
       [80.],
       [80.],
       [80.],
       [80.],
       [80.],
       [80.],
       [80.],
       [80.],
       [80.],
       [80.],
       [80.],
       [80.],
       [80.],
       [80.],
       [80.],
       [80.],
       [80.],
       [80.],
       [80.],
       [80.],
       [80.],
       [80.],
       [80.],
       [80.],
       [80.],
       [80.],
       [80.],
       [80.],
       [80.],
       [80.],
       [80.],
       [80.],
       [80.],
       [80.],
       [80.],
       [80.],
       [80.],
       [80.],
       [80.],
       [80.],
       [80.],
       [80.],
       [80.],
       [80.],
       [80.],
       [80.],
       [80.],
       [80.],
       [80.],
       [80.],
       [80.],
       [80.],
       [80.],
       [80.],
       [80.],
       [80.],
       [80.],
       [80.],
       [80.],
       [80.],
       [80.],
       [80.],
       [80.],
       [80.],
       [80.],
       [80.],
       [80.],
       [80.],
       [80.],
       [80.],
       [80.],
       [80.],
       [80.],
       [80.],
       [80.],
       [80.],
       [80.],
       [80.],
       [80.],
       [80.],
       [80.],
       [80.],
       [80.],
       [80.],
       [80.],
       [80.],
       [80.],
       [80.],
       [80.],
       [80.],
       [80.],
       [80.],
       [80.],
       [80.],
       [80.],
       [80.],
       [80.],
       [80.],
       [80.],
       [80.],
       [80.],
       [80.],
       [80.],
       [80.],
       [80.],
       [80.],
       [80.],
       [80.],
       [80.],
       [80.],
       [80.],
       [80.],
       [80.],
       [80.],
       [80.],
       [80.],
       [80.],
       [80.],
       [80.],
       [80.],
       [80.],
       [80.],
       [80.],
       [80.],
       [80.],
       [80.],
       [80.],
       [80.],
       [80.],
       [80.],
       [80.],
       [80.],
       [80.],
       [80.],
       [80.],
       [80.],
       [80.],
       [80.],
       [80.],
       [80.],
       [80.],
       [80.],
       [80.],
       [80.],
       [80.],
       [80.],
       [80.],
       [80.],
       [80.],
       [80.],
       [80.],
       [80.],
       [80.],
       [80.],
       [80.],
       [80.],
       [80.],
       [80.],
       [80.],
       [80.],
       [80.],
       [80.],
       [80.],
       [80.],
       [80.],
       [80.],
       [80.],
       [80.],
       [80.],
       [80.],
       [80.],
       [80.],
       [80.],
       [80.],
       [80.],
       [80.],
       [80.],
       [80.],
       [80.],
       [80.],
       [80.],
       [80.],
       [80.],
       [80.],
       [80.],
       [80.],
       [80.],
       [80.],
       [80.],
       [80.],
       [80.],
       [80.],
       [80.],
       [80.],
       [80.],
       [80.],
       [80.],
       [80.],
       [80.],
       [80.],
       [80.],
       [80.],
       [80.],
       [80.],
       [80.],
       [80.],
       [80.],
       [80.],
       [80.],
       [80.],
       [80.],
       [80.],
       [80.],
       [80.],
       [80.],
       [80.],
       [80.],
       [80.],
       [80.],
       [80.],
       [80.],
       [80.],
       [80.],
       [80.],
       [80.],
       [80.],
       [80.],
       [80.],
       [80.],
       [80.],
       [80.],
       [80.],
       [80.],
       [80.],
       [80.],
       [80.],
       [80.],
       [80.],
       [80.],
       [80.],
       [80.],
       [80.],
       [80.],
       [80.],
       [80.],
       [80.],
       [80.],
       [80.],
       [80.],
       [80.],
       [80.],
       [80.],
       [80.],
       [80.],
       [80.],
       [80.],
       [80.],
       [80.],
       [80.],
       [80.],
       [80.],
       [80.],
       [80.],
       [80.],
       [80.],
       [80.],
       [80.],
       [80.],
       [80.],
       [80.],
       [80.],
       [80.],
       [80.],
       [80.],
       [80.],
       [80.],
       [80.],
       [80.],
       [80.],
       [80.],
       [80.],
       [80.],
       [80.],
       [80.],
       [80.],
       [80.],
       [80.],
       [80.],
       [80.],
       [80.],
       [80.],
       [80.],
       [80.],
       [80.],
       [80.],
       [80.],
       [80.],
       [80.],
       [80.],
       [80.],
       [80.],
       [80.],
       [80.],
       [80.],
       [80.],
       [80.],
       [80.],
       [80.],
       [80.],
       [80.],
       [80.],
       [80.],
       [80.],
       [80.],
       [80.],
       [80.],
       [80.],
       [80.],
       [80.],
       [80.],
       [80.],
       [80.],
       [80.],
       [80.],
       [80.],
       [80.],
       [80.],
       [80.],
       [80.],
       [80.],
       [80.],
       [80.],
       [80.],
       [80.],
       [80.],
       [80.],
       [80.],
       [80.],
       [80.],
       [80.],
       [80.],
       [80.],
       [80.],
       [80.],
       [80.],
       [80.],
       [80.],
       [80.],
       [80.],
       [80.],
       [80.],
       [80.],
       [80.],
       [80.]]), 'dt': 0.01, 'N': 400, 'l': 1e-05}","{'Q': 0.0, 'gbar': 5.263157894736842, 'T': 10000, 'supervisor': array([[-1.89214982e-17],
       [ 4.44288287e-04],
       [ 8.88576529e-04],
       ...,
       [-1.33286468e-03],
       [-8.88576529e-04],
       [-4.44288287e-04]]), 'BIAS': array([[80.],
       [80.],
       [80.],
       [80.],
       [80.],
       [80.],
       [80.],
       [80.],
       [80.],
       [80.],
       [80.],
       [80.],
       [80.],
       [80.],
       [80.],
       [80.],
       [80.],
       [80.],
       [80.],
       [80.],
       [80.],
       [80.],
       [80.],
       [80.],
       [80.],
       [80.],
       [80.],
       [80.],
       [80.],
       [80.],
       [80.],
       [80.],
       [80.],
       [80.],
       [80.],
       [80.],
       [80.],
       [80.],
       [80.],
       [80.],
       [80.],
       [80.],
       [80.],
       [80.],
       [80.],
       [80.],
       [80.],
       [80.],
       [80.],
       [80.],
       [80.],
       [80.],
       [80.],
       [80.],
       [80.],
       [80.],
       [80.],
       [80.],
       [80.],
       [80.],
       [80.],
       [80.],
       [80.],
       [80.],
       [80.],
       [80.],
       [80.],
       [80.],
       [80.],
       [80.],
       [80.],
       [80.],
       [80.],
       [80.],
       [80.],
       [80.],
       [80.],
       [80.],
       [80.],
       [80.],
       [80.],
       [80.],
       [80.],
       [80.],
       [80.],
       [80.],
       [80.],
       [80.],
       [80.],
       [80.],
       [80.],
       [80.],
       [80.],
       [80.],
       [80.],
       [80.],
       [80.],
       [80.],
       [80.],
       [80.],
       [80.],
       [80.],
       [80.],
       [80.],
       [80.],
       [80.],
       [80.],
       [80.],
       [80.],
       [80.],
       [80.],
       [80.],
       [80.],
       [80.],
       [80.],
       [80.],
       [80.],
       [80.],
       [80.],
       [80.],
       [80.],
       [80.],
       [80.],
       [80.],
       [80.],
       [80.],
       [80.],
       [80.],
       [80.],
       [80.],
       [80.],
       [80.],
       [80.],
       [80.],
       [80.],
       [80.],
       [80.],
       [80.],
       [80.],
       [80.],
       [80.],
       [80.],
       [80.],
       [80.],
       [80.],
       [80.],
       [80.],
       [80.],
       [80.],
       [80.],
       [80.],
       [80.],
       [80.],
       [80.],
       [80.],
       [80.],
       [80.],
       [80.],
       [80.],
       [80.],
       [80.],
       [80.],
       [80.],
       [80.],
       [80.],
       [80.],
       [80.],
       [80.],
       [80.],
       [80.],
       [80.],
       [80.],
       [80.],
       [80.],
       [80.],
       [80.],
       [80.],
       [80.],
       [80.],
       [80.],
       [80.],
       [80.],
       [80.],
       [80.],
       [80.],
       [80.],
       [80.],
       [80.],
       [80.],
       [80.],
       [80.],
       [80.],
       [80.],
       [80.],
       [80.],
       [80.],
       [80.],
       [80.],
       [80.],
       [80.],
       [80.],
       [80.],
       [80.],
       [80.],
       [80.],
       [80.],
       [80.],
       [80.],
       [80.],
       [80.],
       [80.],
       [80.],
       [80.],
       [80.],
       [80.],
       [80.],
       [80.],
       [80.],
       [80.],
       [80.],
       [80.],
       [80.],
       [80.],
       [80.],
       [80.],
       [80.],
       [80.],
       [80.],
       [80.],
       [80.],
       [80.],
       [80.],
       [80.],
       [80.],
       [80.],
       [80.],
       [80.],
       [80.],
       [80.],
       [80.],
       [80.],
       [80.],
       [80.],
       [80.],
       [80.],
       [80.],
       [80.],
       [80.],
       [80.],
       [80.],
       [80.],
       [80.],
       [80.],
       [80.],
       [80.],
       [80.],
       [80.],
       [80.],
       [80.],
       [80.],
       [80.],
       [80.],
       [80.],
       [80.],
       [80.],
       [80.],
       [80.],
       [80.],
       [80.],
       [80.],
       [80.],
       [80.],
       [80.],
       [80.],
       [80.],
       [80.],
       [80.],
       [80.],
       [80.],
       [80.],
       [80.],
       [80.],
       [80.],
       [80.],
       [80.],
       [80.],
       [80.],
       [80.],
       [80.],
       [80.],
       [80.],
       [80.],
       [80.],
       [80.],
       [80.],
       [80.],
       [80.],
       [80.],
       [80.],
       [80.],
       [80.],
       [80.],
       [80.],
       [80.],
       [80.],
       [80.],
       [80.],
       [80.],
       [80.],
       [80.],
       [80.],
       [80.],
       [80.],
       [80.],
       [80.],
       [80.],
       [80.],
       [80.],
       [80.],
       [80.],
       [80.],
       [80.],
       [80.],
       [80.],
       [80.],
       [80.],
       [80.],
       [80.],
       [80.],
       [80.],
       [80.],
       [80.],
       [80.],
       [80.],
       [80.],
       [80.],
       [80.],
       [80.],
       [80.],
       [80.],
       [80.],
       [80.],
       [80.],
       [80.],
       [80.],
       [80.],
       [80.],
       [80.],
       [80.],
       [80.],
       [80.],
       [80.],
       [80.],
       [80.],
       [80.],
       [80.],
       [80.],
       [80.],
       [80.],
       [80.],
       [80.],
       [80.],
       [80.],
       [80.],
       [80.],
       [80.],
       [80.],
       [80.],
       [80.],
       [80.],
       [80.],
       [80.],
       [80.],
       [80.],
       [80.],
       [80.],
       [80.],
       [80.],
       [80.],
       [80.],
       [80.],
       [80.],
       [80.],
       [80.],
       [80.],
       [80.],
       [80.],
       [80.],
       [80.],
       [80.],
       [80.],
       [80.],
       [80.],
       [80.],
       [80.],
       [80.],
       [80.],
       [80.],
       [80.],
       [80.]]), 'dt': 0.01, 'N': 400, 'l': 1e-05}","{'Q': 0.0, 'gbar': 6.315789473684211, 'T': 10000, 'supervisor': array([[-1.89214982e-17],
       [ 4.44288287e-04],
       [ 8.88576529e-04],
       ...,
       [-1.33286468e-03],
       [-8.88576529e-04],
       [-4.44288287e-04]]), 'BIAS': array([[80.],
       [80.],
       [80.],
       [80.],
       [80.],
       [80.],
       [80.],
       [80.],
       [80.],
       [80.],
       [80.],
       [80.],
       [80.],
       [80.],
       [80.],
       [80.],
       [80.],
       [80.],
       [80.],
       [80.],
       [80.],
       [80.],
       [80.],
       [80.],
       [80.],
       [80.],
       [80.],
       [80.],
       [80.],
       [80.],
       [80.],
       [80.],
       [80.],
       [80.],
       [80.],
       [80.],
       [80.],
       [80.],
       [80.],
       [80.],
       [80.],
       [80.],
       [80.],
       [80.],
       [80.],
       [80.],
       [80.],
       [80.],
       [80.],
       [80.],
       [80.],
       [80.],
       [80.],
       [80.],
       [80.],
       [80.],
       [80.],
       [80.],
       [80.],
       [80.],
       [80.],
       [80.],
       [80.],
       [80.],
       [80.],
       [80.],
       [80.],
       [80.],
       [80.],
       [80.],
       [80.],
       [80.],
       [80.],
       [80.],
       [80.],
       [80.],
       [80.],
       [80.],
       [80.],
       [80.],
       [80.],
       [80.],
       [80.],
       [80.],
       [80.],
       [80.],
       [80.],
       [80.],
       [80.],
       [80.],
       [80.],
       [80.],
       [80.],
       [80.],
       [80.],
       [80.],
       [80.],
       [80.],
       [80.],
       [80.],
       [80.],
       [80.],
       [80.],
       [80.],
       [80.],
       [80.],
       [80.],
       [80.],
       [80.],
       [80.],
       [80.],
       [80.],
       [80.],
       [80.],
       [80.],
       [80.],
       [80.],
       [80.],
       [80.],
       [80.],
       [80.],
       [80.],
       [80.],
       [80.],
       [80.],
       [80.],
       [80.],
       [80.],
       [80.],
       [80.],
       [80.],
       [80.],
       [80.],
       [80.],
       [80.],
       [80.],
       [80.],
       [80.],
       [80.],
       [80.],
       [80.],
       [80.],
       [80.],
       [80.],
       [80.],
       [80.],
       [80.],
       [80.],
       [80.],
       [80.],
       [80.],
       [80.],
       [80.],
       [80.],
       [80.],
       [80.],
       [80.],
       [80.],
       [80.],
       [80.],
       [80.],
       [80.],
       [80.],
       [80.],
       [80.],
       [80.],
       [80.],
       [80.],
       [80.],
       [80.],
       [80.],
       [80.],
       [80.],
       [80.],
       [80.],
       [80.],
       [80.],
       [80.],
       [80.],
       [80.],
       [80.],
       [80.],
       [80.],
       [80.],
       [80.],
       [80.],
       [80.],
       [80.],
       [80.],
       [80.],
       [80.],
       [80.],
       [80.],
       [80.],
       [80.],
       [80.],
       [80.],
       [80.],
       [80.],
       [80.],
       [80.],
       [80.],
       [80.],
       [80.],
       [80.],
       [80.],
       [80.],
       [80.],
       [80.],
       [80.],
       [80.],
       [80.],
       [80.],
       [80.],
       [80.],
       [80.],
       [80.],
       [80.],
       [80.],
       [80.],
       [80.],
       [80.],
       [80.],
       [80.],
       [80.],
       [80.],
       [80.],
       [80.],
       [80.],
       [80.],
       [80.],
       [80.],
       [80.],
       [80.],
       [80.],
       [80.],
       [80.],
       [80.],
       [80.],
       [80.],
       [80.],
       [80.],
       [80.],
       [80.],
       [80.],
       [80.],
       [80.],
       [80.],
       [80.],
       [80.],
       [80.],
       [80.],
       [80.],
       [80.],
       [80.],
       [80.],
       [80.],
       [80.],
       [80.],
       [80.],
       [80.],
       [80.],
       [80.],
       [80.],
       [80.],
       [80.],
       [80.],
       [80.],
       [80.],
       [80.],
       [80.],
       [80.],
       [80.],
       [80.],
       [80.],
       [80.],
       [80.],
       [80.],
       [80.],
       [80.],
       [80.],
       [80.],
       [80.],
       [80.],
       [80.],
       [80.],
       [80.],
       [80.],
       [80.],
       [80.],
       [80.],
       [80.],
       [80.],
       [80.],
       [80.],
       [80.],
       [80.],
       [80.],
       [80.],
       [80.],
       [80.],
       [80.],
       [80.],
       [80.],
       [80.],
       [80.],
       [80.],
       [80.],
       [80.],
       [80.],
       [80.],
       [80.],
       [80.],
       [80.],
       [80.],
       [80.],
       [80.],
       [80.],
       [80.],
       [80.],
       [80.],
       [80.],
       [80.],
       [80.],
       [80.],
       [80.],
       [80.],
       [80.],
       [80.],
       [80.],
       [80.],
       [80.],
       [80.],
       [80.],
       [80.],
       [80.],
       [80.],
       [80.],
       [80.],
       [80.],
       [80.],
       [80.],
       [80.],
       [80.],
       [80.],
       [80.],
       [80.],
       [80.],
       [80.],
       [80.],
       [80.],
       [80.],
       [80.],
       [80.],
       [80.],
       [80.],
       [80.],
       [80.],
       [80.],
       [80.],
       [80.],
       [80.],
       [80.],
       [80.],
       [80.],
       [80.],
       [80.],
       [80.],
       [80.],
       [80.],
       [80.],
       [80.],
       [80.],
       [80.],
       [80.],
       [80.],
       [80.],
       [80.],
       [80.],
       [80.],
       [80.],
       [80.],
       [80.],
       [80.],
       [80.],
       [80.],
       [80.],
       [80.],
       [80.],
       [80.],
       [80.],
       [80.],
       [80.],
       [80.],
       [80.],
       [80.],
       [80.],
       [80.],
       [80.],
       [80.]]), 'dt': 0.01, 'N': 400, 'l': 1e-05}","{'Q': 0.0, 'gbar': 7.368421052631579, 'T': 10000, 'supervisor': array([[-1.89214982e-17],
       [ 4.44288287e-04],
       [ 8.88576529e-04],
       ...,
       [-1.33286468e-03],
       [-8.88576529e-04],
       [-4.44288287e-04]]), 'BIAS': array([[80.],
       [80.],
       [80.],
       [80.],
       [80.],
       [80.],
       [80.],
       [80.],
       [80.],
       [80.],
       [80.],
       [80.],
       [80.],
       [80.],
       [80.],
       [80.],
       [80.],
       [80.],
       [80.],
       [80.],
       [80.],
       [80.],
       [80.],
       [80.],
       [80.],
       [80.],
       [80.],
       [80.],
       [80.],
       [80.],
       [80.],
       [80.],
       [80.],
       [80.],
       [80.],
       [80.],
       [80.],
       [80.],
       [80.],
       [80.],
       [80.],
       [80.],
       [80.],
       [80.],
       [80.],
       [80.],
       [80.],
       [80.],
       [80.],
       [80.],
       [80.],
       [80.],
       [80.],
       [80.],
       [80.],
       [80.],
       [80.],
       [80.],
       [80.],
       [80.],
       [80.],
       [80.],
       [80.],
       [80.],
       [80.],
       [80.],
       [80.],
       [80.],
       [80.],
       [80.],
       [80.],
       [80.],
       [80.],
       [80.],
       [80.],
       [80.],
       [80.],
       [80.],
       [80.],
       [80.],
       [80.],
       [80.],
       [80.],
       [80.],
       [80.],
       [80.],
       [80.],
       [80.],
       [80.],
       [80.],
       [80.],
       [80.],
       [80.],
       [80.],
       [80.],
       [80.],
       [80.],
       [80.],
       [80.],
       [80.],
       [80.],
       [80.],
       [80.],
       [80.],
       [80.],
       [80.],
       [80.],
       [80.],
       [80.],
       [80.],
       [80.],
       [80.],
       [80.],
       [80.],
       [80.],
       [80.],
       [80.],
       [80.],
       [80.],
       [80.],
       [80.],
       [80.],
       [80.],
       [80.],
       [80.],
       [80.],
       [80.],
       [80.],
       [80.],
       [80.],
       [80.],
       [80.],
       [80.],
       [80.],
       [80.],
       [80.],
       [80.],
       [80.],
       [80.],
       [80.],
       [80.],
       [80.],
       [80.],
       [80.],
       [80.],
       [80.],
       [80.],
       [80.],
       [80.],
       [80.],
       [80.],
       [80.],
       [80.],
       [80.],
       [80.],
       [80.],
       [80.],
       [80.],
       [80.],
       [80.],
       [80.],
       [80.],
       [80.],
       [80.],
       [80.],
       [80.],
       [80.],
       [80.],
       [80.],
       [80.],
       [80.],
       [80.],
       [80.],
       [80.],
       [80.],
       [80.],
       [80.],
       [80.],
       [80.],
       [80.],
       [80.],
       [80.],
       [80.],
       [80.],
       [80.],
       [80.],
       [80.],
       [80.],
       [80.],
       [80.],
       [80.],
       [80.],
       [80.],
       [80.],
       [80.],
       [80.],
       [80.],
       [80.],
       [80.],
       [80.],
       [80.],
       [80.],
       [80.],
       [80.],
       [80.],
       [80.],
       [80.],
       [80.],
       [80.],
       [80.],
       [80.],
       [80.],
       [80.],
       [80.],
       [80.],
       [80.],
       [80.],
       [80.],
       [80.],
       [80.],
       [80.],
       [80.],
       [80.],
       [80.],
       [80.],
       [80.],
       [80.],
       [80.],
       [80.],
       [80.],
       [80.],
       [80.],
       [80.],
       [80.],
       [80.],
       [80.],
       [80.],
       [80.],
       [80.],
       [80.],
       [80.],
       [80.],
       [80.],
       [80.],
       [80.],
       [80.],
       [80.],
       [80.],
       [80.],
       [80.],
       [80.],
       [80.],
       [80.],
       [80.],
       [80.],
       [80.],
       [80.],
       [80.],
       [80.],
       [80.],
       [80.],
       [80.],
       [80.],
       [80.],
       [80.],
       [80.],
       [80.],
       [80.],
       [80.],
       [80.],
       [80.],
       [80.],
       [80.],
       [80.],
       [80.],
       [80.],
       [80.],
       [80.],
       [80.],
       [80.],
       [80.],
       [80.],
       [80.],
       [80.],
       [80.],
       [80.],
       [80.],
       [80.],
       [80.],
       [80.],
       [80.],
       [80.],
       [80.],
       [80.],
       [80.],
       [80.],
       [80.],
       [80.],
       [80.],
       [80.],
       [80.],
       [80.],
       [80.],
       [80.],
       [80.],
       [80.],
       [80.],
       [80.],
       [80.],
       [80.],
       [80.],
       [80.],
       [80.],
       [80.],
       [80.],
       [80.],
       [80.],
       [80.],
       [80.],
       [80.],
       [80.],
       [80.],
       [80.],
       [80.],
       [80.],
       [80.],
       [80.],
       [80.],
       [80.],
       [80.],
       [80.],
       [80.],
       [80.],
       [80.],
       [80.],
       [80.],
       [80.],
       [80.],
       [80.],
       [80.],
       [80.],
       [80.],
       [80.],
       [80.],
       [80.],
       [80.],
       [80.],
       [80.],
       [80.],
       [80.],
       [80.],
       [80.],
       [80.],
       [80.],
       [80.],
       [80.],
       [80.],
       [80.],
       [80.],
       [80.],
       [80.],
       [80.],
       [80.],
       [80.],
       [80.],
       [80.],
       [80.],
       [80.],
       [80.],
       [80.],
       [80.],
       [80.],
       [80.],
       [80.],
       [80.],
       [80.],
       [80.],
       [80.],
       [80.],
       [80.],
       [80.],
       [80.],
       [80.],
       [80.],
       [80.],
       [80.],
       [80.],
       [80.],
       [80.],
       [80.],
       [80.],
       [80.],
       [80.],
       [80.],
       [80.],
       [80.],
       [80.],
       [80.],
       [80.],
       [80.]]), 'dt': 0.01, 'N': 400, 'l': 1e-05}","{'Q': 0.0, 'gbar': 8.421052631578947, 'T': 10000, 'supervisor': array([[-1.89214982e-17],
       [ 4.44288287e-04],
       [ 8.88576529e-04],
       ...,
       [-1.33286468e-03],
       [-8.88576529e-04],
       [-4.44288287e-04]]), 'BIAS': array([[80.],
       [80.],
       [80.],
       [80.],
       [80.],
       [80.],
       [80.],
       [80.],
       [80.],
       [80.],
       [80.],
       [80.],
       [80.],
       [80.],
       [80.],
       [80.],
       [80.],
       [80.],
       [80.],
       [80.],
       [80.],
       [80.],
       [80.],
       [80.],
       [80.],
       [80.],
       [80.],
       [80.],
       [80.],
       [80.],
       [80.],
       [80.],
       [80.],
       [80.],
       [80.],
       [80.],
       [80.],
       [80.],
       [80.],
       [80.],
       [80.],
       [80.],
       [80.],
       [80.],
       [80.],
       [80.],
       [80.],
       [80.],
       [80.],
       [80.],
       [80.],
       [80.],
       [80.],
       [80.],
       [80.],
       [80.],
       [80.],
       [80.],
       [80.],
       [80.],
       [80.],
       [80.],
       [80.],
       [80.],
       [80.],
       [80.],
       [80.],
       [80.],
       [80.],
       [80.],
       [80.],
       [80.],
       [80.],
       [80.],
       [80.],
       [80.],
       [80.],
       [80.],
       [80.],
       [80.],
       [80.],
       [80.],
       [80.],
       [80.],
       [80.],
       [80.],
       [80.],
       [80.],
       [80.],
       [80.],
       [80.],
       [80.],
       [80.],
       [80.],
       [80.],
       [80.],
       [80.],
       [80.],
       [80.],
       [80.],
       [80.],
       [80.],
       [80.],
       [80.],
       [80.],
       [80.],
       [80.],
       [80.],
       [80.],
       [80.],
       [80.],
       [80.],
       [80.],
       [80.],
       [80.],
       [80.],
       [80.],
       [80.],
       [80.],
       [80.],
       [80.],
       [80.],
       [80.],
       [80.],
       [80.],
       [80.],
       [80.],
       [80.],
       [80.],
       [80.],
       [80.],
       [80.],
       [80.],
       [80.],
       [80.],
       [80.],
       [80.],
       [80.],
       [80.],
       [80.],
       [80.],
       [80.],
       [80.],
       [80.],
       [80.],
       [80.],
       [80.],
       [80.],
       [80.],
       [80.],
       [80.],
       [80.],
       [80.],
       [80.],
       [80.],
       [80.],
       [80.],
       [80.],
       [80.],
       [80.],
       [80.],
       [80.],
       [80.],
       [80.],
       [80.],
       [80.],
       [80.],
       [80.],
       [80.],
       [80.],
       [80.],
       [80.],
       [80.],
       [80.],
       [80.],
       [80.],
       [80.],
       [80.],
       [80.],
       [80.],
       [80.],
       [80.],
       [80.],
       [80.],
       [80.],
       [80.],
       [80.],
       [80.],
       [80.],
       [80.],
       [80.],
       [80.],
       [80.],
       [80.],
       [80.],
       [80.],
       [80.],
       [80.],
       [80.],
       [80.],
       [80.],
       [80.],
       [80.],
       [80.],
       [80.],
       [80.],
       [80.],
       [80.],
       [80.],
       [80.],
       [80.],
       [80.],
       [80.],
       [80.],
       [80.],
       [80.],
       [80.],
       [80.],
       [80.],
       [80.],
       [80.],
       [80.],
       [80.],
       [80.],
       [80.],
       [80.],
       [80.],
       [80.],
       [80.],
       [80.],
       [80.],
       [80.],
       [80.],
       [80.],
       [80.],
       [80.],
       [80.],
       [80.],
       [80.],
       [80.],
       [80.],
       [80.],
       [80.],
       [80.],
       [80.],
       [80.],
       [80.],
       [80.],
       [80.],
       [80.],
       [80.],
       [80.],
       [80.],
       [80.],
       [80.],
       [80.],
       [80.],
       [80.],
       [80.],
       [80.],
       [80.],
       [80.],
       [80.],
       [80.],
       [80.],
       [80.],
       [80.],
       [80.],
       [80.],
       [80.],
       [80.],
       [80.],
       [80.],
       [80.],
       [80.],
       [80.],
       [80.],
       [80.],
       [80.],
       [80.],
       [80.],
       [80.],
       [80.],
       [80.],
       [80.],
       [80.],
       [80.],
       [80.],
       [80.],
       [80.],
       [80.],
       [80.],
       [80.],
       [80.],
       [80.],
       [80.],
       [80.],
       [80.],
       [80.],
       [80.],
       [80.],
       [80.],
       [80.],
       [80.],
       [80.],
       [80.],
       [80.],
       [80.],
       [80.],
       [80.],
       [80.],
       [80.],
       [80.],
       [80.],
       [80.],
       [80.],
       [80.],
       [80.],
       [80.],
       [80.],
       [80.],
       [80.],
       [80.],
       [80.],
       [80.],
       [80.],
       [80.],
       [80.],
       [80.],
       [80.],
       [80.],
       [80.],
       [80.],
       [80.],
       [80.],
       [80.],
       [80.],
       [80.],
       [80.],
       [80.],
       [80.],
       [80.],
       [80.],
       [80.],
       [80.],
       [80.],
       [80.],
       [80.],
       [80.],
       [80.],
       [80.],
       [80.],
       [80.],
       [80.],
       [80.],
       [80.],
       [80.],
       [80.],
       [80.],
       [80.],
       [80.],
       [80.],
       [80.],
       [80.],
       [80.],
       [80.],
       [80.],
       [80.],
       [80.],
       [80.],
       [80.],
       [80.],
       [80.],
       [80.],
       [80.],
       [80.],
       [80.],
       [80.],
       [80.],
       [80.],
       [80.],
       [80.],
       [80.],
       [80.],
       [80.],
       [80.],
       [80.],
       [80.],
       [80.],
       [80.],
       [80.],
       [80.],
       [80.],
       [80.],
       [80.],
       [80.],
       [80.],
       [80.],
       [80.],
       [80.]]), 'dt': 0.01, 'N': 400, 'l': 1e-05}","{'Q': 0.0, 'gbar': 9.473684210526315, 'T': 10000, 'supervisor': array([[-1.89214982e-17],
       [ 4.44288287e-04],
       [ 8.88576529e-04],
       ...,
       [-1.33286468e-03],
       [-8.88576529e-04],
       [-4.44288287e-04]]), 'BIAS': array([[80.],
       [80.],
       [80.],
       [80.],
       [80.],
       [80.],
       [80.],
       [80.],
       [80.],
       [80.],
       [80.],
       [80.],
       [80.],
       [80.],
       [80.],
       [80.],
       [80.],
       [80.],
       [80.],
       [80.],
       [80.],
       [80.],
       [80.],
       [80.],
       [80.],
       [80.],
       [80.],
       [80.],
       [80.],
       [80.],
       [80.],
       [80.],
       [80.],
       [80.],
       [80.],
       [80.],
       [80.],
       [80.],
       [80.],
       [80.],
       [80.],
       [80.],
       [80.],
       [80.],
       [80.],
       [80.],
       [80.],
       [80.],
       [80.],
       [80.],
       [80.],
       [80.],
       [80.],
       [80.],
       [80.],
       [80.],
       [80.],
       [80.],
       [80.],
       [80.],
       [80.],
       [80.],
       [80.],
       [80.],
       [80.],
       [80.],
       [80.],
       [80.],
       [80.],
       [80.],
       [80.],
       [80.],
       [80.],
       [80.],
       [80.],
       [80.],
       [80.],
       [80.],
       [80.],
       [80.],
       [80.],
       [80.],
       [80.],
       [80.],
       [80.],
       [80.],
       [80.],
       [80.],
       [80.],
       [80.],
       [80.],
       [80.],
       [80.],
       [80.],
       [80.],
       [80.],
       [80.],
       [80.],
       [80.],
       [80.],
       [80.],
       [80.],
       [80.],
       [80.],
       [80.],
       [80.],
       [80.],
       [80.],
       [80.],
       [80.],
       [80.],
       [80.],
       [80.],
       [80.],
       [80.],
       [80.],
       [80.],
       [80.],
       [80.],
       [80.],
       [80.],
       [80.],
       [80.],
       [80.],
       [80.],
       [80.],
       [80.],
       [80.],
       [80.],
       [80.],
       [80.],
       [80.],
       [80.],
       [80.],
       [80.],
       [80.],
       [80.],
       [80.],
       [80.],
       [80.],
       [80.],
       [80.],
       [80.],
       [80.],
       [80.],
       [80.],
       [80.],
       [80.],
       [80.],
       [80.],
       [80.],
       [80.],
       [80.],
       [80.],
       [80.],
       [80.],
       [80.],
       [80.],
       [80.],
       [80.],
       [80.],
       [80.],
       [80.],
       [80.],
       [80.],
       [80.],
       [80.],
       [80.],
       [80.],
       [80.],
       [80.],
       [80.],
       [80.],
       [80.],
       [80.],
       [80.],
       [80.],
       [80.],
       [80.],
       [80.],
       [80.],
       [80.],
       [80.],
       [80.],
       [80.],
       [80.],
       [80.],
       [80.],
       [80.],
       [80.],
       [80.],
       [80.],
       [80.],
       [80.],
       [80.],
       [80.],
       [80.],
       [80.],
       [80.],
       [80.],
       [80.],
       [80.],
       [80.],
       [80.],
       [80.],
       [80.],
       [80.],
       [80.],
       [80.],
       [80.],
       [80.],
       [80.],
       [80.],
       [80.],
       [80.],
       [80.],
       [80.],
       [80.],
       [80.],
       [80.],
       [80.],
       [80.],
       [80.],
       [80.],
       [80.],
       [80.],
       [80.],
       [80.],
       [80.],
       [80.],
       [80.],
       [80.],
       [80.],
       [80.],
       [80.],
       [80.],
       [80.],
       [80.],
       [80.],
       [80.],
       [80.],
       [80.],
       [80.],
       [80.],
       [80.],
       [80.],
       [80.],
       [80.],
       [80.],
       [80.],
       [80.],
       [80.],
       [80.],
       [80.],
       [80.],
       [80.],
       [80.],
       [80.],
       [80.],
       [80.],
       [80.],
       [80.],
       [80.],
       [80.],
       [80.],
       [80.],
       [80.],
       [80.],
       [80.],
       [80.],
       [80.],
       [80.],
       [80.],
       [80.],
       [80.],
       [80.],
       [80.],
       [80.],
       [80.],
       [80.],
       [80.],
       [80.],
       [80.],
       [80.],
       [80.],
       [80.],
       [80.],
       [80.],
       [80.],
       [80.],
       [80.],
       [80.],
       [80.],
       [80.],
       [80.],
       [80.],
       [80.],
       [80.],
       [80.],
       [80.],
       [80.],
       [80.],
       [80.],
       [80.],
       [80.],
       [80.],
       [80.],
       [80.],
       [80.],
       [80.],
       [80.],
       [80.],
       [80.],
       [80.],
       [80.],
       [80.],
       [80.],
       [80.],
       [80.],
       [80.],
       [80.],
       [80.],
       [80.],
       [80.],
       [80.],
       [80.],
       [80.],
       [80.],
       [80.],
       [80.],
       [80.],
       [80.],
       [80.],
       [80.],
       [80.],
       [80.],
       [80.],
       [80.],
       [80.],
       [80.],
       [80.],
       [80.],
       [80.],
       [80.],
       [80.],
       [80.],
       [80.],
       [80.],
       [80.],
       [80.],
       [80.],
       [80.],
       [80.],
       [80.],
       [80.],
       [80.],
       [80.],
       [80.],
       [80.],
       [80.],
       [80.],
       [80.],
       [80.],
       [80.],
       [80.],
       [80.],
       [80.],
       [80.],
       [80.],
       [80.],
       [80.],
       [80.],
       [80.],
       [80.],
       [80.],
       [80.],
       [80.],
       [80.],
       [80.],
       [80.],
       [80.],
       [80.],
       [80.],
       [80.],
       [80.],
       [80.],
       [80.],
       [80.],
       [80.],
       [80.],
       [80.],
       [80.],
       [80.],
       [80.],
       [80.],
       [80.],
       [80.],
       [80.],
       [80.],
       [80.]]), 'dt': 0.01, 'N': 400, 'l': 1e-05}","{'Q': 0.0, 'gbar': 10.526315789473683, 'T': 10000, 'supervisor': array([[-1.89214982e-17],
       [ 4.44288287e-04],
       [ 8.88576529e-04],
       ...,
       [-1.33286468e-03],
       [-8.88576529e-04],
       [-4.44288287e-04]]), 'BIAS': array([[80.],
       [80.],
       [80.],
       [80.],
       [80.],
       [80.],
       [80.],
       [80.],
       [80.],
       [80.],
       [80.],
       [80.],
       [80.],
       [80.],
       [80.],
       [80.],
       [80.],
       [80.],
       [80.],
       [80.],
       [80.],
       [80.],
       [80.],
       [80.],
       [80.],
       [80.],
       [80.],
       [80.],
       [80.],
       [80.],
       [80.],
       [80.],
       [80.],
       [80.],
       [80.],
       [80.],
       [80.],
       [80.],
       [80.],
       [80.],
       [80.],
       [80.],
       [80.],
       [80.],
       [80.],
       [80.],
       [80.],
       [80.],
       [80.],
       [80.],
       [80.],
       [80.],
       [80.],
       [80.],
       [80.],
       [80.],
       [80.],
       [80.],
       [80.],
       [80.],
       [80.],
       [80.],
       [80.],
       [80.],
       [80.],
       [80.],
       [80.],
       [80.],
       [80.],
       [80.],
       [80.],
       [80.],
       [80.],
       [80.],
       [80.],
       [80.],
       [80.],
       [80.],
       [80.],
       [80.],
       [80.],
       [80.],
       [80.],
       [80.],
       [80.],
       [80.],
       [80.],
       [80.],
       [80.],
       [80.],
       [80.],
       [80.],
       [80.],
       [80.],
       [80.],
       [80.],
       [80.],
       [80.],
       [80.],
       [80.],
       [80.],
       [80.],
       [80.],
       [80.],
       [80.],
       [80.],
       [80.],
       [80.],
       [80.],
       [80.],
       [80.],
       [80.],
       [80.],
       [80.],
       [80.],
       [80.],
       [80.],
       [80.],
       [80.],
       [80.],
       [80.],
       [80.],
       [80.],
       [80.],
       [80.],
       [80.],
       [80.],
       [80.],
       [80.],
       [80.],
       [80.],
       [80.],
       [80.],
       [80.],
       [80.],
       [80.],
       [80.],
       [80.],
       [80.],
       [80.],
       [80.],
       [80.],
       [80.],
       [80.],
       [80.],
       [80.],
       [80.],
       [80.],
       [80.],
       [80.],
       [80.],
       [80.],
       [80.],
       [80.],
       [80.],
       [80.],
       [80.],
       [80.],
       [80.],
       [80.],
       [80.],
       [80.],
       [80.],
       [80.],
       [80.],
       [80.],
       [80.],
       [80.],
       [80.],
       [80.],
       [80.],
       [80.],
       [80.],
       [80.],
       [80.],
       [80.],
       [80.],
       [80.],
       [80.],
       [80.],
       [80.],
       [80.],
       [80.],
       [80.],
       [80.],
       [80.],
       [80.],
       [80.],
       [80.],
       [80.],
       [80.],
       [80.],
       [80.],
       [80.],
       [80.],
       [80.],
       [80.],
       [80.],
       [80.],
       [80.],
       [80.],
       [80.],
       [80.],
       [80.],
       [80.],
       [80.],
       [80.],
       [80.],
       [80.],
       [80.],
       [80.],
       [80.],
       [80.],
       [80.],
       [80.],
       [80.],
       [80.],
       [80.],
       [80.],
       [80.],
       [80.],
       [80.],
       [80.],
       [80.],
       [80.],
       [80.],
       [80.],
       [80.],
       [80.],
       [80.],
       [80.],
       [80.],
       [80.],
       [80.],
       [80.],
       [80.],
       [80.],
       [80.],
       [80.],
       [80.],
       [80.],
       [80.],
       [80.],
       [80.],
       [80.],
       [80.],
       [80.],
       [80.],
       [80.],
       [80.],
       [80.],
       [80.],
       [80.],
       [80.],
       [80.],
       [80.],
       [80.],
       [80.],
       [80.],
       [80.],
       [80.],
       [80.],
       [80.],
       [80.],
       [80.],
       [80.],
       [80.],
       [80.],
       [80.],
       [80.],
       [80.],
       [80.],
       [80.],
       [80.],
       [80.],
       [80.],
       [80.],
       [80.],
       [80.],
       [80.],
       [80.],
       [80.],
       [80.],
       [80.],
       [80.],
       [80.],
       [80.],
       [80.],
       [80.],
       [80.],
       [80.],
       [80.],
       [80.],
       [80.],
       [80.],
       [80.],
       [80.],
       [80.],
       [80.],
       [80.],
       [80.],
       [80.],
       [80.],
       [80.],
       [80.],
       [80.],
       [80.],
       [80.],
       [80.],
       [80.],
       [80.],
       [80.],
       [80.],
       [80.],
       [80.],
       [80.],
       [80.],
       [80.],
       [80.],
       [80.],
       [80.],
       [80.],
       [80.],
       [80.],
       [80.],
       [80.],
       [80.],
       [80.],
       [80.],
       [80.],
       [80.],
       [80.],
       [80.],
       [80.],
       [80.],
       [80.],
       [80.],
       [80.],
       [80.],
       [80.],
       [80.],
       [80.],
       [80.],
       [80.],
       [80.],
       [80.],
       [80.],
       [80.],
       [80.],
       [80.],
       [80.],
       [80.],
       [80.],
       [80.],
       [80.],
       [80.],
       [80.],
       [80.],
       [80.],
       [80.],
       [80.],
       [80.],
       [80.],
       [80.],
       [80.],
       [80.],
       [80.],
       [80.],
       [80.],
       [80.],
       [80.],
       [80.],
       [80.],
       [80.],
       [80.],
       [80.],
       [80.],
       [80.],
       [80.],
       [80.],
       [80.],
       [80.],
       [80.],
       [80.],
       [80.],
       [80.],
       [80.],
       [80.],
       [80.],
       [80.],
       [80.],
       [80.],
       [80.],
       [80.],
       [80.],
       [80.],
       [80.],
       [80.],
       [80.],
       [80.]]), 'dt': 0.01, 'N': 400, 'l': 1e-05}","{'Q': 0.0, 'gbar': 11.578947368421051, 'T': 10000, 'supervisor': array([[-1.89214982e-17],
       [ 4.44288287e-04],
       [ 8.88576529e-04],
       ...,
       [-1.33286468e-03],
       [-8.88576529e-04],
       [-4.44288287e-04]]), 'BIAS': array([[80.],
       [80.],
       [80.],
       [80.],
       [80.],
       [80.],
       [80.],
       [80.],
       [80.],
       [80.],
       [80.],
       [80.],
       [80.],
       [80.],
       [80.],
       [80.],
       [80.],
       [80.],
       [80.],
       [80.],
       [80.],
       [80.],
       [80.],
       [80.],
       [80.],
       [80.],
       [80.],
       [80.],
       [80.],
       [80.],
       [80.],
       [80.],
       [80.],
       [80.],
       [80.],
       [80.],
       [80.],
       [80.],
       [80.],
       [80.],
       [80.],
       [80.],
       [80.],
       [80.],
       [80.],
       [80.],
       [80.],
       [80.],
       [80.],
       [80.],
       [80.],
       [80.],
       [80.],
       [80.],
       [80.],
       [80.],
       [80.],
       [80.],
       [80.],
       [80.],
       [80.],
       [80.],
       [80.],
       [80.],
       [80.],
       [80.],
       [80.],
       [80.],
       [80.],
       [80.],
       [80.],
       [80.],
       [80.],
       [80.],
       [80.],
       [80.],
       [80.],
       [80.],
       [80.],
       [80.],
       [80.],
       [80.],
       [80.],
       [80.],
       [80.],
       [80.],
       [80.],
       [80.],
       [80.],
       [80.],
       [80.],
       [80.],
       [80.],
       [80.],
       [80.],
       [80.],
       [80.],
       [80.],
       [80.],
       [80.],
       [80.],
       [80.],
       [80.],
       [80.],
       [80.],
       [80.],
       [80.],
       [80.],
       [80.],
       [80.],
       [80.],
       [80.],
       [80.],
       [80.],
       [80.],
       [80.],
       [80.],
       [80.],
       [80.],
       [80.],
       [80.],
       [80.],
       [80.],
       [80.],
       [80.],
       [80.],
       [80.],
       [80.],
       [80.],
       [80.],
       [80.],
       [80.],
       [80.],
       [80.],
       [80.],
       [80.],
       [80.],
       [80.],
       [80.],
       [80.],
       [80.],
       [80.],
       [80.],
       [80.],
       [80.],
       [80.],
       [80.],
       [80.],
       [80.],
       [80.],
       [80.],
       [80.],
       [80.],
       [80.],
       [80.],
       [80.],
       [80.],
       [80.],
       [80.],
       [80.],
       [80.],
       [80.],
       [80.],
       [80.],
       [80.],
       [80.],
       [80.],
       [80.],
       [80.],
       [80.],
       [80.],
       [80.],
       [80.],
       [80.],
       [80.],
       [80.],
       [80.],
       [80.],
       [80.],
       [80.],
       [80.],
       [80.],
       [80.],
       [80.],
       [80.],
       [80.],
       [80.],
       [80.],
       [80.],
       [80.],
       [80.],
       [80.],
       [80.],
       [80.],
       [80.],
       [80.],
       [80.],
       [80.],
       [80.],
       [80.],
       [80.],
       [80.],
       [80.],
       [80.],
       [80.],
       [80.],
       [80.],
       [80.],
       [80.],
       [80.],
       [80.],
       [80.],
       [80.],
       [80.],
       [80.],
       [80.],
       [80.],
       [80.],
       [80.],
       [80.],
       [80.],
       [80.],
       [80.],
       [80.],
       [80.],
       [80.],
       [80.],
       [80.],
       [80.],
       [80.],
       [80.],
       [80.],
       [80.],
       [80.],
       [80.],
       [80.],
       [80.],
       [80.],
       [80.],
       [80.],
       [80.],
       [80.],
       [80.],
       [80.],
       [80.],
       [80.],
       [80.],
       [80.],
       [80.],
       [80.],
       [80.],
       [80.],
       [80.],
       [80.],
       [80.],
       [80.],
       [80.],
       [80.],
       [80.],
       [80.],
       [80.],
       [80.],
       [80.],
       [80.],
       [80.],
       [80.],
       [80.],
       [80.],
       [80.],
       [80.],
       [80.],
       [80.],
       [80.],
       [80.],
       [80.],
       [80.],
       [80.],
       [80.],
       [80.],
       [80.],
       [80.],
       [80.],
       [80.],
       [80.],
       [80.],
       [80.],
       [80.],
       [80.],
       [80.],
       [80.],
       [80.],
       [80.],
       [80.],
       [80.],
       [80.],
       [80.],
       [80.],
       [80.],
       [80.],
       [80.],
       [80.],
       [80.],
       [80.],
       [80.],
       [80.],
       [80.],
       [80.],
       [80.],
       [80.],
       [80.],
       [80.],
       [80.],
       [80.],
       [80.],
       [80.],
       [80.],
       [80.],
       [80.],
       [80.],
       [80.],
       [80.],
       [80.],
       [80.],
       [80.],
       [80.],
       [80.],
       [80.],
       [80.],
       [80.],
       [80.],
       [80.],
       [80.],
       [80.],
       [80.],
       [80.],
       [80.],
       [80.],
       [80.],
       [80.],
       [80.],
       [80.],
       [80.],
       [80.],
       [80.],
       [80.],
       [80.],
       [80.],
       [80.],
       [80.],
       [80.],
       [80.],
       [80.],
       [80.],
       [80.],
       [80.],
       [80.],
       [80.],
       [80.],
       [80.],
       [80.],
       [80.],
       [80.],
       [80.],
       [80.],
       [80.],
       [80.],
       [80.],
       [80.],
       [80.],
       [80.],
       [80.],
       [80.],
       [80.],
       [80.],
       [80.],
       [80.],
       [80.],
       [80.],
       [80.],
       [80.],
       [80.],
       [80.],
       [80.],
       [80.],
       [80.],
       [80.],
       [80.],
       [80.],
       [80.],
       [80.],
       [80.],
       [80.],
       [80.],
       [80.],
       [80.],
       [80.],
       [80.],
       [80.],
       [80.],
       [80.]]), 'dt': 0.01, 'N': 400, 'l': 1e-05}","{'Q': 0.0, 'gbar': 12.631578947368421, 'T': 10000, 'supervisor': array([[-1.89214982e-17],
       [ 4.44288287e-04],
       [ 8.88576529e-04],
       ...,
       [-1.33286468e-03],
       [-8.88576529e-04],
       [-4.44288287e-04]]), 'BIAS': array([[80.],
       [80.],
       [80.],
       [80.],
       [80.],
       [80.],
       [80.],
       [80.],
       [80.],
       [80.],
       [80.],
       [80.],
       [80.],
       [80.],
       [80.],
       [80.],
       [80.],
       [80.],
       [80.],
       [80.],
       [80.],
       [80.],
       [80.],
       [80.],
       [80.],
       [80.],
       [80.],
       [80.],
       [80.],
       [80.],
       [80.],
       [80.],
       [80.],
       [80.],
       [80.],
       [80.],
       [80.],
       [80.],
       [80.],
       [80.],
       [80.],
       [80.],
       [80.],
       [80.],
       [80.],
       [80.],
       [80.],
       [80.],
       [80.],
       [80.],
       [80.],
       [80.],
       [80.],
       [80.],
       [80.],
       [80.],
       [80.],
       [80.],
       [80.],
       [80.],
       [80.],
       [80.],
       [80.],
       [80.],
       [80.],
       [80.],
       [80.],
       [80.],
       [80.],
       [80.],
       [80.],
       [80.],
       [80.],
       [80.],
       [80.],
       [80.],
       [80.],
       [80.],
       [80.],
       [80.],
       [80.],
       [80.],
       [80.],
       [80.],
       [80.],
       [80.],
       [80.],
       [80.],
       [80.],
       [80.],
       [80.],
       [80.],
       [80.],
       [80.],
       [80.],
       [80.],
       [80.],
       [80.],
       [80.],
       [80.],
       [80.],
       [80.],
       [80.],
       [80.],
       [80.],
       [80.],
       [80.],
       [80.],
       [80.],
       [80.],
       [80.],
       [80.],
       [80.],
       [80.],
       [80.],
       [80.],
       [80.],
       [80.],
       [80.],
       [80.],
       [80.],
       [80.],
       [80.],
       [80.],
       [80.],
       [80.],
       [80.],
       [80.],
       [80.],
       [80.],
       [80.],
       [80.],
       [80.],
       [80.],
       [80.],
       [80.],
       [80.],
       [80.],
       [80.],
       [80.],
       [80.],
       [80.],
       [80.],
       [80.],
       [80.],
       [80.],
       [80.],
       [80.],
       [80.],
       [80.],
       [80.],
       [80.],
       [80.],
       [80.],
       [80.],
       [80.],
       [80.],
       [80.],
       [80.],
       [80.],
       [80.],
       [80.],
       [80.],
       [80.],
       [80.],
       [80.],
       [80.],
       [80.],
       [80.],
       [80.],
       [80.],
       [80.],
       [80.],
       [80.],
       [80.],
       [80.],
       [80.],
       [80.],
       [80.],
       [80.],
       [80.],
       [80.],
       [80.],
       [80.],
       [80.],
       [80.],
       [80.],
       [80.],
       [80.],
       [80.],
       [80.],
       [80.],
       [80.],
       [80.],
       [80.],
       [80.],
       [80.],
       [80.],
       [80.],
       [80.],
       [80.],
       [80.],
       [80.],
       [80.],
       [80.],
       [80.],
       [80.],
       [80.],
       [80.],
       [80.],
       [80.],
       [80.],
       [80.],
       [80.],
       [80.],
       [80.],
       [80.],
       [80.],
       [80.],
       [80.],
       [80.],
       [80.],
       [80.],
       [80.],
       [80.],
       [80.],
       [80.],
       [80.],
       [80.],
       [80.],
       [80.],
       [80.],
       [80.],
       [80.],
       [80.],
       [80.],
       [80.],
       [80.],
       [80.],
       [80.],
       [80.],
       [80.],
       [80.],
       [80.],
       [80.],
       [80.],
       [80.],
       [80.],
       [80.],
       [80.],
       [80.],
       [80.],
       [80.],
       [80.],
       [80.],
       [80.],
       [80.],
       [80.],
       [80.],
       [80.],
       [80.],
       [80.],
       [80.],
       [80.],
       [80.],
       [80.],
       [80.],
       [80.],
       [80.],
       [80.],
       [80.],
       [80.],
       [80.],
       [80.],
       [80.],
       [80.],
       [80.],
       [80.],
       [80.],
       [80.],
       [80.],
       [80.],
       [80.],
       [80.],
       [80.],
       [80.],
       [80.],
       [80.],
       [80.],
       [80.],
       [80.],
       [80.],
       [80.],
       [80.],
       [80.],
       [80.],
       [80.],
       [80.],
       [80.],
       [80.],
       [80.],
       [80.],
       [80.],
       [80.],
       [80.],
       [80.],
       [80.],
       [80.],
       [80.],
       [80.],
       [80.],
       [80.],
       [80.],
       [80.],
       [80.],
       [80.],
       [80.],
       [80.],
       [80.],
       [80.],
       [80.],
       [80.],
       [80.],
       [80.],
       [80.],
       [80.],
       [80.],
       [80.],
       [80.],
       [80.],
       [80.],
       [80.],
       [80.],
       [80.],
       [80.],
       [80.],
       [80.],
       [80.],
       [80.],
       [80.],
       [80.],
       [80.],
       [80.],
       [80.],
       [80.],
       [80.],
       [80.],
       [80.],
       [80.],
       [80.],
       [80.],
       [80.],
       [80.],
       [80.],
       [80.],
       [80.],
       [80.],
       [80.],
       [80.],
       [80.],
       [80.],
       [80.],
       [80.],
       [80.],
       [80.],
       [80.],
       [80.],
       [80.],
       [80.],
       [80.],
       [80.],
       [80.],
       [80.],
       [80.],
       [80.],
       [80.],
       [80.],
       [80.],
       [80.],
       [80.],
       [80.],
       [80.],
       [80.],
       [80.],
       [80.],
       [80.],
       [80.],
       [80.],
       [80.],
       [80.],
       [80.],
       [80.],
       [80.],
       [80.],
       [80.],
       [80.],
       [80.],
       [80.],
       [80.],
       [80.]]), 'dt': 0.01, 'N': 400, 'l': 1e-05}","{'Q': 0.0, 'gbar': 13.68421052631579, 'T': 10000, 'supervisor': array([[-1.89214982e-17],
       [ 4.44288287e-04],
       [ 8.88576529e-04],
       ...,
       [-1.33286468e-03],
       [-8.88576529e-04],
       [-4.44288287e-04]]), 'BIAS': array([[80.],
       [80.],
       [80.],
       [80.],
       [80.],
       [80.],
       [80.],
       [80.],
       [80.],
       [80.],
       [80.],
       [80.],
       [80.],
       [80.],
       [80.],
       [80.],
       [80.],
       [80.],
       [80.],
       [80.],
       [80.],
       [80.],
       [80.],
       [80.],
       [80.],
       [80.],
       [80.],
       [80.],
       [80.],
       [80.],
       [80.],
       [80.],
       [80.],
       [80.],
       [80.],
       [80.],
       [80.],
       [80.],
       [80.],
       [80.],
       [80.],
       [80.],
       [80.],
       [80.],
       [80.],
       [80.],
       [80.],
       [80.],
       [80.],
       [80.],
       [80.],
       [80.],
       [80.],
       [80.],
       [80.],
       [80.],
       [80.],
       [80.],
       [80.],
       [80.],
       [80.],
       [80.],
       [80.],
       [80.],
       [80.],
       [80.],
       [80.],
       [80.],
       [80.],
       [80.],
       [80.],
       [80.],
       [80.],
       [80.],
       [80.],
       [80.],
       [80.],
       [80.],
       [80.],
       [80.],
       [80.],
       [80.],
       [80.],
       [80.],
       [80.],
       [80.],
       [80.],
       [80.],
       [80.],
       [80.],
       [80.],
       [80.],
       [80.],
       [80.],
       [80.],
       [80.],
       [80.],
       [80.],
       [80.],
       [80.],
       [80.],
       [80.],
       [80.],
       [80.],
       [80.],
       [80.],
       [80.],
       [80.],
       [80.],
       [80.],
       [80.],
       [80.],
       [80.],
       [80.],
       [80.],
       [80.],
       [80.],
       [80.],
       [80.],
       [80.],
       [80.],
       [80.],
       [80.],
       [80.],
       [80.],
       [80.],
       [80.],
       [80.],
       [80.],
       [80.],
       [80.],
       [80.],
       [80.],
       [80.],
       [80.],
       [80.],
       [80.],
       [80.],
       [80.],
       [80.],
       [80.],
       [80.],
       [80.],
       [80.],
       [80.],
       [80.],
       [80.],
       [80.],
       [80.],
       [80.],
       [80.],
       [80.],
       [80.],
       [80.],
       [80.],
       [80.],
       [80.],
       [80.],
       [80.],
       [80.],
       [80.],
       [80.],
       [80.],
       [80.],
       [80.],
       [80.],
       [80.],
       [80.],
       [80.],
       [80.],
       [80.],
       [80.],
       [80.],
       [80.],
       [80.],
       [80.],
       [80.],
       [80.],
       [80.],
       [80.],
       [80.],
       [80.],
       [80.],
       [80.],
       [80.],
       [80.],
       [80.],
       [80.],
       [80.],
       [80.],
       [80.],
       [80.],
       [80.],
       [80.],
       [80.],
       [80.],
       [80.],
       [80.],
       [80.],
       [80.],
       [80.],
       [80.],
       [80.],
       [80.],
       [80.],
       [80.],
       [80.],
       [80.],
       [80.],
       [80.],
       [80.],
       [80.],
       [80.],
       [80.],
       [80.],
       [80.],
       [80.],
       [80.],
       [80.],
       [80.],
       [80.],
       [80.],
       [80.],
       [80.],
       [80.],
       [80.],
       [80.],
       [80.],
       [80.],
       [80.],
       [80.],
       [80.],
       [80.],
       [80.],
       [80.],
       [80.],
       [80.],
       [80.],
       [80.],
       [80.],
       [80.],
       [80.],
       [80.],
       [80.],
       [80.],
       [80.],
       [80.],
       [80.],
       [80.],
       [80.],
       [80.],
       [80.],
       [80.],
       [80.],
       [80.],
       [80.],
       [80.],
       [80.],
       [80.],
       [80.],
       [80.],
       [80.],
       [80.],
       [80.],
       [80.],
       [80.],
       [80.],
       [80.],
       [80.],
       [80.],
       [80.],
       [80.],
       [80.],
       [80.],
       [80.],
       [80.],
       [80.],
       [80.],
       [80.],
       [80.],
       [80.],
       [80.],
       [80.],
       [80.],
       [80.],
       [80.],
       [80.],
       [80.],
       [80.],
       [80.],
       [80.],
       [80.],
       [80.],
       [80.],
       [80.],
       [80.],
       [80.],
       [80.],
       [80.],
       [80.],
       [80.],
       [80.],
       [80.],
       [80.],
       [80.],
       [80.],
       [80.],
       [80.],
       [80.],
       [80.],
       [80.],
       [80.],
       [80.],
       [80.],
       [80.],
       [80.],
       [80.],
       [80.],
       [80.],
       [80.],
       [80.],
       [80.],
       [80.],
       [80.],
       [80.],
       [80.],
       [80.],
       [80.],
       [80.],
       [80.],
       [80.],
       [80.],
       [80.],
       [80.],
       [80.],
       [80.],
       [80.],
       [80.],
       [80.],
       [80.],
       [80.],
       [80.],
       [80.],
       [80.],
       [80.],
       [80.],
       [80.],
       [80.],
       [80.],
       [80.],
       [80.],
       [80.],
       [80.],
       [80.],
       [80.],
       [80.],
       [80.],
       [80.],
       [80.],
       [80.],
       [80.],
       [80.],
       [80.],
       [80.],
       [80.],
       [80.],
       [80.],
       [80.],
       [80.],
       [80.],
       [80.],
       [80.],
       [80.],
       [80.],
       [80.],
       [80.],
       [80.],
       [80.],
       [80.],
       [80.],
       [80.],
       [80.],
       [80.],
       [80.],
       [80.],
       [80.],
       [80.],
       [80.],
       [80.],
       [80.],
       [80.],
       [80.],
       [80.],
       [80.],
       [80.],
       [80.],
       [80.],
       [80.],
       [80.],
       [80.]]), 'dt': 0.01, 'N': 400, 'l': 1e-05}","{'Q': 0.0, 'gbar': 14.736842105263158, 'T': 10000, 'supervisor': array([[-1.89214982e-17],
       [ 4.44288287e-04],
       [ 8.88576529e-04],
       ...,
       [-1.33286468e-03],
       [-8.88576529e-04],
       [-4.44288287e-04]]), 'BIAS': array([[80.],
       [80.],
       [80.],
       [80.],
       [80.],
       [80.],
       [80.],
       [80.],
       [80.],
       [80.],
       [80.],
       [80.],
       [80.],
       [80.],
       [80.],
       [80.],
       [80.],
       [80.],
       [80.],
       [80.],
       [80.],
       [80.],
       [80.],
       [80.],
       [80.],
       [80.],
       [80.],
       [80.],
       [80.],
       [80.],
       [80.],
       [80.],
       [80.],
       [80.],
       [80.],
       [80.],
       [80.],
       [80.],
       [80.],
       [80.],
       [80.],
       [80.],
       [80.],
       [80.],
       [80.],
       [80.],
       [80.],
       [80.],
       [80.],
       [80.],
       [80.],
       [80.],
       [80.],
       [80.],
       [80.],
       [80.],
       [80.],
       [80.],
       [80.],
       [80.],
       [80.],
       [80.],
       [80.],
       [80.],
       [80.],
       [80.],
       [80.],
       [80.],
       [80.],
       [80.],
       [80.],
       [80.],
       [80.],
       [80.],
       [80.],
       [80.],
       [80.],
       [80.],
       [80.],
       [80.],
       [80.],
       [80.],
       [80.],
       [80.],
       [80.],
       [80.],
       [80.],
       [80.],
       [80.],
       [80.],
       [80.],
       [80.],
       [80.],
       [80.],
       [80.],
       [80.],
       [80.],
       [80.],
       [80.],
       [80.],
       [80.],
       [80.],
       [80.],
       [80.],
       [80.],
       [80.],
       [80.],
       [80.],
       [80.],
       [80.],
       [80.],
       [80.],
       [80.],
       [80.],
       [80.],
       [80.],
       [80.],
       [80.],
       [80.],
       [80.],
       [80.],
       [80.],
       [80.],
       [80.],
       [80.],
       [80.],
       [80.],
       [80.],
       [80.],
       [80.],
       [80.],
       [80.],
       [80.],
       [80.],
       [80.],
       [80.],
       [80.],
       [80.],
       [80.],
       [80.],
       [80.],
       [80.],
       [80.],
       [80.],
       [80.],
       [80.],
       [80.],
       [80.],
       [80.],
       [80.],
       [80.],
       [80.],
       [80.],
       [80.],
       [80.],
       [80.],
       [80.],
       [80.],
       [80.],
       [80.],
       [80.],
       [80.],
       [80.],
       [80.],
       [80.],
       [80.],
       [80.],
       [80.],
       [80.],
       [80.],
       [80.],
       [80.],
       [80.],
       [80.],
       [80.],
       [80.],
       [80.],
       [80.],
       [80.],
       [80.],
       [80.],
       [80.],
       [80.],
       [80.],
       [80.],
       [80.],
       [80.],
       [80.],
       [80.],
       [80.],
       [80.],
       [80.],
       [80.],
       [80.],
       [80.],
       [80.],
       [80.],
       [80.],
       [80.],
       [80.],
       [80.],
       [80.],
       [80.],
       [80.],
       [80.],
       [80.],
       [80.],
       [80.],
       [80.],
       [80.],
       [80.],
       [80.],
       [80.],
       [80.],
       [80.],
       [80.],
       [80.],
       [80.],
       [80.],
       [80.],
       [80.],
       [80.],
       [80.],
       [80.],
       [80.],
       [80.],
       [80.],
       [80.],
       [80.],
       [80.],
       [80.],
       [80.],
       [80.],
       [80.],
       [80.],
       [80.],
       [80.],
       [80.],
       [80.],
       [80.],
       [80.],
       [80.],
       [80.],
       [80.],
       [80.],
       [80.],
       [80.],
       [80.],
       [80.],
       [80.],
       [80.],
       [80.],
       [80.],
       [80.],
       [80.],
       [80.],
       [80.],
       [80.],
       [80.],
       [80.],
       [80.],
       [80.],
       [80.],
       [80.],
       [80.],
       [80.],
       [80.],
       [80.],
       [80.],
       [80.],
       [80.],
       [80.],
       [80.],
       [80.],
       [80.],
       [80.],
       [80.],
       [80.],
       [80.],
       [80.],
       [80.],
       [80.],
       [80.],
       [80.],
       [80.],
       [80.],
       [80.],
       [80.],
       [80.],
       [80.],
       [80.],
       [80.],
       [80.],
       [80.],
       [80.],
       [80.],
       [80.],
       [80.],
       [80.],
       [80.],
       [80.],
       [80.],
       [80.],
       [80.],
       [80.],
       [80.],
       [80.],
       [80.],
       [80.],
       [80.],
       [80.],
       [80.],
       [80.],
       [80.],
       [80.],
       [80.],
       [80.],
       [80.],
       [80.],
       [80.],
       [80.],
       [80.],
       [80.],
       [80.],
       [80.],
       [80.],
       [80.],
       [80.],
       [80.],
       [80.],
       [80.],
       [80.],
       [80.],
       [80.],
       [80.],
       [80.],
       [80.],
       [80.],
       [80.],
       [80.],
       [80.],
       [80.],
       [80.],
       [80.],
       [80.],
       [80.],
       [80.],
       [80.],
       [80.],
       [80.],
       [80.],
       [80.],
       [80.],
       [80.],
       [80.],
       [80.],
       [80.],
       [80.],
       [80.],
       [80.],
       [80.],
       [80.],
       [80.],
       [80.],
       [80.],
       [80.],
       [80.],
       [80.],
       [80.],
       [80.],
       [80.],
       [80.],
       [80.],
       [80.],
       [80.],
       [80.],
       [80.],
       [80.],
       [80.],
       [80.],
       [80.],
       [80.],
       [80.],
       [80.],
       [80.],
       [80.],
       [80.],
       [80.],
       [80.],
       [80.],
       [80.],
       [80.],
       [80.],
       [80.],
       [80.],
       [80.],
       [80.],
       [80.],
       [80.],
       [80.]]), 'dt': 0.01, 'N': 400, 'l': 1e-05}","{'Q': 0.0, 'gbar': 15.789473684210526, 'T': 10000, 'supervisor': array([[-1.89214982e-17],
       [ 4.44288287e-04],
       [ 8.88576529e-04],
       ...,
       [-1.33286468e-03],
       [-8.88576529e-04],
       [-4.44288287e-04]]), 'BIAS': array([[80.],
       [80.],
       [80.],
       [80.],
       [80.],
       [80.],
       [80.],
       [80.],
       [80.],
       [80.],
       [80.],
       [80.],
       [80.],
       [80.],
       [80.],
       [80.],
       [80.],
       [80.],
       [80.],
       [80.],
       [80.],
       [80.],
       [80.],
       [80.],
       [80.],
       [80.],
       [80.],
       [80.],
       [80.],
       [80.],
       [80.],
       [80.],
       [80.],
       [80.],
       [80.],
       [80.],
       [80.],
       [80.],
       [80.],
       [80.],
       [80.],
       [80.],
       [80.],
       [80.],
       [80.],
       [80.],
       [80.],
       [80.],
       [80.],
       [80.],
       [80.],
       [80.],
       [80.],
       [80.],
       [80.],
       [80.],
       [80.],
       [80.],
       [80.],
       [80.],
       [80.],
       [80.],
       [80.],
       [80.],
       [80.],
       [80.],
       [80.],
       [80.],
       [80.],
       [80.],
       [80.],
       [80.],
       [80.],
       [80.],
       [80.],
       [80.],
       [80.],
       [80.],
       [80.],
       [80.],
       [80.],
       [80.],
       [80.],
       [80.],
       [80.],
       [80.],
       [80.],
       [80.],
       [80.],
       [80.],
       [80.],
       [80.],
       [80.],
       [80.],
       [80.],
       [80.],
       [80.],
       [80.],
       [80.],
       [80.],
       [80.],
       [80.],
       [80.],
       [80.],
       [80.],
       [80.],
       [80.],
       [80.],
       [80.],
       [80.],
       [80.],
       [80.],
       [80.],
       [80.],
       [80.],
       [80.],
       [80.],
       [80.],
       [80.],
       [80.],
       [80.],
       [80.],
       [80.],
       [80.],
       [80.],
       [80.],
       [80.],
       [80.],
       [80.],
       [80.],
       [80.],
       [80.],
       [80.],
       [80.],
       [80.],
       [80.],
       [80.],
       [80.],
       [80.],
       [80.],
       [80.],
       [80.],
       [80.],
       [80.],
       [80.],
       [80.],
       [80.],
       [80.],
       [80.],
       [80.],
       [80.],
       [80.],
       [80.],
       [80.],
       [80.],
       [80.],
       [80.],
       [80.],
       [80.],
       [80.],
       [80.],
       [80.],
       [80.],
       [80.],
       [80.],
       [80.],
       [80.],
       [80.],
       [80.],
       [80.],
       [80.],
       [80.],
       [80.],
       [80.],
       [80.],
       [80.],
       [80.],
       [80.],
       [80.],
       [80.],
       [80.],
       [80.],
       [80.],
       [80.],
       [80.],
       [80.],
       [80.],
       [80.],
       [80.],
       [80.],
       [80.],
       [80.],
       [80.],
       [80.],
       [80.],
       [80.],
       [80.],
       [80.],
       [80.],
       [80.],
       [80.],
       [80.],
       [80.],
       [80.],
       [80.],
       [80.],
       [80.],
       [80.],
       [80.],
       [80.],
       [80.],
       [80.],
       [80.],
       [80.],
       [80.],
       [80.],
       [80.],
       [80.],
       [80.],
       [80.],
       [80.],
       [80.],
       [80.],
       [80.],
       [80.],
       [80.],
       [80.],
       [80.],
       [80.],
       [80.],
       [80.],
       [80.],
       [80.],
       [80.],
       [80.],
       [80.],
       [80.],
       [80.],
       [80.],
       [80.],
       [80.],
       [80.],
       [80.],
       [80.],
       [80.],
       [80.],
       [80.],
       [80.],
       [80.],
       [80.],
       [80.],
       [80.],
       [80.],
       [80.],
       [80.],
       [80.],
       [80.],
       [80.],
       [80.],
       [80.],
       [80.],
       [80.],
       [80.],
       [80.],
       [80.],
       [80.],
       [80.],
       [80.],
       [80.],
       [80.],
       [80.],
       [80.],
       [80.],
       [80.],
       [80.],
       [80.],
       [80.],
       [80.],
       [80.],
       [80.],
       [80.],
       [80.],
       [80.],
       [80.],
       [80.],
       [80.],
       [80.],
       [80.],
       [80.],
       [80.],
       [80.],
       [80.],
       [80.],
       [80.],
       [80.],
       [80.],
       [80.],
       [80.],
       [80.],
       [80.],
       [80.],
       [80.],
       [80.],
       [80.],
       [80.],
       [80.],
       [80.],
       [80.],
       [80.],
       [80.],
       [80.],
       [80.],
       [80.],
       [80.],
       [80.],
       [80.],
       [80.],
       [80.],
       [80.],
       [80.],
       [80.],
       [80.],
       [80.],
       [80.],
       [80.],
       [80.],
       [80.],
       [80.],
       [80.],
       [80.],
       [80.],
       [80.],
       [80.],
       [80.],
       [80.],
       [80.],
       [80.],
       [80.],
       [80.],
       [80.],
       [80.],
       [80.],
       [80.],
       [80.],
       [80.],
       [80.],
       [80.],
       [80.],
       [80.],
       [80.],
       [80.],
       [80.],
       [80.],
       [80.],
       [80.],
       [80.],
       [80.],
       [80.],
       [80.],
       [80.],
       [80.],
       [80.],
       [80.],
       [80.],
       [80.],
       [80.],
       [80.],
       [80.],
       [80.],
       [80.],
       [80.],
       [80.],
       [80.],
       [80.],
       [80.],
       [80.],
       [80.],
       [80.],
       [80.],
       [80.],
       [80.],
       [80.],
       [80.],
       [80.],
       [80.],
       [80.],
       [80.],
       [80.],
       [80.],
       [80.],
       [80.],
       [80.],
       [80.],
       [80.],
       [80.],
       [80.],
       [80.],
       [80.],
       [80.],
       [80.]]), 'dt': 0.01, 'N': 400, 'l': 1e-05}","{'Q': 0.0, 'gbar': 16.842105263157894, 'T': 10000, 'supervisor': array([[-1.89214982e-17],
       [ 4.44288287e-04],
       [ 8.88576529e-04],
       ...,
       [-1.33286468e-03],
       [-8.88576529e-04],
       [-4.44288287e-04]]), 'BIAS': array([[80.],
       [80.],
       [80.],
       [80.],
       [80.],
       [80.],
       [80.],
       [80.],
       [80.],
       [80.],
       [80.],
       [80.],
       [80.],
       [80.],
       [80.],
       [80.],
       [80.],
       [80.],
       [80.],
       [80.],
       [80.],
       [80.],
       [80.],
       [80.],
       [80.],
       [80.],
       [80.],
       [80.],
       [80.],
       [80.],
       [80.],
       [80.],
       [80.],
       [80.],
       [80.],
       [80.],
       [80.],
       [80.],
       [80.],
       [80.],
       [80.],
       [80.],
       [80.],
       [80.],
       [80.],
       [80.],
       [80.],
       [80.],
       [80.],
       [80.],
       [80.],
       [80.],
       [80.],
       [80.],
       [80.],
       [80.],
       [80.],
       [80.],
       [80.],
       [80.],
       [80.],
       [80.],
       [80.],
       [80.],
       [80.],
       [80.],
       [80.],
       [80.],
       [80.],
       [80.],
       [80.],
       [80.],
       [80.],
       [80.],
       [80.],
       [80.],
       [80.],
       [80.],
       [80.],
       [80.],
       [80.],
       [80.],
       [80.],
       [80.],
       [80.],
       [80.],
       [80.],
       [80.],
       [80.],
       [80.],
       [80.],
       [80.],
       [80.],
       [80.],
       [80.],
       [80.],
       [80.],
       [80.],
       [80.],
       [80.],
       [80.],
       [80.],
       [80.],
       [80.],
       [80.],
       [80.],
       [80.],
       [80.],
       [80.],
       [80.],
       [80.],
       [80.],
       [80.],
       [80.],
       [80.],
       [80.],
       [80.],
       [80.],
       [80.],
       [80.],
       [80.],
       [80.],
       [80.],
       [80.],
       [80.],
       [80.],
       [80.],
       [80.],
       [80.],
       [80.],
       [80.],
       [80.],
       [80.],
       [80.],
       [80.],
       [80.],
       [80.],
       [80.],
       [80.],
       [80.],
       [80.],
       [80.],
       [80.],
       [80.],
       [80.],
       [80.],
       [80.],
       [80.],
       [80.],
       [80.],
       [80.],
       [80.],
       [80.],
       [80.],
       [80.],
       [80.],
       [80.],
       [80.],
       [80.],
       [80.],
       [80.],
       [80.],
       [80.],
       [80.],
       [80.],
       [80.],
       [80.],
       [80.],
       [80.],
       [80.],
       [80.],
       [80.],
       [80.],
       [80.],
       [80.],
       [80.],
       [80.],
       [80.],
       [80.],
       [80.],
       [80.],
       [80.],
       [80.],
       [80.],
       [80.],
       [80.],
       [80.],
       [80.],
       [80.],
       [80.],
       [80.],
       [80.],
       [80.],
       [80.],
       [80.],
       [80.],
       [80.],
       [80.],
       [80.],
       [80.],
       [80.],
       [80.],
       [80.],
       [80.],
       [80.],
       [80.],
       [80.],
       [80.],
       [80.],
       [80.],
       [80.],
       [80.],
       [80.],
       [80.],
       [80.],
       [80.],
       [80.],
       [80.],
       [80.],
       [80.],
       [80.],
       [80.],
       [80.],
       [80.],
       [80.],
       [80.],
       [80.],
       [80.],
       [80.],
       [80.],
       [80.],
       [80.],
       [80.],
       [80.],
       [80.],
       [80.],
       [80.],
       [80.],
       [80.],
       [80.],
       [80.],
       [80.],
       [80.],
       [80.],
       [80.],
       [80.],
       [80.],
       [80.],
       [80.],
       [80.],
       [80.],
       [80.],
       [80.],
       [80.],
       [80.],
       [80.],
       [80.],
       [80.],
       [80.],
       [80.],
       [80.],
       [80.],
       [80.],
       [80.],
       [80.],
       [80.],
       [80.],
       [80.],
       [80.],
       [80.],
       [80.],
       [80.],
       [80.],
       [80.],
       [80.],
       [80.],
       [80.],
       [80.],
       [80.],
       [80.],
       [80.],
       [80.],
       [80.],
       [80.],
       [80.],
       [80.],
       [80.],
       [80.],
       [80.],
       [80.],
       [80.],
       [80.],
       [80.],
       [80.],
       [80.],
       [80.],
       [80.],
       [80.],
       [80.],
       [80.],
       [80.],
       [80.],
       [80.],
       [80.],
       [80.],
       [80.],
       [80.],
       [80.],
       [80.],
       [80.],
       [80.],
       [80.],
       [80.],
       [80.],
       [80.],
       [80.],
       [80.],
       [80.],
       [80.],
       [80.],
       [80.],
       [80.],
       [80.],
       [80.],
       [80.],
       [80.],
       [80.],
       [80.],
       [80.],
       [80.],
       [80.],
       [80.],
       [80.],
       [80.],
       [80.],
       [80.],
       [80.],
       [80.],
       [80.],
       [80.],
       [80.],
       [80.],
       [80.],
       [80.],
       [80.],
       [80.],
       [80.],
       [80.],
       [80.],
       [80.],
       [80.],
       [80.],
       [80.],
       [80.],
       [80.],
       [80.],
       [80.],
       [80.],
       [80.],
       [80.],
       [80.],
       [80.],
       [80.],
       [80.],
       [80.],
       [80.],
       [80.],
       [80.],
       [80.],
       [80.],
       [80.],
       [80.],
       [80.],
       [80.],
       [80.],
       [80.],
       [80.],
       [80.],
       [80.],
       [80.],
       [80.],
       [80.],
       [80.],
       [80.],
       [80.],
       [80.],
       [80.],
       [80.],
       [80.],
       [80.],
       [80.],
       [80.],
       [80.],
       [80.],
       [80.],
       [80.],
       [80.],
       [80.],
       [80.],
       [80.]]), 'dt': 0.01, 'N': 400, 'l': 1e-05}","{'Q': 0.0, 'gbar': 17.894736842105264, 'T': 10000, 'supervisor': array([[-1.89214982e-17],
       [ 4.44288287e-04],
       [ 8.88576529e-04],
       ...,
       [-1.33286468e-03],
       [-8.88576529e-04],
       [-4.44288287e-04]]), 'BIAS': array([[80.],
       [80.],
       [80.],
       [80.],
       [80.],
       [80.],
       [80.],
       [80.],
       [80.],
       [80.],
       [80.],
       [80.],
       [80.],
       [80.],
       [80.],
       [80.],
       [80.],
       [80.],
       [80.],
       [80.],
       [80.],
       [80.],
       [80.],
       [80.],
       [80.],
       [80.],
       [80.],
       [80.],
       [80.],
       [80.],
       [80.],
       [80.],
       [80.],
       [80.],
       [80.],
       [80.],
       [80.],
       [80.],
       [80.],
       [80.],
       [80.],
       [80.],
       [80.],
       [80.],
       [80.],
       [80.],
       [80.],
       [80.],
       [80.],
       [80.],
       [80.],
       [80.],
       [80.],
       [80.],
       [80.],
       [80.],
       [80.],
       [80.],
       [80.],
       [80.],
       [80.],
       [80.],
       [80.],
       [80.],
       [80.],
       [80.],
       [80.],
       [80.],
       [80.],
       [80.],
       [80.],
       [80.],
       [80.],
       [80.],
       [80.],
       [80.],
       [80.],
       [80.],
       [80.],
       [80.],
       [80.],
       [80.],
       [80.],
       [80.],
       [80.],
       [80.],
       [80.],
       [80.],
       [80.],
       [80.],
       [80.],
       [80.],
       [80.],
       [80.],
       [80.],
       [80.],
       [80.],
       [80.],
       [80.],
       [80.],
       [80.],
       [80.],
       [80.],
       [80.],
       [80.],
       [80.],
       [80.],
       [80.],
       [80.],
       [80.],
       [80.],
       [80.],
       [80.],
       [80.],
       [80.],
       [80.],
       [80.],
       [80.],
       [80.],
       [80.],
       [80.],
       [80.],
       [80.],
       [80.],
       [80.],
       [80.],
       [80.],
       [80.],
       [80.],
       [80.],
       [80.],
       [80.],
       [80.],
       [80.],
       [80.],
       [80.],
       [80.],
       [80.],
       [80.],
       [80.],
       [80.],
       [80.],
       [80.],
       [80.],
       [80.],
       [80.],
       [80.],
       [80.],
       [80.],
       [80.],
       [80.],
       [80.],
       [80.],
       [80.],
       [80.],
       [80.],
       [80.],
       [80.],
       [80.],
       [80.],
       [80.],
       [80.],
       [80.],
       [80.],
       [80.],
       [80.],
       [80.],
       [80.],
       [80.],
       [80.],
       [80.],
       [80.],
       [80.],
       [80.],
       [80.],
       [80.],
       [80.],
       [80.],
       [80.],
       [80.],
       [80.],
       [80.],
       [80.],
       [80.],
       [80.],
       [80.],
       [80.],
       [80.],
       [80.],
       [80.],
       [80.],
       [80.],
       [80.],
       [80.],
       [80.],
       [80.],
       [80.],
       [80.],
       [80.],
       [80.],
       [80.],
       [80.],
       [80.],
       [80.],
       [80.],
       [80.],
       [80.],
       [80.],
       [80.],
       [80.],
       [80.],
       [80.],
       [80.],
       [80.],
       [80.],
       [80.],
       [80.],
       [80.],
       [80.],
       [80.],
       [80.],
       [80.],
       [80.],
       [80.],
       [80.],
       [80.],
       [80.],
       [80.],
       [80.],
       [80.],
       [80.],
       [80.],
       [80.],
       [80.],
       [80.],
       [80.],
       [80.],
       [80.],
       [80.],
       [80.],
       [80.],
       [80.],
       [80.],
       [80.],
       [80.],
       [80.],
       [80.],
       [80.],
       [80.],
       [80.],
       [80.],
       [80.],
       [80.],
       [80.],
       [80.],
       [80.],
       [80.],
       [80.],
       [80.],
       [80.],
       [80.],
       [80.],
       [80.],
       [80.],
       [80.],
       [80.],
       [80.],
       [80.],
       [80.],
       [80.],
       [80.],
       [80.],
       [80.],
       [80.],
       [80.],
       [80.],
       [80.],
       [80.],
       [80.],
       [80.],
       [80.],
       [80.],
       [80.],
       [80.],
       [80.],
       [80.],
       [80.],
       [80.],
       [80.],
       [80.],
       [80.],
       [80.],
       [80.],
       [80.],
       [80.],
       [80.],
       [80.],
       [80.],
       [80.],
       [80.],
       [80.],
       [80.],
       [80.],
       [80.],
       [80.],
       [80.],
       [80.],
       [80.],
       [80.],
       [80.],
       [80.],
       [80.],
       [80.],
       [80.],
       [80.],
       [80.],
       [80.],
       [80.],
       [80.],
       [80.],
       [80.],
       [80.],
       [80.],
       [80.],
       [80.],
       [80.],
       [80.],
       [80.],
       [80.],
       [80.],
       [80.],
       [80.],
       [80.],
       [80.],
       [80.],
       [80.],
       [80.],
       [80.],
       [80.],
       [80.],
       [80.],
       [80.],
       [80.],
       [80.],
       [80.],
       [80.],
       [80.],
       [80.],
       [80.],
       [80.],
       [80.],
       [80.],
       [80.],
       [80.],
       [80.],
       [80.],
       [80.],
       [80.],
       [80.],
       [80.],
       [80.],
       [80.],
       [80.],
       [80.],
       [80.],
       [80.],
       [80.],
       [80.],
       [80.],
       [80.],
       [80.],
       [80.],
       [80.],
       [80.],
       [80.],
       [80.],
       [80.],
       [80.],
       [80.],
       [80.],
       [80.],
       [80.],
       [80.],
       [80.],
       [80.],
       [80.],
       [80.],
       [80.],
       [80.],
       [80.],
       [80.],
       [80.],
       [80.],
       [80.],
       [80.],
       [80.],
       [80.],
       [80.],
       [80.],
       [80.]]), 'dt': 0.01, 'N': 400, 'l': 1e-05}","{'Q': 0.0, 'gbar': 18.94736842105263, 'T': 10000, 'supervisor': array([[-1.89214982e-17],
       [ 4.44288287e-04],
       [ 8.88576529e-04],
       ...,
       [-1.33286468e-03],
       [-8.88576529e-04],
       [-4.44288287e-04]]), 'BIAS': array([[80.],
       [80.],
       [80.],
       [80.],
       [80.],
       [80.],
       [80.],
       [80.],
       [80.],
       [80.],
       [80.],
       [80.],
       [80.],
       [80.],
       [80.],
       [80.],
       [80.],
       [80.],
       [80.],
       [80.],
       [80.],
       [80.],
       [80.],
       [80.],
       [80.],
       [80.],
       [80.],
       [80.],
       [80.],
       [80.],
       [80.],
       [80.],
       [80.],
       [80.],
       [80.],
       [80.],
       [80.],
       [80.],
       [80.],
       [80.],
       [80.],
       [80.],
       [80.],
       [80.],
       [80.],
       [80.],
       [80.],
       [80.],
       [80.],
       [80.],
       [80.],
       [80.],
       [80.],
       [80.],
       [80.],
       [80.],
       [80.],
       [80.],
       [80.],
       [80.],
       [80.],
       [80.],
       [80.],
       [80.],
       [80.],
       [80.],
       [80.],
       [80.],
       [80.],
       [80.],
       [80.],
       [80.],
       [80.],
       [80.],
       [80.],
       [80.],
       [80.],
       [80.],
       [80.],
       [80.],
       [80.],
       [80.],
       [80.],
       [80.],
       [80.],
       [80.],
       [80.],
       [80.],
       [80.],
       [80.],
       [80.],
       [80.],
       [80.],
       [80.],
       [80.],
       [80.],
       [80.],
       [80.],
       [80.],
       [80.],
       [80.],
       [80.],
       [80.],
       [80.],
       [80.],
       [80.],
       [80.],
       [80.],
       [80.],
       [80.],
       [80.],
       [80.],
       [80.],
       [80.],
       [80.],
       [80.],
       [80.],
       [80.],
       [80.],
       [80.],
       [80.],
       [80.],
       [80.],
       [80.],
       [80.],
       [80.],
       [80.],
       [80.],
       [80.],
       [80.],
       [80.],
       [80.],
       [80.],
       [80.],
       [80.],
       [80.],
       [80.],
       [80.],
       [80.],
       [80.],
       [80.],
       [80.],
       [80.],
       [80.],
       [80.],
       [80.],
       [80.],
       [80.],
       [80.],
       [80.],
       [80.],
       [80.],
       [80.],
       [80.],
       [80.],
       [80.],
       [80.],
       [80.],
       [80.],
       [80.],
       [80.],
       [80.],
       [80.],
       [80.],
       [80.],
       [80.],
       [80.],
       [80.],
       [80.],
       [80.],
       [80.],
       [80.],
       [80.],
       [80.],
       [80.],
       [80.],
       [80.],
       [80.],
       [80.],
       [80.],
       [80.],
       [80.],
       [80.],
       [80.],
       [80.],
       [80.],
       [80.],
       [80.],
       [80.],
       [80.],
       [80.],
       [80.],
       [80.],
       [80.],
       [80.],
       [80.],
       [80.],
       [80.],
       [80.],
       [80.],
       [80.],
       [80.],
       [80.],
       [80.],
       [80.],
       [80.],
       [80.],
       [80.],
       [80.],
       [80.],
       [80.],
       [80.],
       [80.],
       [80.],
       [80.],
       [80.],
       [80.],
       [80.],
       [80.],
       [80.],
       [80.],
       [80.],
       [80.],
       [80.],
       [80.],
       [80.],
       [80.],
       [80.],
       [80.],
       [80.],
       [80.],
       [80.],
       [80.],
       [80.],
       [80.],
       [80.],
       [80.],
       [80.],
       [80.],
       [80.],
       [80.],
       [80.],
       [80.],
       [80.],
       [80.],
       [80.],
       [80.],
       [80.],
       [80.],
       [80.],
       [80.],
       [80.],
       [80.],
       [80.],
       [80.],
       [80.],
       [80.],
       [80.],
       [80.],
       [80.],
       [80.],
       [80.],
       [80.],
       [80.],
       [80.],
       [80.],
       [80.],
       [80.],
       [80.],
       [80.],
       [80.],
       [80.],
       [80.],
       [80.],
       [80.],
       [80.],
       [80.],
       [80.],
       [80.],
       [80.],
       [80.],
       [80.],
       [80.],
       [80.],
       [80.],
       [80.],
       [80.],
       [80.],
       [80.],
       [80.],
       [80.],
       [80.],
       [80.],
       [80.],
       [80.],
       [80.],
       [80.],
       [80.],
       [80.],
       [80.],
       [80.],
       [80.],
       [80.],
       [80.],
       [80.],
       [80.],
       [80.],
       [80.],
       [80.],
       [80.],
       [80.],
       [80.],
       [80.],
       [80.],
       [80.],
       [80.],
       [80.],
       [80.],
       [80.],
       [80.],
       [80.],
       [80.],
       [80.],
       [80.],
       [80.],
       [80.],
       [80.],
       [80.],
       [80.],
       [80.],
       [80.],
       [80.],
       [80.],
       [80.],
       [80.],
       [80.],
       [80.],
       [80.],
       [80.],
       [80.],
       [80.],
       [80.],
       [80.],
       [80.],
       [80.],
       [80.],
       [80.],
       [80.],
       [80.],
       [80.],
       [80.],
       [80.],
       [80.],
       [80.],
       [80.],
       [80.],
       [80.],
       [80.],
       [80.],
       [80.],
       [80.],
       [80.],
       [80.],
       [80.],
       [80.],
       [80.],
       [80.],
       [80.],
       [80.],
       [80.],
       [80.],
       [80.],
       [80.],
       [80.],
       [80.],
       [80.],
       [80.],
       [80.],
       [80.],
       [80.],
       [80.],
       [80.],
       [80.],
       [80.],
       [80.],
       [80.],
       [80.],
       [80.],
       [80.],
       [80.],
       [80.],
       [80.],
       [80.],
       [80.],
       [80.],
       [80.],
       [80.],
       [80.],
       [80.],
       [80.]]), 'dt': 0.01, 'N': 400, 'l': 1e-05}","{'Q': 0.0, 'gbar': 20.0, 'T': 10000, 'supervisor': array([[-1.89214982e-17],
       [ 4.44288287e-04],
       [ 8.88576529e-04],
       ...,
       [-1.33286468e-03],
       [-8.88576529e-04],
       [-4.44288287e-04]]), 'BIAS': array([[80.],
       [80.],
       [80.],
       [80.],
       [80.],
       [80.],
       [80.],
       [80.],
       [80.],
       [80.],
       [80.],
       [80.],
       [80.],
       [80.],
       [80.],
       [80.],
       [80.],
       [80.],
       [80.],
       [80.],
       [80.],
       [80.],
       [80.],
       [80.],
       [80.],
       [80.],
       [80.],
       [80.],
       [80.],
       [80.],
       [80.],
       [80.],
       [80.],
       [80.],
       [80.],
       [80.],
       [80.],
       [80.],
       [80.],
       [80.],
       [80.],
       [80.],
       [80.],
       [80.],
       [80.],
       [80.],
       [80.],
       [80.],
       [80.],
       [80.],
       [80.],
       [80.],
       [80.],
       [80.],
       [80.],
       [80.],
       [80.],
       [80.],
       [80.],
       [80.],
       [80.],
       [80.],
       [80.],
       [80.],
       [80.],
       [80.],
       [80.],
       [80.],
       [80.],
       [80.],
       [80.],
       [80.],
       [80.],
       [80.],
       [80.],
       [80.],
       [80.],
       [80.],
       [80.],
       [80.],
       [80.],
       [80.],
       [80.],
       [80.],
       [80.],
       [80.],
       [80.],
       [80.],
       [80.],
       [80.],
       [80.],
       [80.],
       [80.],
       [80.],
       [80.],
       [80.],
       [80.],
       [80.],
       [80.],
       [80.],
       [80.],
       [80.],
       [80.],
       [80.],
       [80.],
       [80.],
       [80.],
       [80.],
       [80.],
       [80.],
       [80.],
       [80.],
       [80.],
       [80.],
       [80.],
       [80.],
       [80.],
       [80.],
       [80.],
       [80.],
       [80.],
       [80.],
       [80.],
       [80.],
       [80.],
       [80.],
       [80.],
       [80.],
       [80.],
       [80.],
       [80.],
       [80.],
       [80.],
       [80.],
       [80.],
       [80.],
       [80.],
       [80.],
       [80.],
       [80.],
       [80.],
       [80.],
       [80.],
       [80.],
       [80.],
       [80.],
       [80.],
       [80.],
       [80.],
       [80.],
       [80.],
       [80.],
       [80.],
       [80.],
       [80.],
       [80.],
       [80.],
       [80.],
       [80.],
       [80.],
       [80.],
       [80.],
       [80.],
       [80.],
       [80.],
       [80.],
       [80.],
       [80.],
       [80.],
       [80.],
       [80.],
       [80.],
       [80.],
       [80.],
       [80.],
       [80.],
       [80.],
       [80.],
       [80.],
       [80.],
       [80.],
       [80.],
       [80.],
       [80.],
       [80.],
       [80.],
       [80.],
       [80.],
       [80.],
       [80.],
       [80.],
       [80.],
       [80.],
       [80.],
       [80.],
       [80.],
       [80.],
       [80.],
       [80.],
       [80.],
       [80.],
       [80.],
       [80.],
       [80.],
       [80.],
       [80.],
       [80.],
       [80.],
       [80.],
       [80.],
       [80.],
       [80.],
       [80.],
       [80.],
       [80.],
       [80.],
       [80.],
       [80.],
       [80.],
       [80.],
       [80.],
       [80.],
       [80.],
       [80.],
       [80.],
       [80.],
       [80.],
       [80.],
       [80.],
       [80.],
       [80.],
       [80.],
       [80.],
       [80.],
       [80.],
       [80.],
       [80.],
       [80.],
       [80.],
       [80.],
       [80.],
       [80.],
       [80.],
       [80.],
       [80.],
       [80.],
       [80.],
       [80.],
       [80.],
       [80.],
       [80.],
       [80.],
       [80.],
       [80.],
       [80.],
       [80.],
       [80.],
       [80.],
       [80.],
       [80.],
       [80.],
       [80.],
       [80.],
       [80.],
       [80.],
       [80.],
       [80.],
       [80.],
       [80.],
       [80.],
       [80.],
       [80.],
       [80.],
       [80.],
       [80.],
       [80.],
       [80.],
       [80.],
       [80.],
       [80.],
       [80.],
       [80.],
       [80.],
       [80.],
       [80.],
       [80.],
       [80.],
       [80.],
       [80.],
       [80.],
       [80.],
       [80.],
       [80.],
       [80.],
       [80.],
       [80.],
       [80.],
       [80.],
       [80.],
       [80.],
       [80.],
       [80.],
       [80.],
       [80.],
       [80.],
       [80.],
       [80.],
       [80.],
       [80.],
       [80.],
       [80.],
       [80.],
       [80.],
       [80.],
       [80.],
       [80.],
       [80.],
       [80.],
       [80.],
       [80.],
       [80.],
       [80.],
       [80.],
       [80.],
       [80.],
       [80.],
       [80.],
       [80.],
       [80.],
       [80.],
       [80.],
       [80.],
       [80.],
       [80.],
       [80.],
       [80.],
       [80.],
       [80.],
       [80.],
       [80.],
       [80.],
       [80.],
       [80.],
       [80.],
       [80.],
       [80.],
       [80.],
       [80.],
       [80.],
       [80.],
       [80.],
       [80.],
       [80.],
       [80.],
       [80.],
       [80.],
       [80.],
       [80.],
       [80.],
       [80.],
       [80.],
       [80.],
       [80.],
       [80.],
       [80.],
       [80.],
       [80.],
       [80.],
       [80.],
       [80.],
       [80.],
       [80.],
       [80.],
       [80.],
       [80.],
       [80.],
       [80.],
       [80.],
       [80.],
       [80.],
       [80.],
       [80.],
       [80.],
       [80.],
       [80.],
       [80.],
       [80.],
       [80.],
       [80.],
       [80.],
       [80.],
       [80.],
       [80.],
       [80.],
       [80.],
       [80.],
       [80.],
       [80.],
       [80.],
       [80.]]), 'dt': 0.01, 'N': 400, 'l': 1e-05}"
"{'Q': 26.31578947368421, 'gbar': 0.0, 'T': 10000, 'supervisor': array([[-1.89214982e-17],
       [ 4.44288287e-04],
       [ 8.88576529e-04],
       ...,
       [-1.33286468e-03],
       [-8.88576529e-04],
       [-4.44288287e-04]]), 'BIAS': array([[80.],
       [80.],
       [80.],
       [80.],
       [80.],
       [80.],
       [80.],
       [80.],
       [80.],
       [80.],
       [80.],
       [80.],
       [80.],
       [80.],
       [80.],
       [80.],
       [80.],
       [80.],
       [80.],
       [80.],
       [80.],
       [80.],
       [80.],
       [80.],
       [80.],
       [80.],
       [80.],
       [80.],
       [80.],
       [80.],
       [80.],
       [80.],
       [80.],
       [80.],
       [80.],
       [80.],
       [80.],
       [80.],
       [80.],
       [80.],
       [80.],
       [80.],
       [80.],
       [80.],
       [80.],
       [80.],
       [80.],
       [80.],
       [80.],
       [80.],
       [80.],
       [80.],
       [80.],
       [80.],
       [80.],
       [80.],
       [80.],
       [80.],
       [80.],
       [80.],
       [80.],
       [80.],
       [80.],
       [80.],
       [80.],
       [80.],
       [80.],
       [80.],
       [80.],
       [80.],
       [80.],
       [80.],
       [80.],
       [80.],
       [80.],
       [80.],
       [80.],
       [80.],
       [80.],
       [80.],
       [80.],
       [80.],
       [80.],
       [80.],
       [80.],
       [80.],
       [80.],
       [80.],
       [80.],
       [80.],
       [80.],
       [80.],
       [80.],
       [80.],
       [80.],
       [80.],
       [80.],
       [80.],
       [80.],
       [80.],
       [80.],
       [80.],
       [80.],
       [80.],
       [80.],
       [80.],
       [80.],
       [80.],
       [80.],
       [80.],
       [80.],
       [80.],
       [80.],
       [80.],
       [80.],
       [80.],
       [80.],
       [80.],
       [80.],
       [80.],
       [80.],
       [80.],
       [80.],
       [80.],
       [80.],
       [80.],
       [80.],
       [80.],
       [80.],
       [80.],
       [80.],
       [80.],
       [80.],
       [80.],
       [80.],
       [80.],
       [80.],
       [80.],
       [80.],
       [80.],
       [80.],
       [80.],
       [80.],
       [80.],
       [80.],
       [80.],
       [80.],
       [80.],
       [80.],
       [80.],
       [80.],
       [80.],
       [80.],
       [80.],
       [80.],
       [80.],
       [80.],
       [80.],
       [80.],
       [80.],
       [80.],
       [80.],
       [80.],
       [80.],
       [80.],
       [80.],
       [80.],
       [80.],
       [80.],
       [80.],
       [80.],
       [80.],
       [80.],
       [80.],
       [80.],
       [80.],
       [80.],
       [80.],
       [80.],
       [80.],
       [80.],
       [80.],
       [80.],
       [80.],
       [80.],
       [80.],
       [80.],
       [80.],
       [80.],
       [80.],
       [80.],
       [80.],
       [80.],
       [80.],
       [80.],
       [80.],
       [80.],
       [80.],
       [80.],
       [80.],
       [80.],
       [80.],
       [80.],
       [80.],
       [80.],
       [80.],
       [80.],
       [80.],
       [80.],
       [80.],
       [80.],
       [80.],
       [80.],
       [80.],
       [80.],
       [80.],
       [80.],
       [80.],
       [80.],
       [80.],
       [80.],
       [80.],
       [80.],
       [80.],
       [80.],
       [80.],
       [80.],
       [80.],
       [80.],
       [80.],
       [80.],
       [80.],
       [80.],
       [80.],
       [80.],
       [80.],
       [80.],
       [80.],
       [80.],
       [80.],
       [80.],
       [80.],
       [80.],
       [80.],
       [80.],
       [80.],
       [80.],
       [80.],
       [80.],
       [80.],
       [80.],
       [80.],
       [80.],
       [80.],
       [80.],
       [80.],
       [80.],
       [80.],
       [80.],
       [80.],
       [80.],
       [80.],
       [80.],
       [80.],
       [80.],
       [80.],
       [80.],
       [80.],
       [80.],
       [80.],
       [80.],
       [80.],
       [80.],
       [80.],
       [80.],
       [80.],
       [80.],
       [80.],
       [80.],
       [80.],
       [80.],
       [80.],
       [80.],
       [80.],
       [80.],
       [80.],
       [80.],
       [80.],
       [80.],
       [80.],
       [80.],
       [80.],
       [80.],
       [80.],
       [80.],
       [80.],
       [80.],
       [80.],
       [80.],
       [80.],
       [80.],
       [80.],
       [80.],
       [80.],
       [80.],
       [80.],
       [80.],
       [80.],
       [80.],
       [80.],
       [80.],
       [80.],
       [80.],
       [80.],
       [80.],
       [80.],
       [80.],
       [80.],
       [80.],
       [80.],
       [80.],
       [80.],
       [80.],
       [80.],
       [80.],
       [80.],
       [80.],
       [80.],
       [80.],
       [80.],
       [80.],
       [80.],
       [80.],
       [80.],
       [80.],
       [80.],
       [80.],
       [80.],
       [80.],
       [80.],
       [80.],
       [80.],
       [80.],
       [80.],
       [80.],
       [80.],
       [80.],
       [80.],
       [80.],
       [80.],
       [80.],
       [80.],
       [80.],
       [80.],
       [80.],
       [80.],
       [80.],
       [80.],
       [80.],
       [80.],
       [80.],
       [80.],
       [80.],
       [80.],
       [80.],
       [80.],
       [80.],
       [80.],
       [80.],
       [80.],
       [80.],
       [80.],
       [80.],
       [80.],
       [80.],
       [80.],
       [80.],
       [80.],
       [80.],
       [80.],
       [80.],
       [80.],
       [80.],
       [80.],
       [80.],
       [80.],
       [80.],
       [80.],
       [80.],
       [80.],
       [80.],
       [80.],
       [80.],
       [80.],
       [80.],
       [80.],
       [80.],
       [80.],
       [80.],
       [80.]]), 'dt': 0.01, 'N': 400, 'l': 1e-05}","{'Q': 26.31578947368421, 'gbar': 1.0526315789473684, 'T': 10000, 'supervisor': array([[-1.89214982e-17],
       [ 4.44288287e-04],
       [ 8.88576529e-04],
       ...,
       [-1.33286468e-03],
       [-8.88576529e-04],
       [-4.44288287e-04]]), 'BIAS': array([[80.],
       [80.],
       [80.],
       [80.],
       [80.],
       [80.],
       [80.],
       [80.],
       [80.],
       [80.],
       [80.],
       [80.],
       [80.],
       [80.],
       [80.],
       [80.],
       [80.],
       [80.],
       [80.],
       [80.],
       [80.],
       [80.],
       [80.],
       [80.],
       [80.],
       [80.],
       [80.],
       [80.],
       [80.],
       [80.],
       [80.],
       [80.],
       [80.],
       [80.],
       [80.],
       [80.],
       [80.],
       [80.],
       [80.],
       [80.],
       [80.],
       [80.],
       [80.],
       [80.],
       [80.],
       [80.],
       [80.],
       [80.],
       [80.],
       [80.],
       [80.],
       [80.],
       [80.],
       [80.],
       [80.],
       [80.],
       [80.],
       [80.],
       [80.],
       [80.],
       [80.],
       [80.],
       [80.],
       [80.],
       [80.],
       [80.],
       [80.],
       [80.],
       [80.],
       [80.],
       [80.],
       [80.],
       [80.],
       [80.],
       [80.],
       [80.],
       [80.],
       [80.],
       [80.],
       [80.],
       [80.],
       [80.],
       [80.],
       [80.],
       [80.],
       [80.],
       [80.],
       [80.],
       [80.],
       [80.],
       [80.],
       [80.],
       [80.],
       [80.],
       [80.],
       [80.],
       [80.],
       [80.],
       [80.],
       [80.],
       [80.],
       [80.],
       [80.],
       [80.],
       [80.],
       [80.],
       [80.],
       [80.],
       [80.],
       [80.],
       [80.],
       [80.],
       [80.],
       [80.],
       [80.],
       [80.],
       [80.],
       [80.],
       [80.],
       [80.],
       [80.],
       [80.],
       [80.],
       [80.],
       [80.],
       [80.],
       [80.],
       [80.],
       [80.],
       [80.],
       [80.],
       [80.],
       [80.],
       [80.],
       [80.],
       [80.],
       [80.],
       [80.],
       [80.],
       [80.],
       [80.],
       [80.],
       [80.],
       [80.],
       [80.],
       [80.],
       [80.],
       [80.],
       [80.],
       [80.],
       [80.],
       [80.],
       [80.],
       [80.],
       [80.],
       [80.],
       [80.],
       [80.],
       [80.],
       [80.],
       [80.],
       [80.],
       [80.],
       [80.],
       [80.],
       [80.],
       [80.],
       [80.],
       [80.],
       [80.],
       [80.],
       [80.],
       [80.],
       [80.],
       [80.],
       [80.],
       [80.],
       [80.],
       [80.],
       [80.],
       [80.],
       [80.],
       [80.],
       [80.],
       [80.],
       [80.],
       [80.],
       [80.],
       [80.],
       [80.],
       [80.],
       [80.],
       [80.],
       [80.],
       [80.],
       [80.],
       [80.],
       [80.],
       [80.],
       [80.],
       [80.],
       [80.],
       [80.],
       [80.],
       [80.],
       [80.],
       [80.],
       [80.],
       [80.],
       [80.],
       [80.],
       [80.],
       [80.],
       [80.],
       [80.],
       [80.],
       [80.],
       [80.],
       [80.],
       [80.],
       [80.],
       [80.],
       [80.],
       [80.],
       [80.],
       [80.],
       [80.],
       [80.],
       [80.],
       [80.],
       [80.],
       [80.],
       [80.],
       [80.],
       [80.],
       [80.],
       [80.],
       [80.],
       [80.],
       [80.],
       [80.],
       [80.],
       [80.],
       [80.],
       [80.],
       [80.],
       [80.],
       [80.],
       [80.],
       [80.],
       [80.],
       [80.],
       [80.],
       [80.],
       [80.],
       [80.],
       [80.],
       [80.],
       [80.],
       [80.],
       [80.],
       [80.],
       [80.],
       [80.],
       [80.],
       [80.],
       [80.],
       [80.],
       [80.],
       [80.],
       [80.],
       [80.],
       [80.],
       [80.],
       [80.],
       [80.],
       [80.],
       [80.],
       [80.],
       [80.],
       [80.],
       [80.],
       [80.],
       [80.],
       [80.],
       [80.],
       [80.],
       [80.],
       [80.],
       [80.],
       [80.],
       [80.],
       [80.],
       [80.],
       [80.],
       [80.],
       [80.],
       [80.],
       [80.],
       [80.],
       [80.],
       [80.],
       [80.],
       [80.],
       [80.],
       [80.],
       [80.],
       [80.],
       [80.],
       [80.],
       [80.],
       [80.],
       [80.],
       [80.],
       [80.],
       [80.],
       [80.],
       [80.],
       [80.],
       [80.],
       [80.],
       [80.],
       [80.],
       [80.],
       [80.],
       [80.],
       [80.],
       [80.],
       [80.],
       [80.],
       [80.],
       [80.],
       [80.],
       [80.],
       [80.],
       [80.],
       [80.],
       [80.],
       [80.],
       [80.],
       [80.],
       [80.],
       [80.],
       [80.],
       [80.],
       [80.],
       [80.],
       [80.],
       [80.],
       [80.],
       [80.],
       [80.],
       [80.],
       [80.],
       [80.],
       [80.],
       [80.],
       [80.],
       [80.],
       [80.],
       [80.],
       [80.],
       [80.],
       [80.],
       [80.],
       [80.],
       [80.],
       [80.],
       [80.],
       [80.],
       [80.],
       [80.],
       [80.],
       [80.],
       [80.],
       [80.],
       [80.],
       [80.],
       [80.],
       [80.],
       [80.],
       [80.],
       [80.],
       [80.],
       [80.],
       [80.],
       [80.],
       [80.],
       [80.],
       [80.],
       [80.],
       [80.],
       [80.],
       [80.],
       [80.],
       [80.],
       [80.],
       [80.],
       [80.],
       [80.]]), 'dt': 0.01, 'N': 400, 'l': 1e-05}","{'Q': 26.31578947368421, 'gbar': 2.1052631578947367, 'T': 10000, 'supervisor': array([[-1.89214982e-17],
       [ 4.44288287e-04],
       [ 8.88576529e-04],
       ...,
       [-1.33286468e-03],
       [-8.88576529e-04],
       [-4.44288287e-04]]), 'BIAS': array([[80.],
       [80.],
       [80.],
       [80.],
       [80.],
       [80.],
       [80.],
       [80.],
       [80.],
       [80.],
       [80.],
       [80.],
       [80.],
       [80.],
       [80.],
       [80.],
       [80.],
       [80.],
       [80.],
       [80.],
       [80.],
       [80.],
       [80.],
       [80.],
       [80.],
       [80.],
       [80.],
       [80.],
       [80.],
       [80.],
       [80.],
       [80.],
       [80.],
       [80.],
       [80.],
       [80.],
       [80.],
       [80.],
       [80.],
       [80.],
       [80.],
       [80.],
       [80.],
       [80.],
       [80.],
       [80.],
       [80.],
       [80.],
       [80.],
       [80.],
       [80.],
       [80.],
       [80.],
       [80.],
       [80.],
       [80.],
       [80.],
       [80.],
       [80.],
       [80.],
       [80.],
       [80.],
       [80.],
       [80.],
       [80.],
       [80.],
       [80.],
       [80.],
       [80.],
       [80.],
       [80.],
       [80.],
       [80.],
       [80.],
       [80.],
       [80.],
       [80.],
       [80.],
       [80.],
       [80.],
       [80.],
       [80.],
       [80.],
       [80.],
       [80.],
       [80.],
       [80.],
       [80.],
       [80.],
       [80.],
       [80.],
       [80.],
       [80.],
       [80.],
       [80.],
       [80.],
       [80.],
       [80.],
       [80.],
       [80.],
       [80.],
       [80.],
       [80.],
       [80.],
       [80.],
       [80.],
       [80.],
       [80.],
       [80.],
       [80.],
       [80.],
       [80.],
       [80.],
       [80.],
       [80.],
       [80.],
       [80.],
       [80.],
       [80.],
       [80.],
       [80.],
       [80.],
       [80.],
       [80.],
       [80.],
       [80.],
       [80.],
       [80.],
       [80.],
       [80.],
       [80.],
       [80.],
       [80.],
       [80.],
       [80.],
       [80.],
       [80.],
       [80.],
       [80.],
       [80.],
       [80.],
       [80.],
       [80.],
       [80.],
       [80.],
       [80.],
       [80.],
       [80.],
       [80.],
       [80.],
       [80.],
       [80.],
       [80.],
       [80.],
       [80.],
       [80.],
       [80.],
       [80.],
       [80.],
       [80.],
       [80.],
       [80.],
       [80.],
       [80.],
       [80.],
       [80.],
       [80.],
       [80.],
       [80.],
       [80.],
       [80.],
       [80.],
       [80.],
       [80.],
       [80.],
       [80.],
       [80.],
       [80.],
       [80.],
       [80.],
       [80.],
       [80.],
       [80.],
       [80.],
       [80.],
       [80.],
       [80.],
       [80.],
       [80.],
       [80.],
       [80.],
       [80.],
       [80.],
       [80.],
       [80.],
       [80.],
       [80.],
       [80.],
       [80.],
       [80.],
       [80.],
       [80.],
       [80.],
       [80.],
       [80.],
       [80.],
       [80.],
       [80.],
       [80.],
       [80.],
       [80.],
       [80.],
       [80.],
       [80.],
       [80.],
       [80.],
       [80.],
       [80.],
       [80.],
       [80.],
       [80.],
       [80.],
       [80.],
       [80.],
       [80.],
       [80.],
       [80.],
       [80.],
       [80.],
       [80.],
       [80.],
       [80.],
       [80.],
       [80.],
       [80.],
       [80.],
       [80.],
       [80.],
       [80.],
       [80.],
       [80.],
       [80.],
       [80.],
       [80.],
       [80.],
       [80.],
       [80.],
       [80.],
       [80.],
       [80.],
       [80.],
       [80.],
       [80.],
       [80.],
       [80.],
       [80.],
       [80.],
       [80.],
       [80.],
       [80.],
       [80.],
       [80.],
       [80.],
       [80.],
       [80.],
       [80.],
       [80.],
       [80.],
       [80.],
       [80.],
       [80.],
       [80.],
       [80.],
       [80.],
       [80.],
       [80.],
       [80.],
       [80.],
       [80.],
       [80.],
       [80.],
       [80.],
       [80.],
       [80.],
       [80.],
       [80.],
       [80.],
       [80.],
       [80.],
       [80.],
       [80.],
       [80.],
       [80.],
       [80.],
       [80.],
       [80.],
       [80.],
       [80.],
       [80.],
       [80.],
       [80.],
       [80.],
       [80.],
       [80.],
       [80.],
       [80.],
       [80.],
       [80.],
       [80.],
       [80.],
       [80.],
       [80.],
       [80.],
       [80.],
       [80.],
       [80.],
       [80.],
       [80.],
       [80.],
       [80.],
       [80.],
       [80.],
       [80.],
       [80.],
       [80.],
       [80.],
       [80.],
       [80.],
       [80.],
       [80.],
       [80.],
       [80.],
       [80.],
       [80.],
       [80.],
       [80.],
       [80.],
       [80.],
       [80.],
       [80.],
       [80.],
       [80.],
       [80.],
       [80.],
       [80.],
       [80.],
       [80.],
       [80.],
       [80.],
       [80.],
       [80.],
       [80.],
       [80.],
       [80.],
       [80.],
       [80.],
       [80.],
       [80.],
       [80.],
       [80.],
       [80.],
       [80.],
       [80.],
       [80.],
       [80.],
       [80.],
       [80.],
       [80.],
       [80.],
       [80.],
       [80.],
       [80.],
       [80.],
       [80.],
       [80.],
       [80.],
       [80.],
       [80.],
       [80.],
       [80.],
       [80.],
       [80.],
       [80.],
       [80.],
       [80.],
       [80.],
       [80.],
       [80.],
       [80.],
       [80.],
       [80.],
       [80.],
       [80.],
       [80.],
       [80.],
       [80.],
       [80.],
       [80.],
       [80.],
       [80.]]), 'dt': 0.01, 'N': 400, 'l': 1e-05}","{'Q': 26.31578947368421, 'gbar': 3.1578947368421053, 'T': 10000, 'supervisor': array([[-1.89214982e-17],
       [ 4.44288287e-04],
       [ 8.88576529e-04],
       ...,
       [-1.33286468e-03],
       [-8.88576529e-04],
       [-4.44288287e-04]]), 'BIAS': array([[80.],
       [80.],
       [80.],
       [80.],
       [80.],
       [80.],
       [80.],
       [80.],
       [80.],
       [80.],
       [80.],
       [80.],
       [80.],
       [80.],
       [80.],
       [80.],
       [80.],
       [80.],
       [80.],
       [80.],
       [80.],
       [80.],
       [80.],
       [80.],
       [80.],
       [80.],
       [80.],
       [80.],
       [80.],
       [80.],
       [80.],
       [80.],
       [80.],
       [80.],
       [80.],
       [80.],
       [80.],
       [80.],
       [80.],
       [80.],
       [80.],
       [80.],
       [80.],
       [80.],
       [80.],
       [80.],
       [80.],
       [80.],
       [80.],
       [80.],
       [80.],
       [80.],
       [80.],
       [80.],
       [80.],
       [80.],
       [80.],
       [80.],
       [80.],
       [80.],
       [80.],
       [80.],
       [80.],
       [80.],
       [80.],
       [80.],
       [80.],
       [80.],
       [80.],
       [80.],
       [80.],
       [80.],
       [80.],
       [80.],
       [80.],
       [80.],
       [80.],
       [80.],
       [80.],
       [80.],
       [80.],
       [80.],
       [80.],
       [80.],
       [80.],
       [80.],
       [80.],
       [80.],
       [80.],
       [80.],
       [80.],
       [80.],
       [80.],
       [80.],
       [80.],
       [80.],
       [80.],
       [80.],
       [80.],
       [80.],
       [80.],
       [80.],
       [80.],
       [80.],
       [80.],
       [80.],
       [80.],
       [80.],
       [80.],
       [80.],
       [80.],
       [80.],
       [80.],
       [80.],
       [80.],
       [80.],
       [80.],
       [80.],
       [80.],
       [80.],
       [80.],
       [80.],
       [80.],
       [80.],
       [80.],
       [80.],
       [80.],
       [80.],
       [80.],
       [80.],
       [80.],
       [80.],
       [80.],
       [80.],
       [80.],
       [80.],
       [80.],
       [80.],
       [80.],
       [80.],
       [80.],
       [80.],
       [80.],
       [80.],
       [80.],
       [80.],
       [80.],
       [80.],
       [80.],
       [80.],
       [80.],
       [80.],
       [80.],
       [80.],
       [80.],
       [80.],
       [80.],
       [80.],
       [80.],
       [80.],
       [80.],
       [80.],
       [80.],
       [80.],
       [80.],
       [80.],
       [80.],
       [80.],
       [80.],
       [80.],
       [80.],
       [80.],
       [80.],
       [80.],
       [80.],
       [80.],
       [80.],
       [80.],
       [80.],
       [80.],
       [80.],
       [80.],
       [80.],
       [80.],
       [80.],
       [80.],
       [80.],
       [80.],
       [80.],
       [80.],
       [80.],
       [80.],
       [80.],
       [80.],
       [80.],
       [80.],
       [80.],
       [80.],
       [80.],
       [80.],
       [80.],
       [80.],
       [80.],
       [80.],
       [80.],
       [80.],
       [80.],
       [80.],
       [80.],
       [80.],
       [80.],
       [80.],
       [80.],
       [80.],
       [80.],
       [80.],
       [80.],
       [80.],
       [80.],
       [80.],
       [80.],
       [80.],
       [80.],
       [80.],
       [80.],
       [80.],
       [80.],
       [80.],
       [80.],
       [80.],
       [80.],
       [80.],
       [80.],
       [80.],
       [80.],
       [80.],
       [80.],
       [80.],
       [80.],
       [80.],
       [80.],
       [80.],
       [80.],
       [80.],
       [80.],
       [80.],
       [80.],
       [80.],
       [80.],
       [80.],
       [80.],
       [80.],
       [80.],
       [80.],
       [80.],
       [80.],
       [80.],
       [80.],
       [80.],
       [80.],
       [80.],
       [80.],
       [80.],
       [80.],
       [80.],
       [80.],
       [80.],
       [80.],
       [80.],
       [80.],
       [80.],
       [80.],
       [80.],
       [80.],
       [80.],
       [80.],
       [80.],
       [80.],
       [80.],
       [80.],
       [80.],
       [80.],
       [80.],
       [80.],
       [80.],
       [80.],
       [80.],
       [80.],
       [80.],
       [80.],
       [80.],
       [80.],
       [80.],
       [80.],
       [80.],
       [80.],
       [80.],
       [80.],
       [80.],
       [80.],
       [80.],
       [80.],
       [80.],
       [80.],
       [80.],
       [80.],
       [80.],
       [80.],
       [80.],
       [80.],
       [80.],
       [80.],
       [80.],
       [80.],
       [80.],
       [80.],
       [80.],
       [80.],
       [80.],
       [80.],
       [80.],
       [80.],
       [80.],
       [80.],
       [80.],
       [80.],
       [80.],
       [80.],
       [80.],
       [80.],
       [80.],
       [80.],
       [80.],
       [80.],
       [80.],
       [80.],
       [80.],
       [80.],
       [80.],
       [80.],
       [80.],
       [80.],
       [80.],
       [80.],
       [80.],
       [80.],
       [80.],
       [80.],
       [80.],
       [80.],
       [80.],
       [80.],
       [80.],
       [80.],
       [80.],
       [80.],
       [80.],
       [80.],
       [80.],
       [80.],
       [80.],
       [80.],
       [80.],
       [80.],
       [80.],
       [80.],
       [80.],
       [80.],
       [80.],
       [80.],
       [80.],
       [80.],
       [80.],
       [80.],
       [80.],
       [80.],
       [80.],
       [80.],
       [80.],
       [80.],
       [80.],
       [80.],
       [80.],
       [80.],
       [80.],
       [80.],
       [80.],
       [80.],
       [80.],
       [80.],
       [80.],
       [80.],
       [80.],
       [80.],
       [80.],
       [80.],
       [80.],
       [80.],
       [80.],
       [80.]]), 'dt': 0.01, 'N': 400, 'l': 1e-05}","{'Q': 26.31578947368421, 'gbar': 4.2105263157894735, 'T': 10000, 'supervisor': array([[-1.89214982e-17],
       [ 4.44288287e-04],
       [ 8.88576529e-04],
       ...,
       [-1.33286468e-03],
       [-8.88576529e-04],
       [-4.44288287e-04]]), 'BIAS': array([[80.],
       [80.],
       [80.],
       [80.],
       [80.],
       [80.],
       [80.],
       [80.],
       [80.],
       [80.],
       [80.],
       [80.],
       [80.],
       [80.],
       [80.],
       [80.],
       [80.],
       [80.],
       [80.],
       [80.],
       [80.],
       [80.],
       [80.],
       [80.],
       [80.],
       [80.],
       [80.],
       [80.],
       [80.],
       [80.],
       [80.],
       [80.],
       [80.],
       [80.],
       [80.],
       [80.],
       [80.],
       [80.],
       [80.],
       [80.],
       [80.],
       [80.],
       [80.],
       [80.],
       [80.],
       [80.],
       [80.],
       [80.],
       [80.],
       [80.],
       [80.],
       [80.],
       [80.],
       [80.],
       [80.],
       [80.],
       [80.],
       [80.],
       [80.],
       [80.],
       [80.],
       [80.],
       [80.],
       [80.],
       [80.],
       [80.],
       [80.],
       [80.],
       [80.],
       [80.],
       [80.],
       [80.],
       [80.],
       [80.],
       [80.],
       [80.],
       [80.],
       [80.],
       [80.],
       [80.],
       [80.],
       [80.],
       [80.],
       [80.],
       [80.],
       [80.],
       [80.],
       [80.],
       [80.],
       [80.],
       [80.],
       [80.],
       [80.],
       [80.],
       [80.],
       [80.],
       [80.],
       [80.],
       [80.],
       [80.],
       [80.],
       [80.],
       [80.],
       [80.],
       [80.],
       [80.],
       [80.],
       [80.],
       [80.],
       [80.],
       [80.],
       [80.],
       [80.],
       [80.],
       [80.],
       [80.],
       [80.],
       [80.],
       [80.],
       [80.],
       [80.],
       [80.],
       [80.],
       [80.],
       [80.],
       [80.],
       [80.],
       [80.],
       [80.],
       [80.],
       [80.],
       [80.],
       [80.],
       [80.],
       [80.],
       [80.],
       [80.],
       [80.],
       [80.],
       [80.],
       [80.],
       [80.],
       [80.],
       [80.],
       [80.],
       [80.],
       [80.],
       [80.],
       [80.],
       [80.],
       [80.],
       [80.],
       [80.],
       [80.],
       [80.],
       [80.],
       [80.],
       [80.],
       [80.],
       [80.],
       [80.],
       [80.],
       [80.],
       [80.],
       [80.],
       [80.],
       [80.],
       [80.],
       [80.],
       [80.],
       [80.],
       [80.],
       [80.],
       [80.],
       [80.],
       [80.],
       [80.],
       [80.],
       [80.],
       [80.],
       [80.],
       [80.],
       [80.],
       [80.],
       [80.],
       [80.],
       [80.],
       [80.],
       [80.],
       [80.],
       [80.],
       [80.],
       [80.],
       [80.],
       [80.],
       [80.],
       [80.],
       [80.],
       [80.],
       [80.],
       [80.],
       [80.],
       [80.],
       [80.],
       [80.],
       [80.],
       [80.],
       [80.],
       [80.],
       [80.],
       [80.],
       [80.],
       [80.],
       [80.],
       [80.],
       [80.],
       [80.],
       [80.],
       [80.],
       [80.],
       [80.],
       [80.],
       [80.],
       [80.],
       [80.],
       [80.],
       [80.],
       [80.],
       [80.],
       [80.],
       [80.],
       [80.],
       [80.],
       [80.],
       [80.],
       [80.],
       [80.],
       [80.],
       [80.],
       [80.],
       [80.],
       [80.],
       [80.],
       [80.],
       [80.],
       [80.],
       [80.],
       [80.],
       [80.],
       [80.],
       [80.],
       [80.],
       [80.],
       [80.],
       [80.],
       [80.],
       [80.],
       [80.],
       [80.],
       [80.],
       [80.],
       [80.],
       [80.],
       [80.],
       [80.],
       [80.],
       [80.],
       [80.],
       [80.],
       [80.],
       [80.],
       [80.],
       [80.],
       [80.],
       [80.],
       [80.],
       [80.],
       [80.],
       [80.],
       [80.],
       [80.],
       [80.],
       [80.],
       [80.],
       [80.],
       [80.],
       [80.],
       [80.],
       [80.],
       [80.],
       [80.],
       [80.],
       [80.],
       [80.],
       [80.],
       [80.],
       [80.],
       [80.],
       [80.],
       [80.],
       [80.],
       [80.],
       [80.],
       [80.],
       [80.],
       [80.],
       [80.],
       [80.],
       [80.],
       [80.],
       [80.],
       [80.],
       [80.],
       [80.],
       [80.],
       [80.],
       [80.],
       [80.],
       [80.],
       [80.],
       [80.],
       [80.],
       [80.],
       [80.],
       [80.],
       [80.],
       [80.],
       [80.],
       [80.],
       [80.],
       [80.],
       [80.],
       [80.],
       [80.],
       [80.],
       [80.],
       [80.],
       [80.],
       [80.],
       [80.],
       [80.],
       [80.],
       [80.],
       [80.],
       [80.],
       [80.],
       [80.],
       [80.],
       [80.],
       [80.],
       [80.],
       [80.],
       [80.],
       [80.],
       [80.],
       [80.],
       [80.],
       [80.],
       [80.],
       [80.],
       [80.],
       [80.],
       [80.],
       [80.],
       [80.],
       [80.],
       [80.],
       [80.],
       [80.],
       [80.],
       [80.],
       [80.],
       [80.],
       [80.],
       [80.],
       [80.],
       [80.],
       [80.],
       [80.],
       [80.],
       [80.],
       [80.],
       [80.],
       [80.],
       [80.],
       [80.],
       [80.],
       [80.],
       [80.],
       [80.],
       [80.],
       [80.],
       [80.],
       [80.],
       [80.],
       [80.],
       [80.],
       [80.],
       [80.],
       [80.]]), 'dt': 0.01, 'N': 400, 'l': 1e-05}","{'Q': 26.31578947368421, 'gbar': 5.263157894736842, 'T': 10000, 'supervisor': array([[-1.89214982e-17],
       [ 4.44288287e-04],
       [ 8.88576529e-04],
       ...,
       [-1.33286468e-03],
       [-8.88576529e-04],
       [-4.44288287e-04]]), 'BIAS': array([[80.],
       [80.],
       [80.],
       [80.],
       [80.],
       [80.],
       [80.],
       [80.],
       [80.],
       [80.],
       [80.],
       [80.],
       [80.],
       [80.],
       [80.],
       [80.],
       [80.],
       [80.],
       [80.],
       [80.],
       [80.],
       [80.],
       [80.],
       [80.],
       [80.],
       [80.],
       [80.],
       [80.],
       [80.],
       [80.],
       [80.],
       [80.],
       [80.],
       [80.],
       [80.],
       [80.],
       [80.],
       [80.],
       [80.],
       [80.],
       [80.],
       [80.],
       [80.],
       [80.],
       [80.],
       [80.],
       [80.],
       [80.],
       [80.],
       [80.],
       [80.],
       [80.],
       [80.],
       [80.],
       [80.],
       [80.],
       [80.],
       [80.],
       [80.],
       [80.],
       [80.],
       [80.],
       [80.],
       [80.],
       [80.],
       [80.],
       [80.],
       [80.],
       [80.],
       [80.],
       [80.],
       [80.],
       [80.],
       [80.],
       [80.],
       [80.],
       [80.],
       [80.],
       [80.],
       [80.],
       [80.],
       [80.],
       [80.],
       [80.],
       [80.],
       [80.],
       [80.],
       [80.],
       [80.],
       [80.],
       [80.],
       [80.],
       [80.],
       [80.],
       [80.],
       [80.],
       [80.],
       [80.],
       [80.],
       [80.],
       [80.],
       [80.],
       [80.],
       [80.],
       [80.],
       [80.],
       [80.],
       [80.],
       [80.],
       [80.],
       [80.],
       [80.],
       [80.],
       [80.],
       [80.],
       [80.],
       [80.],
       [80.],
       [80.],
       [80.],
       [80.],
       [80.],
       [80.],
       [80.],
       [80.],
       [80.],
       [80.],
       [80.],
       [80.],
       [80.],
       [80.],
       [80.],
       [80.],
       [80.],
       [80.],
       [80.],
       [80.],
       [80.],
       [80.],
       [80.],
       [80.],
       [80.],
       [80.],
       [80.],
       [80.],
       [80.],
       [80.],
       [80.],
       [80.],
       [80.],
       [80.],
       [80.],
       [80.],
       [80.],
       [80.],
       [80.],
       [80.],
       [80.],
       [80.],
       [80.],
       [80.],
       [80.],
       [80.],
       [80.],
       [80.],
       [80.],
       [80.],
       [80.],
       [80.],
       [80.],
       [80.],
       [80.],
       [80.],
       [80.],
       [80.],
       [80.],
       [80.],
       [80.],
       [80.],
       [80.],
       [80.],
       [80.],
       [80.],
       [80.],
       [80.],
       [80.],
       [80.],
       [80.],
       [80.],
       [80.],
       [80.],
       [80.],
       [80.],
       [80.],
       [80.],
       [80.],
       [80.],
       [80.],
       [80.],
       [80.],
       [80.],
       [80.],
       [80.],
       [80.],
       [80.],
       [80.],
       [80.],
       [80.],
       [80.],
       [80.],
       [80.],
       [80.],
       [80.],
       [80.],
       [80.],
       [80.],
       [80.],
       [80.],
       [80.],
       [80.],
       [80.],
       [80.],
       [80.],
       [80.],
       [80.],
       [80.],
       [80.],
       [80.],
       [80.],
       [80.],
       [80.],
       [80.],
       [80.],
       [80.],
       [80.],
       [80.],
       [80.],
       [80.],
       [80.],
       [80.],
       [80.],
       [80.],
       [80.],
       [80.],
       [80.],
       [80.],
       [80.],
       [80.],
       [80.],
       [80.],
       [80.],
       [80.],
       [80.],
       [80.],
       [80.],
       [80.],
       [80.],
       [80.],
       [80.],
       [80.],
       [80.],
       [80.],
       [80.],
       [80.],
       [80.],
       [80.],
       [80.],
       [80.],
       [80.],
       [80.],
       [80.],
       [80.],
       [80.],
       [80.],
       [80.],
       [80.],
       [80.],
       [80.],
       [80.],
       [80.],
       [80.],
       [80.],
       [80.],
       [80.],
       [80.],
       [80.],
       [80.],
       [80.],
       [80.],
       [80.],
       [80.],
       [80.],
       [80.],
       [80.],
       [80.],
       [80.],
       [80.],
       [80.],
       [80.],
       [80.],
       [80.],
       [80.],
       [80.],
       [80.],
       [80.],
       [80.],
       [80.],
       [80.],
       [80.],
       [80.],
       [80.],
       [80.],
       [80.],
       [80.],
       [80.],
       [80.],
       [80.],
       [80.],
       [80.],
       [80.],
       [80.],
       [80.],
       [80.],
       [80.],
       [80.],
       [80.],
       [80.],
       [80.],
       [80.],
       [80.],
       [80.],
       [80.],
       [80.],
       [80.],
       [80.],
       [80.],
       [80.],
       [80.],
       [80.],
       [80.],
       [80.],
       [80.],
       [80.],
       [80.],
       [80.],
       [80.],
       [80.],
       [80.],
       [80.],
       [80.],
       [80.],
       [80.],
       [80.],
       [80.],
       [80.],
       [80.],
       [80.],
       [80.],
       [80.],
       [80.],
       [80.],
       [80.],
       [80.],
       [80.],
       [80.],
       [80.],
       [80.],
       [80.],
       [80.],
       [80.],
       [80.],
       [80.],
       [80.],
       [80.],
       [80.],
       [80.],
       [80.],
       [80.],
       [80.],
       [80.],
       [80.],
       [80.],
       [80.],
       [80.],
       [80.],
       [80.],
       [80.],
       [80.],
       [80.],
       [80.],
       [80.],
       [80.],
       [80.],
       [80.],
       [80.],
       [80.],
       [80.],
       [80.],
       [80.],
       [80.]]), 'dt': 0.01, 'N': 400, 'l': 1e-05}","{'Q': 26.31578947368421, 'gbar': 6.315789473684211, 'T': 10000, 'supervisor': array([[-1.89214982e-17],
       [ 4.44288287e-04],
       [ 8.88576529e-04],
       ...,
       [-1.33286468e-03],
       [-8.88576529e-04],
       [-4.44288287e-04]]), 'BIAS': array([[80.],
       [80.],
       [80.],
       [80.],
       [80.],
       [80.],
       [80.],
       [80.],
       [80.],
       [80.],
       [80.],
       [80.],
       [80.],
       [80.],
       [80.],
       [80.],
       [80.],
       [80.],
       [80.],
       [80.],
       [80.],
       [80.],
       [80.],
       [80.],
       [80.],
       [80.],
       [80.],
       [80.],
       [80.],
       [80.],
       [80.],
       [80.],
       [80.],
       [80.],
       [80.],
       [80.],
       [80.],
       [80.],
       [80.],
       [80.],
       [80.],
       [80.],
       [80.],
       [80.],
       [80.],
       [80.],
       [80.],
       [80.],
       [80.],
       [80.],
       [80.],
       [80.],
       [80.],
       [80.],
       [80.],
       [80.],
       [80.],
       [80.],
       [80.],
       [80.],
       [80.],
       [80.],
       [80.],
       [80.],
       [80.],
       [80.],
       [80.],
       [80.],
       [80.],
       [80.],
       [80.],
       [80.],
       [80.],
       [80.],
       [80.],
       [80.],
       [80.],
       [80.],
       [80.],
       [80.],
       [80.],
       [80.],
       [80.],
       [80.],
       [80.],
       [80.],
       [80.],
       [80.],
       [80.],
       [80.],
       [80.],
       [80.],
       [80.],
       [80.],
       [80.],
       [80.],
       [80.],
       [80.],
       [80.],
       [80.],
       [80.],
       [80.],
       [80.],
       [80.],
       [80.],
       [80.],
       [80.],
       [80.],
       [80.],
       [80.],
       [80.],
       [80.],
       [80.],
       [80.],
       [80.],
       [80.],
       [80.],
       [80.],
       [80.],
       [80.],
       [80.],
       [80.],
       [80.],
       [80.],
       [80.],
       [80.],
       [80.],
       [80.],
       [80.],
       [80.],
       [80.],
       [80.],
       [80.],
       [80.],
       [80.],
       [80.],
       [80.],
       [80.],
       [80.],
       [80.],
       [80.],
       [80.],
       [80.],
       [80.],
       [80.],
       [80.],
       [80.],
       [80.],
       [80.],
       [80.],
       [80.],
       [80.],
       [80.],
       [80.],
       [80.],
       [80.],
       [80.],
       [80.],
       [80.],
       [80.],
       [80.],
       [80.],
       [80.],
       [80.],
       [80.],
       [80.],
       [80.],
       [80.],
       [80.],
       [80.],
       [80.],
       [80.],
       [80.],
       [80.],
       [80.],
       [80.],
       [80.],
       [80.],
       [80.],
       [80.],
       [80.],
       [80.],
       [80.],
       [80.],
       [80.],
       [80.],
       [80.],
       [80.],
       [80.],
       [80.],
       [80.],
       [80.],
       [80.],
       [80.],
       [80.],
       [80.],
       [80.],
       [80.],
       [80.],
       [80.],
       [80.],
       [80.],
       [80.],
       [80.],
       [80.],
       [80.],
       [80.],
       [80.],
       [80.],
       [80.],
       [80.],
       [80.],
       [80.],
       [80.],
       [80.],
       [80.],
       [80.],
       [80.],
       [80.],
       [80.],
       [80.],
       [80.],
       [80.],
       [80.],
       [80.],
       [80.],
       [80.],
       [80.],
       [80.],
       [80.],
       [80.],
       [80.],
       [80.],
       [80.],
       [80.],
       [80.],
       [80.],
       [80.],
       [80.],
       [80.],
       [80.],
       [80.],
       [80.],
       [80.],
       [80.],
       [80.],
       [80.],
       [80.],
       [80.],
       [80.],
       [80.],
       [80.],
       [80.],
       [80.],
       [80.],
       [80.],
       [80.],
       [80.],
       [80.],
       [80.],
       [80.],
       [80.],
       [80.],
       [80.],
       [80.],
       [80.],
       [80.],
       [80.],
       [80.],
       [80.],
       [80.],
       [80.],
       [80.],
       [80.],
       [80.],
       [80.],
       [80.],
       [80.],
       [80.],
       [80.],
       [80.],
       [80.],
       [80.],
       [80.],
       [80.],
       [80.],
       [80.],
       [80.],
       [80.],
       [80.],
       [80.],
       [80.],
       [80.],
       [80.],
       [80.],
       [80.],
       [80.],
       [80.],
       [80.],
       [80.],
       [80.],
       [80.],
       [80.],
       [80.],
       [80.],
       [80.],
       [80.],
       [80.],
       [80.],
       [80.],
       [80.],
       [80.],
       [80.],
       [80.],
       [80.],
       [80.],
       [80.],
       [80.],
       [80.],
       [80.],
       [80.],
       [80.],
       [80.],
       [80.],
       [80.],
       [80.],
       [80.],
       [80.],
       [80.],
       [80.],
       [80.],
       [80.],
       [80.],
       [80.],
       [80.],
       [80.],
       [80.],
       [80.],
       [80.],
       [80.],
       [80.],
       [80.],
       [80.],
       [80.],
       [80.],
       [80.],
       [80.],
       [80.],
       [80.],
       [80.],
       [80.],
       [80.],
       [80.],
       [80.],
       [80.],
       [80.],
       [80.],
       [80.],
       [80.],
       [80.],
       [80.],
       [80.],
       [80.],
       [80.],
       [80.],
       [80.],
       [80.],
       [80.],
       [80.],
       [80.],
       [80.],
       [80.],
       [80.],
       [80.],
       [80.],
       [80.],
       [80.],
       [80.],
       [80.],
       [80.],
       [80.],
       [80.],
       [80.],
       [80.],
       [80.],
       [80.],
       [80.],
       [80.],
       [80.],
       [80.],
       [80.],
       [80.],
       [80.],
       [80.],
       [80.],
       [80.],
       [80.],
       [80.],
       [80.],
       [80.]]), 'dt': 0.01, 'N': 400, 'l': 1e-05}","{'Q': 26.31578947368421, 'gbar': 7.368421052631579, 'T': 10000, 'supervisor': array([[-1.89214982e-17],
       [ 4.44288287e-04],
       [ 8.88576529e-04],
       ...,
       [-1.33286468e-03],
       [-8.88576529e-04],
       [-4.44288287e-04]]), 'BIAS': array([[80.],
       [80.],
       [80.],
       [80.],
       [80.],
       [80.],
       [80.],
       [80.],
       [80.],
       [80.],
       [80.],
       [80.],
       [80.],
       [80.],
       [80.],
       [80.],
       [80.],
       [80.],
       [80.],
       [80.],
       [80.],
       [80.],
       [80.],
       [80.],
       [80.],
       [80.],
       [80.],
       [80.],
       [80.],
       [80.],
       [80.],
       [80.],
       [80.],
       [80.],
       [80.],
       [80.],
       [80.],
       [80.],
       [80.],
       [80.],
       [80.],
       [80.],
       [80.],
       [80.],
       [80.],
       [80.],
       [80.],
       [80.],
       [80.],
       [80.],
       [80.],
       [80.],
       [80.],
       [80.],
       [80.],
       [80.],
       [80.],
       [80.],
       [80.],
       [80.],
       [80.],
       [80.],
       [80.],
       [80.],
       [80.],
       [80.],
       [80.],
       [80.],
       [80.],
       [80.],
       [80.],
       [80.],
       [80.],
       [80.],
       [80.],
       [80.],
       [80.],
       [80.],
       [80.],
       [80.],
       [80.],
       [80.],
       [80.],
       [80.],
       [80.],
       [80.],
       [80.],
       [80.],
       [80.],
       [80.],
       [80.],
       [80.],
       [80.],
       [80.],
       [80.],
       [80.],
       [80.],
       [80.],
       [80.],
       [80.],
       [80.],
       [80.],
       [80.],
       [80.],
       [80.],
       [80.],
       [80.],
       [80.],
       [80.],
       [80.],
       [80.],
       [80.],
       [80.],
       [80.],
       [80.],
       [80.],
       [80.],
       [80.],
       [80.],
       [80.],
       [80.],
       [80.],
       [80.],
       [80.],
       [80.],
       [80.],
       [80.],
       [80.],
       [80.],
       [80.],
       [80.],
       [80.],
       [80.],
       [80.],
       [80.],
       [80.],
       [80.],
       [80.],
       [80.],
       [80.],
       [80.],
       [80.],
       [80.],
       [80.],
       [80.],
       [80.],
       [80.],
       [80.],
       [80.],
       [80.],
       [80.],
       [80.],
       [80.],
       [80.],
       [80.],
       [80.],
       [80.],
       [80.],
       [80.],
       [80.],
       [80.],
       [80.],
       [80.],
       [80.],
       [80.],
       [80.],
       [80.],
       [80.],
       [80.],
       [80.],
       [80.],
       [80.],
       [80.],
       [80.],
       [80.],
       [80.],
       [80.],
       [80.],
       [80.],
       [80.],
       [80.],
       [80.],
       [80.],
       [80.],
       [80.],
       [80.],
       [80.],
       [80.],
       [80.],
       [80.],
       [80.],
       [80.],
       [80.],
       [80.],
       [80.],
       [80.],
       [80.],
       [80.],
       [80.],
       [80.],
       [80.],
       [80.],
       [80.],
       [80.],
       [80.],
       [80.],
       [80.],
       [80.],
       [80.],
       [80.],
       [80.],
       [80.],
       [80.],
       [80.],
       [80.],
       [80.],
       [80.],
       [80.],
       [80.],
       [80.],
       [80.],
       [80.],
       [80.],
       [80.],
       [80.],
       [80.],
       [80.],
       [80.],
       [80.],
       [80.],
       [80.],
       [80.],
       [80.],
       [80.],
       [80.],
       [80.],
       [80.],
       [80.],
       [80.],
       [80.],
       [80.],
       [80.],
       [80.],
       [80.],
       [80.],
       [80.],
       [80.],
       [80.],
       [80.],
       [80.],
       [80.],
       [80.],
       [80.],
       [80.],
       [80.],
       [80.],
       [80.],
       [80.],
       [80.],
       [80.],
       [80.],
       [80.],
       [80.],
       [80.],
       [80.],
       [80.],
       [80.],
       [80.],
       [80.],
       [80.],
       [80.],
       [80.],
       [80.],
       [80.],
       [80.],
       [80.],
       [80.],
       [80.],
       [80.],
       [80.],
       [80.],
       [80.],
       [80.],
       [80.],
       [80.],
       [80.],
       [80.],
       [80.],
       [80.],
       [80.],
       [80.],
       [80.],
       [80.],
       [80.],
       [80.],
       [80.],
       [80.],
       [80.],
       [80.],
       [80.],
       [80.],
       [80.],
       [80.],
       [80.],
       [80.],
       [80.],
       [80.],
       [80.],
       [80.],
       [80.],
       [80.],
       [80.],
       [80.],
       [80.],
       [80.],
       [80.],
       [80.],
       [80.],
       [80.],
       [80.],
       [80.],
       [80.],
       [80.],
       [80.],
       [80.],
       [80.],
       [80.],
       [80.],
       [80.],
       [80.],
       [80.],
       [80.],
       [80.],
       [80.],
       [80.],
       [80.],
       [80.],
       [80.],
       [80.],
       [80.],
       [80.],
       [80.],
       [80.],
       [80.],
       [80.],
       [80.],
       [80.],
       [80.],
       [80.],
       [80.],
       [80.],
       [80.],
       [80.],
       [80.],
       [80.],
       [80.],
       [80.],
       [80.],
       [80.],
       [80.],
       [80.],
       [80.],
       [80.],
       [80.],
       [80.],
       [80.],
       [80.],
       [80.],
       [80.],
       [80.],
       [80.],
       [80.],
       [80.],
       [80.],
       [80.],
       [80.],
       [80.],
       [80.],
       [80.],
       [80.],
       [80.],
       [80.],
       [80.],
       [80.],
       [80.],
       [80.],
       [80.],
       [80.],
       [80.],
       [80.],
       [80.],
       [80.],
       [80.],
       [80.],
       [80.],
       [80.],
       [80.],
       [80.],
       [80.],
       [80.]]), 'dt': 0.01, 'N': 400, 'l': 1e-05}","{'Q': 26.31578947368421, 'gbar': 8.421052631578947, 'T': 10000, 'supervisor': array([[-1.89214982e-17],
       [ 4.44288287e-04],
       [ 8.88576529e-04],
       ...,
       [-1.33286468e-03],
       [-8.88576529e-04],
       [-4.44288287e-04]]), 'BIAS': array([[80.],
       [80.],
       [80.],
       [80.],
       [80.],
       [80.],
       [80.],
       [80.],
       [80.],
       [80.],
       [80.],
       [80.],
       [80.],
       [80.],
       [80.],
       [80.],
       [80.],
       [80.],
       [80.],
       [80.],
       [80.],
       [80.],
       [80.],
       [80.],
       [80.],
       [80.],
       [80.],
       [80.],
       [80.],
       [80.],
       [80.],
       [80.],
       [80.],
       [80.],
       [80.],
       [80.],
       [80.],
       [80.],
       [80.],
       [80.],
       [80.],
       [80.],
       [80.],
       [80.],
       [80.],
       [80.],
       [80.],
       [80.],
       [80.],
       [80.],
       [80.],
       [80.],
       [80.],
       [80.],
       [80.],
       [80.],
       [80.],
       [80.],
       [80.],
       [80.],
       [80.],
       [80.],
       [80.],
       [80.],
       [80.],
       [80.],
       [80.],
       [80.],
       [80.],
       [80.],
       [80.],
       [80.],
       [80.],
       [80.],
       [80.],
       [80.],
       [80.],
       [80.],
       [80.],
       [80.],
       [80.],
       [80.],
       [80.],
       [80.],
       [80.],
       [80.],
       [80.],
       [80.],
       [80.],
       [80.],
       [80.],
       [80.],
       [80.],
       [80.],
       [80.],
       [80.],
       [80.],
       [80.],
       [80.],
       [80.],
       [80.],
       [80.],
       [80.],
       [80.],
       [80.],
       [80.],
       [80.],
       [80.],
       [80.],
       [80.],
       [80.],
       [80.],
       [80.],
       [80.],
       [80.],
       [80.],
       [80.],
       [80.],
       [80.],
       [80.],
       [80.],
       [80.],
       [80.],
       [80.],
       [80.],
       [80.],
       [80.],
       [80.],
       [80.],
       [80.],
       [80.],
       [80.],
       [80.],
       [80.],
       [80.],
       [80.],
       [80.],
       [80.],
       [80.],
       [80.],
       [80.],
       [80.],
       [80.],
       [80.],
       [80.],
       [80.],
       [80.],
       [80.],
       [80.],
       [80.],
       [80.],
       [80.],
       [80.],
       [80.],
       [80.],
       [80.],
       [80.],
       [80.],
       [80.],
       [80.],
       [80.],
       [80.],
       [80.],
       [80.],
       [80.],
       [80.],
       [80.],
       [80.],
       [80.],
       [80.],
       [80.],
       [80.],
       [80.],
       [80.],
       [80.],
       [80.],
       [80.],
       [80.],
       [80.],
       [80.],
       [80.],
       [80.],
       [80.],
       [80.],
       [80.],
       [80.],
       [80.],
       [80.],
       [80.],
       [80.],
       [80.],
       [80.],
       [80.],
       [80.],
       [80.],
       [80.],
       [80.],
       [80.],
       [80.],
       [80.],
       [80.],
       [80.],
       [80.],
       [80.],
       [80.],
       [80.],
       [80.],
       [80.],
       [80.],
       [80.],
       [80.],
       [80.],
       [80.],
       [80.],
       [80.],
       [80.],
       [80.],
       [80.],
       [80.],
       [80.],
       [80.],
       [80.],
       [80.],
       [80.],
       [80.],
       [80.],
       [80.],
       [80.],
       [80.],
       [80.],
       [80.],
       [80.],
       [80.],
       [80.],
       [80.],
       [80.],
       [80.],
       [80.],
       [80.],
       [80.],
       [80.],
       [80.],
       [80.],
       [80.],
       [80.],
       [80.],
       [80.],
       [80.],
       [80.],
       [80.],
       [80.],
       [80.],
       [80.],
       [80.],
       [80.],
       [80.],
       [80.],
       [80.],
       [80.],
       [80.],
       [80.],
       [80.],
       [80.],
       [80.],
       [80.],
       [80.],
       [80.],
       [80.],
       [80.],
       [80.],
       [80.],
       [80.],
       [80.],
       [80.],
       [80.],
       [80.],
       [80.],
       [80.],
       [80.],
       [80.],
       [80.],
       [80.],
       [80.],
       [80.],
       [80.],
       [80.],
       [80.],
       [80.],
       [80.],
       [80.],
       [80.],
       [80.],
       [80.],
       [80.],
       [80.],
       [80.],
       [80.],
       [80.],
       [80.],
       [80.],
       [80.],
       [80.],
       [80.],
       [80.],
       [80.],
       [80.],
       [80.],
       [80.],
       [80.],
       [80.],
       [80.],
       [80.],
       [80.],
       [80.],
       [80.],
       [80.],
       [80.],
       [80.],
       [80.],
       [80.],
       [80.],
       [80.],
       [80.],
       [80.],
       [80.],
       [80.],
       [80.],
       [80.],
       [80.],
       [80.],
       [80.],
       [80.],
       [80.],
       [80.],
       [80.],
       [80.],
       [80.],
       [80.],
       [80.],
       [80.],
       [80.],
       [80.],
       [80.],
       [80.],
       [80.],
       [80.],
       [80.],
       [80.],
       [80.],
       [80.],
       [80.],
       [80.],
       [80.],
       [80.],
       [80.],
       [80.],
       [80.],
       [80.],
       [80.],
       [80.],
       [80.],
       [80.],
       [80.],
       [80.],
       [80.],
       [80.],
       [80.],
       [80.],
       [80.],
       [80.],
       [80.],
       [80.],
       [80.],
       [80.],
       [80.],
       [80.],
       [80.],
       [80.],
       [80.],
       [80.],
       [80.],
       [80.],
       [80.],
       [80.],
       [80.],
       [80.],
       [80.],
       [80.],
       [80.],
       [80.],
       [80.],
       [80.],
       [80.],
       [80.],
       [80.],
       [80.],
       [80.],
       [80.],
       [80.],
       [80.]]), 'dt': 0.01, 'N': 400, 'l': 1e-05}","{'Q': 26.31578947368421, 'gbar': 9.473684210526315, 'T': 10000, 'supervisor': array([[-1.89214982e-17],
       [ 4.44288287e-04],
       [ 8.88576529e-04],
       ...,
       [-1.33286468e-03],
       [-8.88576529e-04],
       [-4.44288287e-04]]), 'BIAS': array([[80.],
       [80.],
       [80.],
       [80.],
       [80.],
       [80.],
       [80.],
       [80.],
       [80.],
       [80.],
       [80.],
       [80.],
       [80.],
       [80.],
       [80.],
       [80.],
       [80.],
       [80.],
       [80.],
       [80.],
       [80.],
       [80.],
       [80.],
       [80.],
       [80.],
       [80.],
       [80.],
       [80.],
       [80.],
       [80.],
       [80.],
       [80.],
       [80.],
       [80.],
       [80.],
       [80.],
       [80.],
       [80.],
       [80.],
       [80.],
       [80.],
       [80.],
       [80.],
       [80.],
       [80.],
       [80.],
       [80.],
       [80.],
       [80.],
       [80.],
       [80.],
       [80.],
       [80.],
       [80.],
       [80.],
       [80.],
       [80.],
       [80.],
       [80.],
       [80.],
       [80.],
       [80.],
       [80.],
       [80.],
       [80.],
       [80.],
       [80.],
       [80.],
       [80.],
       [80.],
       [80.],
       [80.],
       [80.],
       [80.],
       [80.],
       [80.],
       [80.],
       [80.],
       [80.],
       [80.],
       [80.],
       [80.],
       [80.],
       [80.],
       [80.],
       [80.],
       [80.],
       [80.],
       [80.],
       [80.],
       [80.],
       [80.],
       [80.],
       [80.],
       [80.],
       [80.],
       [80.],
       [80.],
       [80.],
       [80.],
       [80.],
       [80.],
       [80.],
       [80.],
       [80.],
       [80.],
       [80.],
       [80.],
       [80.],
       [80.],
       [80.],
       [80.],
       [80.],
       [80.],
       [80.],
       [80.],
       [80.],
       [80.],
       [80.],
       [80.],
       [80.],
       [80.],
       [80.],
       [80.],
       [80.],
       [80.],
       [80.],
       [80.],
       [80.],
       [80.],
       [80.],
       [80.],
       [80.],
       [80.],
       [80.],
       [80.],
       [80.],
       [80.],
       [80.],
       [80.],
       [80.],
       [80.],
       [80.],
       [80.],
       [80.],
       [80.],
       [80.],
       [80.],
       [80.],
       [80.],
       [80.],
       [80.],
       [80.],
       [80.],
       [80.],
       [80.],
       [80.],
       [80.],
       [80.],
       [80.],
       [80.],
       [80.],
       [80.],
       [80.],
       [80.],
       [80.],
       [80.],
       [80.],
       [80.],
       [80.],
       [80.],
       [80.],
       [80.],
       [80.],
       [80.],
       [80.],
       [80.],
       [80.],
       [80.],
       [80.],
       [80.],
       [80.],
       [80.],
       [80.],
       [80.],
       [80.],
       [80.],
       [80.],
       [80.],
       [80.],
       [80.],
       [80.],
       [80.],
       [80.],
       [80.],
       [80.],
       [80.],
       [80.],
       [80.],
       [80.],
       [80.],
       [80.],
       [80.],
       [80.],
       [80.],
       [80.],
       [80.],
       [80.],
       [80.],
       [80.],
       [80.],
       [80.],
       [80.],
       [80.],
       [80.],
       [80.],
       [80.],
       [80.],
       [80.],
       [80.],
       [80.],
       [80.],
       [80.],
       [80.],
       [80.],
       [80.],
       [80.],
       [80.],
       [80.],
       [80.],
       [80.],
       [80.],
       [80.],
       [80.],
       [80.],
       [80.],
       [80.],
       [80.],
       [80.],
       [80.],
       [80.],
       [80.],
       [80.],
       [80.],
       [80.],
       [80.],
       [80.],
       [80.],
       [80.],
       [80.],
       [80.],
       [80.],
       [80.],
       [80.],
       [80.],
       [80.],
       [80.],
       [80.],
       [80.],
       [80.],
       [80.],
       [80.],
       [80.],
       [80.],
       [80.],
       [80.],
       [80.],
       [80.],
       [80.],
       [80.],
       [80.],
       [80.],
       [80.],
       [80.],
       [80.],
       [80.],
       [80.],
       [80.],
       [80.],
       [80.],
       [80.],
       [80.],
       [80.],
       [80.],
       [80.],
       [80.],
       [80.],
       [80.],
       [80.],
       [80.],
       [80.],
       [80.],
       [80.],
       [80.],
       [80.],
       [80.],
       [80.],
       [80.],
       [80.],
       [80.],
       [80.],
       [80.],
       [80.],
       [80.],
       [80.],
       [80.],
       [80.],
       [80.],
       [80.],
       [80.],
       [80.],
       [80.],
       [80.],
       [80.],
       [80.],
       [80.],
       [80.],
       [80.],
       [80.],
       [80.],
       [80.],
       [80.],
       [80.],
       [80.],
       [80.],
       [80.],
       [80.],
       [80.],
       [80.],
       [80.],
       [80.],
       [80.],
       [80.],
       [80.],
       [80.],
       [80.],
       [80.],
       [80.],
       [80.],
       [80.],
       [80.],
       [80.],
       [80.],
       [80.],
       [80.],
       [80.],
       [80.],
       [80.],
       [80.],
       [80.],
       [80.],
       [80.],
       [80.],
       [80.],
       [80.],
       [80.],
       [80.],
       [80.],
       [80.],
       [80.],
       [80.],
       [80.],
       [80.],
       [80.],
       [80.],
       [80.],
       [80.],
       [80.],
       [80.],
       [80.],
       [80.],
       [80.],
       [80.],
       [80.],
       [80.],
       [80.],
       [80.],
       [80.],
       [80.],
       [80.],
       [80.],
       [80.],
       [80.],
       [80.],
       [80.],
       [80.],
       [80.],
       [80.],
       [80.],
       [80.],
       [80.],
       [80.],
       [80.],
       [80.],
       [80.],
       [80.],
       [80.],
       [80.],
       [80.],
       [80.]]), 'dt': 0.01, 'N': 400, 'l': 1e-05}","{'Q': 26.31578947368421, 'gbar': 10.526315789473683, 'T': 10000, 'supervisor': array([[-1.89214982e-17],
       [ 4.44288287e-04],
       [ 8.88576529e-04],
       ...,
       [-1.33286468e-03],
       [-8.88576529e-04],
       [-4.44288287e-04]]), 'BIAS': array([[80.],
       [80.],
       [80.],
       [80.],
       [80.],
       [80.],
       [80.],
       [80.],
       [80.],
       [80.],
       [80.],
       [80.],
       [80.],
       [80.],
       [80.],
       [80.],
       [80.],
       [80.],
       [80.],
       [80.],
       [80.],
       [80.],
       [80.],
       [80.],
       [80.],
       [80.],
       [80.],
       [80.],
       [80.],
       [80.],
       [80.],
       [80.],
       [80.],
       [80.],
       [80.],
       [80.],
       [80.],
       [80.],
       [80.],
       [80.],
       [80.],
       [80.],
       [80.],
       [80.],
       [80.],
       [80.],
       [80.],
       [80.],
       [80.],
       [80.],
       [80.],
       [80.],
       [80.],
       [80.],
       [80.],
       [80.],
       [80.],
       [80.],
       [80.],
       [80.],
       [80.],
       [80.],
       [80.],
       [80.],
       [80.],
       [80.],
       [80.],
       [80.],
       [80.],
       [80.],
       [80.],
       [80.],
       [80.],
       [80.],
       [80.],
       [80.],
       [80.],
       [80.],
       [80.],
       [80.],
       [80.],
       [80.],
       [80.],
       [80.],
       [80.],
       [80.],
       [80.],
       [80.],
       [80.],
       [80.],
       [80.],
       [80.],
       [80.],
       [80.],
       [80.],
       [80.],
       [80.],
       [80.],
       [80.],
       [80.],
       [80.],
       [80.],
       [80.],
       [80.],
       [80.],
       [80.],
       [80.],
       [80.],
       [80.],
       [80.],
       [80.],
       [80.],
       [80.],
       [80.],
       [80.],
       [80.],
       [80.],
       [80.],
       [80.],
       [80.],
       [80.],
       [80.],
       [80.],
       [80.],
       [80.],
       [80.],
       [80.],
       [80.],
       [80.],
       [80.],
       [80.],
       [80.],
       [80.],
       [80.],
       [80.],
       [80.],
       [80.],
       [80.],
       [80.],
       [80.],
       [80.],
       [80.],
       [80.],
       [80.],
       [80.],
       [80.],
       [80.],
       [80.],
       [80.],
       [80.],
       [80.],
       [80.],
       [80.],
       [80.],
       [80.],
       [80.],
       [80.],
       [80.],
       [80.],
       [80.],
       [80.],
       [80.],
       [80.],
       [80.],
       [80.],
       [80.],
       [80.],
       [80.],
       [80.],
       [80.],
       [80.],
       [80.],
       [80.],
       [80.],
       [80.],
       [80.],
       [80.],
       [80.],
       [80.],
       [80.],
       [80.],
       [80.],
       [80.],
       [80.],
       [80.],
       [80.],
       [80.],
       [80.],
       [80.],
       [80.],
       [80.],
       [80.],
       [80.],
       [80.],
       [80.],
       [80.],
       [80.],
       [80.],
       [80.],
       [80.],
       [80.],
       [80.],
       [80.],
       [80.],
       [80.],
       [80.],
       [80.],
       [80.],
       [80.],
       [80.],
       [80.],
       [80.],
       [80.],
       [80.],
       [80.],
       [80.],
       [80.],
       [80.],
       [80.],
       [80.],
       [80.],
       [80.],
       [80.],
       [80.],
       [80.],
       [80.],
       [80.],
       [80.],
       [80.],
       [80.],
       [80.],
       [80.],
       [80.],
       [80.],
       [80.],
       [80.],
       [80.],
       [80.],
       [80.],
       [80.],
       [80.],
       [80.],
       [80.],
       [80.],
       [80.],
       [80.],
       [80.],
       [80.],
       [80.],
       [80.],
       [80.],
       [80.],
       [80.],
       [80.],
       [80.],
       [80.],
       [80.],
       [80.],
       [80.],
       [80.],
       [80.],
       [80.],
       [80.],
       [80.],
       [80.],
       [80.],
       [80.],
       [80.],
       [80.],
       [80.],
       [80.],
       [80.],
       [80.],
       [80.],
       [80.],
       [80.],
       [80.],
       [80.],
       [80.],
       [80.],
       [80.],
       [80.],
       [80.],
       [80.],
       [80.],
       [80.],
       [80.],
       [80.],
       [80.],
       [80.],
       [80.],
       [80.],
       [80.],
       [80.],
       [80.],
       [80.],
       [80.],
       [80.],
       [80.],
       [80.],
       [80.],
       [80.],
       [80.],
       [80.],
       [80.],
       [80.],
       [80.],
       [80.],
       [80.],
       [80.],
       [80.],
       [80.],
       [80.],
       [80.],
       [80.],
       [80.],
       [80.],
       [80.],
       [80.],
       [80.],
       [80.],
       [80.],
       [80.],
       [80.],
       [80.],
       [80.],
       [80.],
       [80.],
       [80.],
       [80.],
       [80.],
       [80.],
       [80.],
       [80.],
       [80.],
       [80.],
       [80.],
       [80.],
       [80.],
       [80.],
       [80.],
       [80.],
       [80.],
       [80.],
       [80.],
       [80.],
       [80.],
       [80.],
       [80.],
       [80.],
       [80.],
       [80.],
       [80.],
       [80.],
       [80.],
       [80.],
       [80.],
       [80.],
       [80.],
       [80.],
       [80.],
       [80.],
       [80.],
       [80.],
       [80.],
       [80.],
       [80.],
       [80.],
       [80.],
       [80.],
       [80.],
       [80.],
       [80.],
       [80.],
       [80.],
       [80.],
       [80.],
       [80.],
       [80.],
       [80.],
       [80.],
       [80.],
       [80.],
       [80.],
       [80.],
       [80.],
       [80.],
       [80.],
       [80.],
       [80.],
       [80.],
       [80.],
       [80.],
       [80.],
       [80.],
       [80.],
       [80.],
       [80.],
       [80.],
       [80.]]), 'dt': 0.01, 'N': 400, 'l': 1e-05}","{'Q': 26.31578947368421, 'gbar': 11.578947368421051, 'T': 10000, 'supervisor': array([[-1.89214982e-17],
       [ 4.44288287e-04],
       [ 8.88576529e-04],
       ...,
       [-1.33286468e-03],
       [-8.88576529e-04],
       [-4.44288287e-04]]), 'BIAS': array([[80.],
       [80.],
       [80.],
       [80.],
       [80.],
       [80.],
       [80.],
       [80.],
       [80.],
       [80.],
       [80.],
       [80.],
       [80.],
       [80.],
       [80.],
       [80.],
       [80.],
       [80.],
       [80.],
       [80.],
       [80.],
       [80.],
       [80.],
       [80.],
       [80.],
       [80.],
       [80.],
       [80.],
       [80.],
       [80.],
       [80.],
       [80.],
       [80.],
       [80.],
       [80.],
       [80.],
       [80.],
       [80.],
       [80.],
       [80.],
       [80.],
       [80.],
       [80.],
       [80.],
       [80.],
       [80.],
       [80.],
       [80.],
       [80.],
       [80.],
       [80.],
       [80.],
       [80.],
       [80.],
       [80.],
       [80.],
       [80.],
       [80.],
       [80.],
       [80.],
       [80.],
       [80.],
       [80.],
       [80.],
       [80.],
       [80.],
       [80.],
       [80.],
       [80.],
       [80.],
       [80.],
       [80.],
       [80.],
       [80.],
       [80.],
       [80.],
       [80.],
       [80.],
       [80.],
       [80.],
       [80.],
       [80.],
       [80.],
       [80.],
       [80.],
       [80.],
       [80.],
       [80.],
       [80.],
       [80.],
       [80.],
       [80.],
       [80.],
       [80.],
       [80.],
       [80.],
       [80.],
       [80.],
       [80.],
       [80.],
       [80.],
       [80.],
       [80.],
       [80.],
       [80.],
       [80.],
       [80.],
       [80.],
       [80.],
       [80.],
       [80.],
       [80.],
       [80.],
       [80.],
       [80.],
       [80.],
       [80.],
       [80.],
       [80.],
       [80.],
       [80.],
       [80.],
       [80.],
       [80.],
       [80.],
       [80.],
       [80.],
       [80.],
       [80.],
       [80.],
       [80.],
       [80.],
       [80.],
       [80.],
       [80.],
       [80.],
       [80.],
       [80.],
       [80.],
       [80.],
       [80.],
       [80.],
       [80.],
       [80.],
       [80.],
       [80.],
       [80.],
       [80.],
       [80.],
       [80.],
       [80.],
       [80.],
       [80.],
       [80.],
       [80.],
       [80.],
       [80.],
       [80.],
       [80.],
       [80.],
       [80.],
       [80.],
       [80.],
       [80.],
       [80.],
       [80.],
       [80.],
       [80.],
       [80.],
       [80.],
       [80.],
       [80.],
       [80.],
       [80.],
       [80.],
       [80.],
       [80.],
       [80.],
       [80.],
       [80.],
       [80.],
       [80.],
       [80.],
       [80.],
       [80.],
       [80.],
       [80.],
       [80.],
       [80.],
       [80.],
       [80.],
       [80.],
       [80.],
       [80.],
       [80.],
       [80.],
       [80.],
       [80.],
       [80.],
       [80.],
       [80.],
       [80.],
       [80.],
       [80.],
       [80.],
       [80.],
       [80.],
       [80.],
       [80.],
       [80.],
       [80.],
       [80.],
       [80.],
       [80.],
       [80.],
       [80.],
       [80.],
       [80.],
       [80.],
       [80.],
       [80.],
       [80.],
       [80.],
       [80.],
       [80.],
       [80.],
       [80.],
       [80.],
       [80.],
       [80.],
       [80.],
       [80.],
       [80.],
       [80.],
       [80.],
       [80.],
       [80.],
       [80.],
       [80.],
       [80.],
       [80.],
       [80.],
       [80.],
       [80.],
       [80.],
       [80.],
       [80.],
       [80.],
       [80.],
       [80.],
       [80.],
       [80.],
       [80.],
       [80.],
       [80.],
       [80.],
       [80.],
       [80.],
       [80.],
       [80.],
       [80.],
       [80.],
       [80.],
       [80.],
       [80.],
       [80.],
       [80.],
       [80.],
       [80.],
       [80.],
       [80.],
       [80.],
       [80.],
       [80.],
       [80.],
       [80.],
       [80.],
       [80.],
       [80.],
       [80.],
       [80.],
       [80.],
       [80.],
       [80.],
       [80.],
       [80.],
       [80.],
       [80.],
       [80.],
       [80.],
       [80.],
       [80.],
       [80.],
       [80.],
       [80.],
       [80.],
       [80.],
       [80.],
       [80.],
       [80.],
       [80.],
       [80.],
       [80.],
       [80.],
       [80.],
       [80.],
       [80.],
       [80.],
       [80.],
       [80.],
       [80.],
       [80.],
       [80.],
       [80.],
       [80.],
       [80.],
       [80.],
       [80.],
       [80.],
       [80.],
       [80.],
       [80.],
       [80.],
       [80.],
       [80.],
       [80.],
       [80.],
       [80.],
       [80.],
       [80.],
       [80.],
       [80.],
       [80.],
       [80.],
       [80.],
       [80.],
       [80.],
       [80.],
       [80.],
       [80.],
       [80.],
       [80.],
       [80.],
       [80.],
       [80.],
       [80.],
       [80.],
       [80.],
       [80.],
       [80.],
       [80.],
       [80.],
       [80.],
       [80.],
       [80.],
       [80.],
       [80.],
       [80.],
       [80.],
       [80.],
       [80.],
       [80.],
       [80.],
       [80.],
       [80.],
       [80.],
       [80.],
       [80.],
       [80.],
       [80.],
       [80.],
       [80.],
       [80.],
       [80.],
       [80.],
       [80.],
       [80.],
       [80.],
       [80.],
       [80.],
       [80.],
       [80.],
       [80.],
       [80.],
       [80.],
       [80.],
       [80.],
       [80.],
       [80.],
       [80.],
       [80.],
       [80.],
       [80.],
       [80.],
       [80.],
       [80.],
       [80.],
       [80.],
       [80.],
       [80.]]), 'dt': 0.01, 'N': 400, 'l': 1e-05}","{'Q': 26.31578947368421, 'gbar': 12.631578947368421, 'T': 10000, 'supervisor': array([[-1.89214982e-17],
       [ 4.44288287e-04],
       [ 8.88576529e-04],
       ...,
       [-1.33286468e-03],
       [-8.88576529e-04],
       [-4.44288287e-04]]), 'BIAS': array([[80.],
       [80.],
       [80.],
       [80.],
       [80.],
       [80.],
       [80.],
       [80.],
       [80.],
       [80.],
       [80.],
       [80.],
       [80.],
       [80.],
       [80.],
       [80.],
       [80.],
       [80.],
       [80.],
       [80.],
       [80.],
       [80.],
       [80.],
       [80.],
       [80.],
       [80.],
       [80.],
       [80.],
       [80.],
       [80.],
       [80.],
       [80.],
       [80.],
       [80.],
       [80.],
       [80.],
       [80.],
       [80.],
       [80.],
       [80.],
       [80.],
       [80.],
       [80.],
       [80.],
       [80.],
       [80.],
       [80.],
       [80.],
       [80.],
       [80.],
       [80.],
       [80.],
       [80.],
       [80.],
       [80.],
       [80.],
       [80.],
       [80.],
       [80.],
       [80.],
       [80.],
       [80.],
       [80.],
       [80.],
       [80.],
       [80.],
       [80.],
       [80.],
       [80.],
       [80.],
       [80.],
       [80.],
       [80.],
       [80.],
       [80.],
       [80.],
       [80.],
       [80.],
       [80.],
       [80.],
       [80.],
       [80.],
       [80.],
       [80.],
       [80.],
       [80.],
       [80.],
       [80.],
       [80.],
       [80.],
       [80.],
       [80.],
       [80.],
       [80.],
       [80.],
       [80.],
       [80.],
       [80.],
       [80.],
       [80.],
       [80.],
       [80.],
       [80.],
       [80.],
       [80.],
       [80.],
       [80.],
       [80.],
       [80.],
       [80.],
       [80.],
       [80.],
       [80.],
       [80.],
       [80.],
       [80.],
       [80.],
       [80.],
       [80.],
       [80.],
       [80.],
       [80.],
       [80.],
       [80.],
       [80.],
       [80.],
       [80.],
       [80.],
       [80.],
       [80.],
       [80.],
       [80.],
       [80.],
       [80.],
       [80.],
       [80.],
       [80.],
       [80.],
       [80.],
       [80.],
       [80.],
       [80.],
       [80.],
       [80.],
       [80.],
       [80.],
       [80.],
       [80.],
       [80.],
       [80.],
       [80.],
       [80.],
       [80.],
       [80.],
       [80.],
       [80.],
       [80.],
       [80.],
       [80.],
       [80.],
       [80.],
       [80.],
       [80.],
       [80.],
       [80.],
       [80.],
       [80.],
       [80.],
       [80.],
       [80.],
       [80.],
       [80.],
       [80.],
       [80.],
       [80.],
       [80.],
       [80.],
       [80.],
       [80.],
       [80.],
       [80.],
       [80.],
       [80.],
       [80.],
       [80.],
       [80.],
       [80.],
       [80.],
       [80.],
       [80.],
       [80.],
       [80.],
       [80.],
       [80.],
       [80.],
       [80.],
       [80.],
       [80.],
       [80.],
       [80.],
       [80.],
       [80.],
       [80.],
       [80.],
       [80.],
       [80.],
       [80.],
       [80.],
       [80.],
       [80.],
       [80.],
       [80.],
       [80.],
       [80.],
       [80.],
       [80.],
       [80.],
       [80.],
       [80.],
       [80.],
       [80.],
       [80.],
       [80.],
       [80.],
       [80.],
       [80.],
       [80.],
       [80.],
       [80.],
       [80.],
       [80.],
       [80.],
       [80.],
       [80.],
       [80.],
       [80.],
       [80.],
       [80.],
       [80.],
       [80.],
       [80.],
       [80.],
       [80.],
       [80.],
       [80.],
       [80.],
       [80.],
       [80.],
       [80.],
       [80.],
       [80.],
       [80.],
       [80.],
       [80.],
       [80.],
       [80.],
       [80.],
       [80.],
       [80.],
       [80.],
       [80.],
       [80.],
       [80.],
       [80.],
       [80.],
       [80.],
       [80.],
       [80.],
       [80.],
       [80.],
       [80.],
       [80.],
       [80.],
       [80.],
       [80.],
       [80.],
       [80.],
       [80.],
       [80.],
       [80.],
       [80.],
       [80.],
       [80.],
       [80.],
       [80.],
       [80.],
       [80.],
       [80.],
       [80.],
       [80.],
       [80.],
       [80.],
       [80.],
       [80.],
       [80.],
       [80.],
       [80.],
       [80.],
       [80.],
       [80.],
       [80.],
       [80.],
       [80.],
       [80.],
       [80.],
       [80.],
       [80.],
       [80.],
       [80.],
       [80.],
       [80.],
       [80.],
       [80.],
       [80.],
       [80.],
       [80.],
       [80.],
       [80.],
       [80.],
       [80.],
       [80.],
       [80.],
       [80.],
       [80.],
       [80.],
       [80.],
       [80.],
       [80.],
       [80.],
       [80.],
       [80.],
       [80.],
       [80.],
       [80.],
       [80.],
       [80.],
       [80.],
       [80.],
       [80.],
       [80.],
       [80.],
       [80.],
       [80.],
       [80.],
       [80.],
       [80.],
       [80.],
       [80.],
       [80.],
       [80.],
       [80.],
       [80.],
       [80.],
       [80.],
       [80.],
       [80.],
       [80.],
       [80.],
       [80.],
       [80.],
       [80.],
       [80.],
       [80.],
       [80.],
       [80.],
       [80.],
       [80.],
       [80.],
       [80.],
       [80.],
       [80.],
       [80.],
       [80.],
       [80.],
       [80.],
       [80.],
       [80.],
       [80.],
       [80.],
       [80.],
       [80.],
       [80.],
       [80.],
       [80.],
       [80.],
       [80.],
       [80.],
       [80.],
       [80.],
       [80.],
       [80.],
       [80.],
       [80.],
       [80.],
       [80.],
       [80.],
       [80.],
       [80.],
       [80.],
       [80.]]), 'dt': 0.01, 'N': 400, 'l': 1e-05}","{'Q': 26.31578947368421, 'gbar': 13.68421052631579, 'T': 10000, 'supervisor': array([[-1.89214982e-17],
       [ 4.44288287e-04],
       [ 8.88576529e-04],
       ...,
       [-1.33286468e-03],
       [-8.88576529e-04],
       [-4.44288287e-04]]), 'BIAS': array([[80.],
       [80.],
       [80.],
       [80.],
       [80.],
       [80.],
       [80.],
       [80.],
       [80.],
       [80.],
       [80.],
       [80.],
       [80.],
       [80.],
       [80.],
       [80.],
       [80.],
       [80.],
       [80.],
       [80.],
       [80.],
       [80.],
       [80.],
       [80.],
       [80.],
       [80.],
       [80.],
       [80.],
       [80.],
       [80.],
       [80.],
       [80.],
       [80.],
       [80.],
       [80.],
       [80.],
       [80.],
       [80.],
       [80.],
       [80.],
       [80.],
       [80.],
       [80.],
       [80.],
       [80.],
       [80.],
       [80.],
       [80.],
       [80.],
       [80.],
       [80.],
       [80.],
       [80.],
       [80.],
       [80.],
       [80.],
       [80.],
       [80.],
       [80.],
       [80.],
       [80.],
       [80.],
       [80.],
       [80.],
       [80.],
       [80.],
       [80.],
       [80.],
       [80.],
       [80.],
       [80.],
       [80.],
       [80.],
       [80.],
       [80.],
       [80.],
       [80.],
       [80.],
       [80.],
       [80.],
       [80.],
       [80.],
       [80.],
       [80.],
       [80.],
       [80.],
       [80.],
       [80.],
       [80.],
       [80.],
       [80.],
       [80.],
       [80.],
       [80.],
       [80.],
       [80.],
       [80.],
       [80.],
       [80.],
       [80.],
       [80.],
       [80.],
       [80.],
       [80.],
       [80.],
       [80.],
       [80.],
       [80.],
       [80.],
       [80.],
       [80.],
       [80.],
       [80.],
       [80.],
       [80.],
       [80.],
       [80.],
       [80.],
       [80.],
       [80.],
       [80.],
       [80.],
       [80.],
       [80.],
       [80.],
       [80.],
       [80.],
       [80.],
       [80.],
       [80.],
       [80.],
       [80.],
       [80.],
       [80.],
       [80.],
       [80.],
       [80.],
       [80.],
       [80.],
       [80.],
       [80.],
       [80.],
       [80.],
       [80.],
       [80.],
       [80.],
       [80.],
       [80.],
       [80.],
       [80.],
       [80.],
       [80.],
       [80.],
       [80.],
       [80.],
       [80.],
       [80.],
       [80.],
       [80.],
       [80.],
       [80.],
       [80.],
       [80.],
       [80.],
       [80.],
       [80.],
       [80.],
       [80.],
       [80.],
       [80.],
       [80.],
       [80.],
       [80.],
       [80.],
       [80.],
       [80.],
       [80.],
       [80.],
       [80.],
       [80.],
       [80.],
       [80.],
       [80.],
       [80.],
       [80.],
       [80.],
       [80.],
       [80.],
       [80.],
       [80.],
       [80.],
       [80.],
       [80.],
       [80.],
       [80.],
       [80.],
       [80.],
       [80.],
       [80.],
       [80.],
       [80.],
       [80.],
       [80.],
       [80.],
       [80.],
       [80.],
       [80.],
       [80.],
       [80.],
       [80.],
       [80.],
       [80.],
       [80.],
       [80.],
       [80.],
       [80.],
       [80.],
       [80.],
       [80.],
       [80.],
       [80.],
       [80.],
       [80.],
       [80.],
       [80.],
       [80.],
       [80.],
       [80.],
       [80.],
       [80.],
       [80.],
       [80.],
       [80.],
       [80.],
       [80.],
       [80.],
       [80.],
       [80.],
       [80.],
       [80.],
       [80.],
       [80.],
       [80.],
       [80.],
       [80.],
       [80.],
       [80.],
       [80.],
       [80.],
       [80.],
       [80.],
       [80.],
       [80.],
       [80.],
       [80.],
       [80.],
       [80.],
       [80.],
       [80.],
       [80.],
       [80.],
       [80.],
       [80.],
       [80.],
       [80.],
       [80.],
       [80.],
       [80.],
       [80.],
       [80.],
       [80.],
       [80.],
       [80.],
       [80.],
       [80.],
       [80.],
       [80.],
       [80.],
       [80.],
       [80.],
       [80.],
       [80.],
       [80.],
       [80.],
       [80.],
       [80.],
       [80.],
       [80.],
       [80.],
       [80.],
       [80.],
       [80.],
       [80.],
       [80.],
       [80.],
       [80.],
       [80.],
       [80.],
       [80.],
       [80.],
       [80.],
       [80.],
       [80.],
       [80.],
       [80.],
       [80.],
       [80.],
       [80.],
       [80.],
       [80.],
       [80.],
       [80.],
       [80.],
       [80.],
       [80.],
       [80.],
       [80.],
       [80.],
       [80.],
       [80.],
       [80.],
       [80.],
       [80.],
       [80.],
       [80.],
       [80.],
       [80.],
       [80.],
       [80.],
       [80.],
       [80.],
       [80.],
       [80.],
       [80.],
       [80.],
       [80.],
       [80.],
       [80.],
       [80.],
       [80.],
       [80.],
       [80.],
       [80.],
       [80.],
       [80.],
       [80.],
       [80.],
       [80.],
       [80.],
       [80.],
       [80.],
       [80.],
       [80.],
       [80.],
       [80.],
       [80.],
       [80.],
       [80.],
       [80.],
       [80.],
       [80.],
       [80.],
       [80.],
       [80.],
       [80.],
       [80.],
       [80.],
       [80.],
       [80.],
       [80.],
       [80.],
       [80.],
       [80.],
       [80.],
       [80.],
       [80.],
       [80.],
       [80.],
       [80.],
       [80.],
       [80.],
       [80.],
       [80.],
       [80.],
       [80.],
       [80.],
       [80.],
       [80.],
       [80.],
       [80.],
       [80.],
       [80.],
       [80.],
       [80.],
       [80.],
       [80.],
       [80.],
       [80.],
       [80.],
       [80.]]), 'dt': 0.01, 'N': 400, 'l': 1e-05}","{'Q': 26.31578947368421, 'gbar': 14.736842105263158, 'T': 10000, 'supervisor': array([[-1.89214982e-17],
       [ 4.44288287e-04],
       [ 8.88576529e-04],
       ...,
       [-1.33286468e-03],
       [-8.88576529e-04],
       [-4.44288287e-04]]), 'BIAS': array([[80.],
       [80.],
       [80.],
       [80.],
       [80.],
       [80.],
       [80.],
       [80.],
       [80.],
       [80.],
       [80.],
       [80.],
       [80.],
       [80.],
       [80.],
       [80.],
       [80.],
       [80.],
       [80.],
       [80.],
       [80.],
       [80.],
       [80.],
       [80.],
       [80.],
       [80.],
       [80.],
       [80.],
       [80.],
       [80.],
       [80.],
       [80.],
       [80.],
       [80.],
       [80.],
       [80.],
       [80.],
       [80.],
       [80.],
       [80.],
       [80.],
       [80.],
       [80.],
       [80.],
       [80.],
       [80.],
       [80.],
       [80.],
       [80.],
       [80.],
       [80.],
       [80.],
       [80.],
       [80.],
       [80.],
       [80.],
       [80.],
       [80.],
       [80.],
       [80.],
       [80.],
       [80.],
       [80.],
       [80.],
       [80.],
       [80.],
       [80.],
       [80.],
       [80.],
       [80.],
       [80.],
       [80.],
       [80.],
       [80.],
       [80.],
       [80.],
       [80.],
       [80.],
       [80.],
       [80.],
       [80.],
       [80.],
       [80.],
       [80.],
       [80.],
       [80.],
       [80.],
       [80.],
       [80.],
       [80.],
       [80.],
       [80.],
       [80.],
       [80.],
       [80.],
       [80.],
       [80.],
       [80.],
       [80.],
       [80.],
       [80.],
       [80.],
       [80.],
       [80.],
       [80.],
       [80.],
       [80.],
       [80.],
       [80.],
       [80.],
       [80.],
       [80.],
       [80.],
       [80.],
       [80.],
       [80.],
       [80.],
       [80.],
       [80.],
       [80.],
       [80.],
       [80.],
       [80.],
       [80.],
       [80.],
       [80.],
       [80.],
       [80.],
       [80.],
       [80.],
       [80.],
       [80.],
       [80.],
       [80.],
       [80.],
       [80.],
       [80.],
       [80.],
       [80.],
       [80.],
       [80.],
       [80.],
       [80.],
       [80.],
       [80.],
       [80.],
       [80.],
       [80.],
       [80.],
       [80.],
       [80.],
       [80.],
       [80.],
       [80.],
       [80.],
       [80.],
       [80.],
       [80.],
       [80.],
       [80.],
       [80.],
       [80.],
       [80.],
       [80.],
       [80.],
       [80.],
       [80.],
       [80.],
       [80.],
       [80.],
       [80.],
       [80.],
       [80.],
       [80.],
       [80.],
       [80.],
       [80.],
       [80.],
       [80.],
       [80.],
       [80.],
       [80.],
       [80.],
       [80.],
       [80.],
       [80.],
       [80.],
       [80.],
       [80.],
       [80.],
       [80.],
       [80.],
       [80.],
       [80.],
       [80.],
       [80.],
       [80.],
       [80.],
       [80.],
       [80.],
       [80.],
       [80.],
       [80.],
       [80.],
       [80.],
       [80.],
       [80.],
       [80.],
       [80.],
       [80.],
       [80.],
       [80.],
       [80.],
       [80.],
       [80.],
       [80.],
       [80.],
       [80.],
       [80.],
       [80.],
       [80.],
       [80.],
       [80.],
       [80.],
       [80.],
       [80.],
       [80.],
       [80.],
       [80.],
       [80.],
       [80.],
       [80.],
       [80.],
       [80.],
       [80.],
       [80.],
       [80.],
       [80.],
       [80.],
       [80.],
       [80.],
       [80.],
       [80.],
       [80.],
       [80.],
       [80.],
       [80.],
       [80.],
       [80.],
       [80.],
       [80.],
       [80.],
       [80.],
       [80.],
       [80.],
       [80.],
       [80.],
       [80.],
       [80.],
       [80.],
       [80.],
       [80.],
       [80.],
       [80.],
       [80.],
       [80.],
       [80.],
       [80.],
       [80.],
       [80.],
       [80.],
       [80.],
       [80.],
       [80.],
       [80.],
       [80.],
       [80.],
       [80.],
       [80.],
       [80.],
       [80.],
       [80.],
       [80.],
       [80.],
       [80.],
       [80.],
       [80.],
       [80.],
       [80.],
       [80.],
       [80.],
       [80.],
       [80.],
       [80.],
       [80.],
       [80.],
       [80.],
       [80.],
       [80.],
       [80.],
       [80.],
       [80.],
       [80.],
       [80.],
       [80.],
       [80.],
       [80.],
       [80.],
       [80.],
       [80.],
       [80.],
       [80.],
       [80.],
       [80.],
       [80.],
       [80.],
       [80.],
       [80.],
       [80.],
       [80.],
       [80.],
       [80.],
       [80.],
       [80.],
       [80.],
       [80.],
       [80.],
       [80.],
       [80.],
       [80.],
       [80.],
       [80.],
       [80.],
       [80.],
       [80.],
       [80.],
       [80.],
       [80.],
       [80.],
       [80.],
       [80.],
       [80.],
       [80.],
       [80.],
       [80.],
       [80.],
       [80.],
       [80.],
       [80.],
       [80.],
       [80.],
       [80.],
       [80.],
       [80.],
       [80.],
       [80.],
       [80.],
       [80.],
       [80.],
       [80.],
       [80.],
       [80.],
       [80.],
       [80.],
       [80.],
       [80.],
       [80.],
       [80.],
       [80.],
       [80.],
       [80.],
       [80.],
       [80.],
       [80.],
       [80.],
       [80.],
       [80.],
       [80.],
       [80.],
       [80.],
       [80.],
       [80.],
       [80.],
       [80.],
       [80.],
       [80.],
       [80.],
       [80.],
       [80.],
       [80.],
       [80.],
       [80.],
       [80.],
       [80.],
       [80.],
       [80.],
       [80.],
       [80.],
       [80.],
       [80.]]), 'dt': 0.01, 'N': 400, 'l': 1e-05}","{'Q': 26.31578947368421, 'gbar': 15.789473684210526, 'T': 10000, 'supervisor': array([[-1.89214982e-17],
       [ 4.44288287e-04],
       [ 8.88576529e-04],
       ...,
       [-1.33286468e-03],
       [-8.88576529e-04],
       [-4.44288287e-04]]), 'BIAS': array([[80.],
       [80.],
       [80.],
       [80.],
       [80.],
       [80.],
       [80.],
       [80.],
       [80.],
       [80.],
       [80.],
       [80.],
       [80.],
       [80.],
       [80.],
       [80.],
       [80.],
       [80.],
       [80.],
       [80.],
       [80.],
       [80.],
       [80.],
       [80.],
       [80.],
       [80.],
       [80.],
       [80.],
       [80.],
       [80.],
       [80.],
       [80.],
       [80.],
       [80.],
       [80.],
       [80.],
       [80.],
       [80.],
       [80.],
       [80.],
       [80.],
       [80.],
       [80.],
       [80.],
       [80.],
       [80.],
       [80.],
       [80.],
       [80.],
       [80.],
       [80.],
       [80.],
       [80.],
       [80.],
       [80.],
       [80.],
       [80.],
       [80.],
       [80.],
       [80.],
       [80.],
       [80.],
       [80.],
       [80.],
       [80.],
       [80.],
       [80.],
       [80.],
       [80.],
       [80.],
       [80.],
       [80.],
       [80.],
       [80.],
       [80.],
       [80.],
       [80.],
       [80.],
       [80.],
       [80.],
       [80.],
       [80.],
       [80.],
       [80.],
       [80.],
       [80.],
       [80.],
       [80.],
       [80.],
       [80.],
       [80.],
       [80.],
       [80.],
       [80.],
       [80.],
       [80.],
       [80.],
       [80.],
       [80.],
       [80.],
       [80.],
       [80.],
       [80.],
       [80.],
       [80.],
       [80.],
       [80.],
       [80.],
       [80.],
       [80.],
       [80.],
       [80.],
       [80.],
       [80.],
       [80.],
       [80.],
       [80.],
       [80.],
       [80.],
       [80.],
       [80.],
       [80.],
       [80.],
       [80.],
       [80.],
       [80.],
       [80.],
       [80.],
       [80.],
       [80.],
       [80.],
       [80.],
       [80.],
       [80.],
       [80.],
       [80.],
       [80.],
       [80.],
       [80.],
       [80.],
       [80.],
       [80.],
       [80.],
       [80.],
       [80.],
       [80.],
       [80.],
       [80.],
       [80.],
       [80.],
       [80.],
       [80.],
       [80.],
       [80.],
       [80.],
       [80.],
       [80.],
       [80.],
       [80.],
       [80.],
       [80.],
       [80.],
       [80.],
       [80.],
       [80.],
       [80.],
       [80.],
       [80.],
       [80.],
       [80.],
       [80.],
       [80.],
       [80.],
       [80.],
       [80.],
       [80.],
       [80.],
       [80.],
       [80.],
       [80.],
       [80.],
       [80.],
       [80.],
       [80.],
       [80.],
       [80.],
       [80.],
       [80.],
       [80.],
       [80.],
       [80.],
       [80.],
       [80.],
       [80.],
       [80.],
       [80.],
       [80.],
       [80.],
       [80.],
       [80.],
       [80.],
       [80.],
       [80.],
       [80.],
       [80.],
       [80.],
       [80.],
       [80.],
       [80.],
       [80.],
       [80.],
       [80.],
       [80.],
       [80.],
       [80.],
       [80.],
       [80.],
       [80.],
       [80.],
       [80.],
       [80.],
       [80.],
       [80.],
       [80.],
       [80.],
       [80.],
       [80.],
       [80.],
       [80.],
       [80.],
       [80.],
       [80.],
       [80.],
       [80.],
       [80.],
       [80.],
       [80.],
       [80.],
       [80.],
       [80.],
       [80.],
       [80.],
       [80.],
       [80.],
       [80.],
       [80.],
       [80.],
       [80.],
       [80.],
       [80.],
       [80.],
       [80.],
       [80.],
       [80.],
       [80.],
       [80.],
       [80.],
       [80.],
       [80.],
       [80.],
       [80.],
       [80.],
       [80.],
       [80.],
       [80.],
       [80.],
       [80.],
       [80.],
       [80.],
       [80.],
       [80.],
       [80.],
       [80.],
       [80.],
       [80.],
       [80.],
       [80.],
       [80.],
       [80.],
       [80.],
       [80.],
       [80.],
       [80.],
       [80.],
       [80.],
       [80.],
       [80.],
       [80.],
       [80.],
       [80.],
       [80.],
       [80.],
       [80.],
       [80.],
       [80.],
       [80.],
       [80.],
       [80.],
       [80.],
       [80.],
       [80.],
       [80.],
       [80.],
       [80.],
       [80.],
       [80.],
       [80.],
       [80.],
       [80.],
       [80.],
       [80.],
       [80.],
       [80.],
       [80.],
       [80.],
       [80.],
       [80.],
       [80.],
       [80.],
       [80.],
       [80.],
       [80.],
       [80.],
       [80.],
       [80.],
       [80.],
       [80.],
       [80.],
       [80.],
       [80.],
       [80.],
       [80.],
       [80.],
       [80.],
       [80.],
       [80.],
       [80.],
       [80.],
       [80.],
       [80.],
       [80.],
       [80.],
       [80.],
       [80.],
       [80.],
       [80.],
       [80.],
       [80.],
       [80.],
       [80.],
       [80.],
       [80.],
       [80.],
       [80.],
       [80.],
       [80.],
       [80.],
       [80.],
       [80.],
       [80.],
       [80.],
       [80.],
       [80.],
       [80.],
       [80.],
       [80.],
       [80.],
       [80.],
       [80.],
       [80.],
       [80.],
       [80.],
       [80.],
       [80.],
       [80.],
       [80.],
       [80.],
       [80.],
       [80.],
       [80.],
       [80.],
       [80.],
       [80.],
       [80.],
       [80.],
       [80.],
       [80.],
       [80.],
       [80.],
       [80.],
       [80.],
       [80.],
       [80.],
       [80.],
       [80.],
       [80.],
       [80.],
       [80.],
       [80.],
       [80.]]), 'dt': 0.01, 'N': 400, 'l': 1e-05}","{'Q': 26.31578947368421, 'gbar': 16.842105263157894, 'T': 10000, 'supervisor': array([[-1.89214982e-17],
       [ 4.44288287e-04],
       [ 8.88576529e-04],
       ...,
       [-1.33286468e-03],
       [-8.88576529e-04],
       [-4.44288287e-04]]), 'BIAS': array([[80.],
       [80.],
       [80.],
       [80.],
       [80.],
       [80.],
       [80.],
       [80.],
       [80.],
       [80.],
       [80.],
       [80.],
       [80.],
       [80.],
       [80.],
       [80.],
       [80.],
       [80.],
       [80.],
       [80.],
       [80.],
       [80.],
       [80.],
       [80.],
       [80.],
       [80.],
       [80.],
       [80.],
       [80.],
       [80.],
       [80.],
       [80.],
       [80.],
       [80.],
       [80.],
       [80.],
       [80.],
       [80.],
       [80.],
       [80.],
       [80.],
       [80.],
       [80.],
       [80.],
       [80.],
       [80.],
       [80.],
       [80.],
       [80.],
       [80.],
       [80.],
       [80.],
       [80.],
       [80.],
       [80.],
       [80.],
       [80.],
       [80.],
       [80.],
       [80.],
       [80.],
       [80.],
       [80.],
       [80.],
       [80.],
       [80.],
       [80.],
       [80.],
       [80.],
       [80.],
       [80.],
       [80.],
       [80.],
       [80.],
       [80.],
       [80.],
       [80.],
       [80.],
       [80.],
       [80.],
       [80.],
       [80.],
       [80.],
       [80.],
       [80.],
       [80.],
       [80.],
       [80.],
       [80.],
       [80.],
       [80.],
       [80.],
       [80.],
       [80.],
       [80.],
       [80.],
       [80.],
       [80.],
       [80.],
       [80.],
       [80.],
       [80.],
       [80.],
       [80.],
       [80.],
       [80.],
       [80.],
       [80.],
       [80.],
       [80.],
       [80.],
       [80.],
       [80.],
       [80.],
       [80.],
       [80.],
       [80.],
       [80.],
       [80.],
       [80.],
       [80.],
       [80.],
       [80.],
       [80.],
       [80.],
       [80.],
       [80.],
       [80.],
       [80.],
       [80.],
       [80.],
       [80.],
       [80.],
       [80.],
       [80.],
       [80.],
       [80.],
       [80.],
       [80.],
       [80.],
       [80.],
       [80.],
       [80.],
       [80.],
       [80.],
       [80.],
       [80.],
       [80.],
       [80.],
       [80.],
       [80.],
       [80.],
       [80.],
       [80.],
       [80.],
       [80.],
       [80.],
       [80.],
       [80.],
       [80.],
       [80.],
       [80.],
       [80.],
       [80.],
       [80.],
       [80.],
       [80.],
       [80.],
       [80.],
       [80.],
       [80.],
       [80.],
       [80.],
       [80.],
       [80.],
       [80.],
       [80.],
       [80.],
       [80.],
       [80.],
       [80.],
       [80.],
       [80.],
       [80.],
       [80.],
       [80.],
       [80.],
       [80.],
       [80.],
       [80.],
       [80.],
       [80.],
       [80.],
       [80.],
       [80.],
       [80.],
       [80.],
       [80.],
       [80.],
       [80.],
       [80.],
       [80.],
       [80.],
       [80.],
       [80.],
       [80.],
       [80.],
       [80.],
       [80.],
       [80.],
       [80.],
       [80.],
       [80.],
       [80.],
       [80.],
       [80.],
       [80.],
       [80.],
       [80.],
       [80.],
       [80.],
       [80.],
       [80.],
       [80.],
       [80.],
       [80.],
       [80.],
       [80.],
       [80.],
       [80.],
       [80.],
       [80.],
       [80.],
       [80.],
       [80.],
       [80.],
       [80.],
       [80.],
       [80.],
       [80.],
       [80.],
       [80.],
       [80.],
       [80.],
       [80.],
       [80.],
       [80.],
       [80.],
       [80.],
       [80.],
       [80.],
       [80.],
       [80.],
       [80.],
       [80.],
       [80.],
       [80.],
       [80.],
       [80.],
       [80.],
       [80.],
       [80.],
       [80.],
       [80.],
       [80.],
       [80.],
       [80.],
       [80.],
       [80.],
       [80.],
       [80.],
       [80.],
       [80.],
       [80.],
       [80.],
       [80.],
       [80.],
       [80.],
       [80.],
       [80.],
       [80.],
       [80.],
       [80.],
       [80.],
       [80.],
       [80.],
       [80.],
       [80.],
       [80.],
       [80.],
       [80.],
       [80.],
       [80.],
       [80.],
       [80.],
       [80.],
       [80.],
       [80.],
       [80.],
       [80.],
       [80.],
       [80.],
       [80.],
       [80.],
       [80.],
       [80.],
       [80.],
       [80.],
       [80.],
       [80.],
       [80.],
       [80.],
       [80.],
       [80.],
       [80.],
       [80.],
       [80.],
       [80.],
       [80.],
       [80.],
       [80.],
       [80.],
       [80.],
       [80.],
       [80.],
       [80.],
       [80.],
       [80.],
       [80.],
       [80.],
       [80.],
       [80.],
       [80.],
       [80.],
       [80.],
       [80.],
       [80.],
       [80.],
       [80.],
       [80.],
       [80.],
       [80.],
       [80.],
       [80.],
       [80.],
       [80.],
       [80.],
       [80.],
       [80.],
       [80.],
       [80.],
       [80.],
       [80.],
       [80.],
       [80.],
       [80.],
       [80.],
       [80.],
       [80.],
       [80.],
       [80.],
       [80.],
       [80.],
       [80.],
       [80.],
       [80.],
       [80.],
       [80.],
       [80.],
       [80.],
       [80.],
       [80.],
       [80.],
       [80.],
       [80.],
       [80.],
       [80.],
       [80.],
       [80.],
       [80.],
       [80.],
       [80.],
       [80.],
       [80.],
       [80.],
       [80.],
       [80.],
       [80.],
       [80.],
       [80.],
       [80.],
       [80.],
       [80.],
       [80.],
       [80.],
       [80.],
       [80.],
       [80.],
       [80.],
       [80.]]), 'dt': 0.01, 'N': 400, 'l': 1e-05}","{'Q': 26.31578947368421, 'gbar': 17.894736842105264, 'T': 10000, 'supervisor': array([[-1.89214982e-17],
       [ 4.44288287e-04],
       [ 8.88576529e-04],
       ...,
       [-1.33286468e-03],
       [-8.88576529e-04],
       [-4.44288287e-04]]), 'BIAS': array([[80.],
       [80.],
       [80.],
       [80.],
       [80.],
       [80.],
       [80.],
       [80.],
       [80.],
       [80.],
       [80.],
       [80.],
       [80.],
       [80.],
       [80.],
       [80.],
       [80.],
       [80.],
       [80.],
       [80.],
       [80.],
       [80.],
       [80.],
       [80.],
       [80.],
       [80.],
       [80.],
       [80.],
       [80.],
       [80.],
       [80.],
       [80.],
       [80.],
       [80.],
       [80.],
       [80.],
       [80.],
       [80.],
       [80.],
       [80.],
       [80.],
       [80.],
       [80.],
       [80.],
       [80.],
       [80.],
       [80.],
       [80.],
       [80.],
       [80.],
       [80.],
       [80.],
       [80.],
       [80.],
       [80.],
       [80.],
       [80.],
       [80.],
       [80.],
       [80.],
       [80.],
       [80.],
       [80.],
       [80.],
       [80.],
       [80.],
       [80.],
       [80.],
       [80.],
       [80.],
       [80.],
       [80.],
       [80.],
       [80.],
       [80.],
       [80.],
       [80.],
       [80.],
       [80.],
       [80.],
       [80.],
       [80.],
       [80.],
       [80.],
       [80.],
       [80.],
       [80.],
       [80.],
       [80.],
       [80.],
       [80.],
       [80.],
       [80.],
       [80.],
       [80.],
       [80.],
       [80.],
       [80.],
       [80.],
       [80.],
       [80.],
       [80.],
       [80.],
       [80.],
       [80.],
       [80.],
       [80.],
       [80.],
       [80.],
       [80.],
       [80.],
       [80.],
       [80.],
       [80.],
       [80.],
       [80.],
       [80.],
       [80.],
       [80.],
       [80.],
       [80.],
       [80.],
       [80.],
       [80.],
       [80.],
       [80.],
       [80.],
       [80.],
       [80.],
       [80.],
       [80.],
       [80.],
       [80.],
       [80.],
       [80.],
       [80.],
       [80.],
       [80.],
       [80.],
       [80.],
       [80.],
       [80.],
       [80.],
       [80.],
       [80.],
       [80.],
       [80.],
       [80.],
       [80.],
       [80.],
       [80.],
       [80.],
       [80.],
       [80.],
       [80.],
       [80.],
       [80.],
       [80.],
       [80.],
       [80.],
       [80.],
       [80.],
       [80.],
       [80.],
       [80.],
       [80.],
       [80.],
       [80.],
       [80.],
       [80.],
       [80.],
       [80.],
       [80.],
       [80.],
       [80.],
       [80.],
       [80.],
       [80.],
       [80.],
       [80.],
       [80.],
       [80.],
       [80.],
       [80.],
       [80.],
       [80.],
       [80.],
       [80.],
       [80.],
       [80.],
       [80.],
       [80.],
       [80.],
       [80.],
       [80.],
       [80.],
       [80.],
       [80.],
       [80.],
       [80.],
       [80.],
       [80.],
       [80.],
       [80.],
       [80.],
       [80.],
       [80.],
       [80.],
       [80.],
       [80.],
       [80.],
       [80.],
       [80.],
       [80.],
       [80.],
       [80.],
       [80.],
       [80.],
       [80.],
       [80.],
       [80.],
       [80.],
       [80.],
       [80.],
       [80.],
       [80.],
       [80.],
       [80.],
       [80.],
       [80.],
       [80.],
       [80.],
       [80.],
       [80.],
       [80.],
       [80.],
       [80.],
       [80.],
       [80.],
       [80.],
       [80.],
       [80.],
       [80.],
       [80.],
       [80.],
       [80.],
       [80.],
       [80.],
       [80.],
       [80.],
       [80.],
       [80.],
       [80.],
       [80.],
       [80.],
       [80.],
       [80.],
       [80.],
       [80.],
       [80.],
       [80.],
       [80.],
       [80.],
       [80.],
       [80.],
       [80.],
       [80.],
       [80.],
       [80.],
       [80.],
       [80.],
       [80.],
       [80.],
       [80.],
       [80.],
       [80.],
       [80.],
       [80.],
       [80.],
       [80.],
       [80.],
       [80.],
       [80.],
       [80.],
       [80.],
       [80.],
       [80.],
       [80.],
       [80.],
       [80.],
       [80.],
       [80.],
       [80.],
       [80.],
       [80.],
       [80.],
       [80.],
       [80.],
       [80.],
       [80.],
       [80.],
       [80.],
       [80.],
       [80.],
       [80.],
       [80.],
       [80.],
       [80.],
       [80.],
       [80.],
       [80.],
       [80.],
       [80.],
       [80.],
       [80.],
       [80.],
       [80.],
       [80.],
       [80.],
       [80.],
       [80.],
       [80.],
       [80.],
       [80.],
       [80.],
       [80.],
       [80.],
       [80.],
       [80.],
       [80.],
       [80.],
       [80.],
       [80.],
       [80.],
       [80.],
       [80.],
       [80.],
       [80.],
       [80.],
       [80.],
       [80.],
       [80.],
       [80.],
       [80.],
       [80.],
       [80.],
       [80.],
       [80.],
       [80.],
       [80.],
       [80.],
       [80.],
       [80.],
       [80.],
       [80.],
       [80.],
       [80.],
       [80.],
       [80.],
       [80.],
       [80.],
       [80.],
       [80.],
       [80.],
       [80.],
       [80.],
       [80.],
       [80.],
       [80.],
       [80.],
       [80.],
       [80.],
       [80.],
       [80.],
       [80.],
       [80.],
       [80.],
       [80.],
       [80.],
       [80.],
       [80.],
       [80.],
       [80.],
       [80.],
       [80.],
       [80.],
       [80.],
       [80.],
       [80.],
       [80.],
       [80.],
       [80.],
       [80.],
       [80.],
       [80.],
       [80.],
       [80.],
       [80.],
       [80.],
       [80.]]), 'dt': 0.01, 'N': 400, 'l': 1e-05}","{'Q': 26.31578947368421, 'gbar': 18.94736842105263, 'T': 10000, 'supervisor': array([[-1.89214982e-17],
       [ 4.44288287e-04],
       [ 8.88576529e-04],
       ...,
       [-1.33286468e-03],
       [-8.88576529e-04],
       [-4.44288287e-04]]), 'BIAS': array([[80.],
       [80.],
       [80.],
       [80.],
       [80.],
       [80.],
       [80.],
       [80.],
       [80.],
       [80.],
       [80.],
       [80.],
       [80.],
       [80.],
       [80.],
       [80.],
       [80.],
       [80.],
       [80.],
       [80.],
       [80.],
       [80.],
       [80.],
       [80.],
       [80.],
       [80.],
       [80.],
       [80.],
       [80.],
       [80.],
       [80.],
       [80.],
       [80.],
       [80.],
       [80.],
       [80.],
       [80.],
       [80.],
       [80.],
       [80.],
       [80.],
       [80.],
       [80.],
       [80.],
       [80.],
       [80.],
       [80.],
       [80.],
       [80.],
       [80.],
       [80.],
       [80.],
       [80.],
       [80.],
       [80.],
       [80.],
       [80.],
       [80.],
       [80.],
       [80.],
       [80.],
       [80.],
       [80.],
       [80.],
       [80.],
       [80.],
       [80.],
       [80.],
       [80.],
       [80.],
       [80.],
       [80.],
       [80.],
       [80.],
       [80.],
       [80.],
       [80.],
       [80.],
       [80.],
       [80.],
       [80.],
       [80.],
       [80.],
       [80.],
       [80.],
       [80.],
       [80.],
       [80.],
       [80.],
       [80.],
       [80.],
       [80.],
       [80.],
       [80.],
       [80.],
       [80.],
       [80.],
       [80.],
       [80.],
       [80.],
       [80.],
       [80.],
       [80.],
       [80.],
       [80.],
       [80.],
       [80.],
       [80.],
       [80.],
       [80.],
       [80.],
       [80.],
       [80.],
       [80.],
       [80.],
       [80.],
       [80.],
       [80.],
       [80.],
       [80.],
       [80.],
       [80.],
       [80.],
       [80.],
       [80.],
       [80.],
       [80.],
       [80.],
       [80.],
       [80.],
       [80.],
       [80.],
       [80.],
       [80.],
       [80.],
       [80.],
       [80.],
       [80.],
       [80.],
       [80.],
       [80.],
       [80.],
       [80.],
       [80.],
       [80.],
       [80.],
       [80.],
       [80.],
       [80.],
       [80.],
       [80.],
       [80.],
       [80.],
       [80.],
       [80.],
       [80.],
       [80.],
       [80.],
       [80.],
       [80.],
       [80.],
       [80.],
       [80.],
       [80.],
       [80.],
       [80.],
       [80.],
       [80.],
       [80.],
       [80.],
       [80.],
       [80.],
       [80.],
       [80.],
       [80.],
       [80.],
       [80.],
       [80.],
       [80.],
       [80.],
       [80.],
       [80.],
       [80.],
       [80.],
       [80.],
       [80.],
       [80.],
       [80.],
       [80.],
       [80.],
       [80.],
       [80.],
       [80.],
       [80.],
       [80.],
       [80.],
       [80.],
       [80.],
       [80.],
       [80.],
       [80.],
       [80.],
       [80.],
       [80.],
       [80.],
       [80.],
       [80.],
       [80.],
       [80.],
       [80.],
       [80.],
       [80.],
       [80.],
       [80.],
       [80.],
       [80.],
       [80.],
       [80.],
       [80.],
       [80.],
       [80.],
       [80.],
       [80.],
       [80.],
       [80.],
       [80.],
       [80.],
       [80.],
       [80.],
       [80.],
       [80.],
       [80.],
       [80.],
       [80.],
       [80.],
       [80.],
       [80.],
       [80.],
       [80.],
       [80.],
       [80.],
       [80.],
       [80.],
       [80.],
       [80.],
       [80.],
       [80.],
       [80.],
       [80.],
       [80.],
       [80.],
       [80.],
       [80.],
       [80.],
       [80.],
       [80.],
       [80.],
       [80.],
       [80.],
       [80.],
       [80.],
       [80.],
       [80.],
       [80.],
       [80.],
       [80.],
       [80.],
       [80.],
       [80.],
       [80.],
       [80.],
       [80.],
       [80.],
       [80.],
       [80.],
       [80.],
       [80.],
       [80.],
       [80.],
       [80.],
       [80.],
       [80.],
       [80.],
       [80.],
       [80.],
       [80.],
       [80.],
       [80.],
       [80.],
       [80.],
       [80.],
       [80.],
       [80.],
       [80.],
       [80.],
       [80.],
       [80.],
       [80.],
       [80.],
       [80.],
       [80.],
       [80.],
       [80.],
       [80.],
       [80.],
       [80.],
       [80.],
       [80.],
       [80.],
       [80.],
       [80.],
       [80.],
       [80.],
       [80.],
       [80.],
       [80.],
       [80.],
       [80.],
       [80.],
       [80.],
       [80.],
       [80.],
       [80.],
       [80.],
       [80.],
       [80.],
       [80.],
       [80.],
       [80.],
       [80.],
       [80.],
       [80.],
       [80.],
       [80.],
       [80.],
       [80.],
       [80.],
       [80.],
       [80.],
       [80.],
       [80.],
       [80.],
       [80.],
       [80.],
       [80.],
       [80.],
       [80.],
       [80.],
       [80.],
       [80.],
       [80.],
       [80.],
       [80.],
       [80.],
       [80.],
       [80.],
       [80.],
       [80.],
       [80.],
       [80.],
       [80.],
       [80.],
       [80.],
       [80.],
       [80.],
       [80.],
       [80.],
       [80.],
       [80.],
       [80.],
       [80.],
       [80.],
       [80.],
       [80.],
       [80.],
       [80.],
       [80.],
       [80.],
       [80.],
       [80.],
       [80.],
       [80.],
       [80.],
       [80.],
       [80.],
       [80.],
       [80.],
       [80.],
       [80.],
       [80.],
       [80.],
       [80.],
       [80.],
       [80.],
       [80.],
       [80.],
       [80.],
       [80.],
       [80.],
       [80.]]), 'dt': 0.01, 'N': 400, 'l': 1e-05}","{'Q': 26.31578947368421, 'gbar': 20.0, 'T': 10000, 'supervisor': array([[-1.89214982e-17],
       [ 4.44288287e-04],
       [ 8.88576529e-04],
       ...,
       [-1.33286468e-03],
       [-8.88576529e-04],
       [-4.44288287e-04]]), 'BIAS': array([[80.],
       [80.],
       [80.],
       [80.],
       [80.],
       [80.],
       [80.],
       [80.],
       [80.],
       [80.],
       [80.],
       [80.],
       [80.],
       [80.],
       [80.],
       [80.],
       [80.],
       [80.],
       [80.],
       [80.],
       [80.],
       [80.],
       [80.],
       [80.],
       [80.],
       [80.],
       [80.],
       [80.],
       [80.],
       [80.],
       [80.],
       [80.],
       [80.],
       [80.],
       [80.],
       [80.],
       [80.],
       [80.],
       [80.],
       [80.],
       [80.],
       [80.],
       [80.],
       [80.],
       [80.],
       [80.],
       [80.],
       [80.],
       [80.],
       [80.],
       [80.],
       [80.],
       [80.],
       [80.],
       [80.],
       [80.],
       [80.],
       [80.],
       [80.],
       [80.],
       [80.],
       [80.],
       [80.],
       [80.],
       [80.],
       [80.],
       [80.],
       [80.],
       [80.],
       [80.],
       [80.],
       [80.],
       [80.],
       [80.],
       [80.],
       [80.],
       [80.],
       [80.],
       [80.],
       [80.],
       [80.],
       [80.],
       [80.],
       [80.],
       [80.],
       [80.],
       [80.],
       [80.],
       [80.],
       [80.],
       [80.],
       [80.],
       [80.],
       [80.],
       [80.],
       [80.],
       [80.],
       [80.],
       [80.],
       [80.],
       [80.],
       [80.],
       [80.],
       [80.],
       [80.],
       [80.],
       [80.],
       [80.],
       [80.],
       [80.],
       [80.],
       [80.],
       [80.],
       [80.],
       [80.],
       [80.],
       [80.],
       [80.],
       [80.],
       [80.],
       [80.],
       [80.],
       [80.],
       [80.],
       [80.],
       [80.],
       [80.],
       [80.],
       [80.],
       [80.],
       [80.],
       [80.],
       [80.],
       [80.],
       [80.],
       [80.],
       [80.],
       [80.],
       [80.],
       [80.],
       [80.],
       [80.],
       [80.],
       [80.],
       [80.],
       [80.],
       [80.],
       [80.],
       [80.],
       [80.],
       [80.],
       [80.],
       [80.],
       [80.],
       [80.],
       [80.],
       [80.],
       [80.],
       [80.],
       [80.],
       [80.],
       [80.],
       [80.],
       [80.],
       [80.],
       [80.],
       [80.],
       [80.],
       [80.],
       [80.],
       [80.],
       [80.],
       [80.],
       [80.],
       [80.],
       [80.],
       [80.],
       [80.],
       [80.],
       [80.],
       [80.],
       [80.],
       [80.],
       [80.],
       [80.],
       [80.],
       [80.],
       [80.],
       [80.],
       [80.],
       [80.],
       [80.],
       [80.],
       [80.],
       [80.],
       [80.],
       [80.],
       [80.],
       [80.],
       [80.],
       [80.],
       [80.],
       [80.],
       [80.],
       [80.],
       [80.],
       [80.],
       [80.],
       [80.],
       [80.],
       [80.],
       [80.],
       [80.],
       [80.],
       [80.],
       [80.],
       [80.],
       [80.],
       [80.],
       [80.],
       [80.],
       [80.],
       [80.],
       [80.],
       [80.],
       [80.],
       [80.],
       [80.],
       [80.],
       [80.],
       [80.],
       [80.],
       [80.],
       [80.],
       [80.],
       [80.],
       [80.],
       [80.],
       [80.],
       [80.],
       [80.],
       [80.],
       [80.],
       [80.],
       [80.],
       [80.],
       [80.],
       [80.],
       [80.],
       [80.],
       [80.],
       [80.],
       [80.],
       [80.],
       [80.],
       [80.],
       [80.],
       [80.],
       [80.],
       [80.],
       [80.],
       [80.],
       [80.],
       [80.],
       [80.],
       [80.],
       [80.],
       [80.],
       [80.],
       [80.],
       [80.],
       [80.],
       [80.],
       [80.],
       [80.],
       [80.],
       [80.],
       [80.],
       [80.],
       [80.],
       [80.],
       [80.],
       [80.],
       [80.],
       [80.],
       [80.],
       [80.],
       [80.],
       [80.],
       [80.],
       [80.],
       [80.],
       [80.],
       [80.],
       [80.],
       [80.],
       [80.],
       [80.],
       [80.],
       [80.],
       [80.],
       [80.],
       [80.],
       [80.],
       [80.],
       [80.],
       [80.],
       [80.],
       [80.],
       [80.],
       [80.],
       [80.],
       [80.],
       [80.],
       [80.],
       [80.],
       [80.],
       [80.],
       [80.],
       [80.],
       [80.],
       [80.],
       [80.],
       [80.],
       [80.],
       [80.],
       [80.],
       [80.],
       [80.],
       [80.],
       [80.],
       [80.],
       [80.],
       [80.],
       [80.],
       [80.],
       [80.],
       [80.],
       [80.],
       [80.],
       [80.],
       [80.],
       [80.],
       [80.],
       [80.],
       [80.],
       [80.],
       [80.],
       [80.],
       [80.],
       [80.],
       [80.],
       [80.],
       [80.],
       [80.],
       [80.],
       [80.],
       [80.],
       [80.],
       [80.],
       [80.],
       [80.],
       [80.],
       [80.],
       [80.],
       [80.],
       [80.],
       [80.],
       [80.],
       [80.],
       [80.],
       [80.],
       [80.],
       [80.],
       [80.],
       [80.],
       [80.],
       [80.],
       [80.],
       [80.],
       [80.],
       [80.],
       [80.],
       [80.],
       [80.],
       [80.],
       [80.],
       [80.],
       [80.],
       [80.],
       [80.],
       [80.],
       [80.],
       [80.],
       [80.],
       [80.],
       [80.],
       [80.],
       [80.],
       [80.]]), 'dt': 0.01, 'N': 400, 'l': 1e-05}"
"{'Q': 52.63157894736842, 'gbar': 0.0, 'T': 10000, 'supervisor': array([[-1.89214982e-17],
       [ 4.44288287e-04],
       [ 8.88576529e-04],
       ...,
       [-1.33286468e-03],
       [-8.88576529e-04],
       [-4.44288287e-04]]), 'BIAS': array([[80.],
       [80.],
       [80.],
       [80.],
       [80.],
       [80.],
       [80.],
       [80.],
       [80.],
       [80.],
       [80.],
       [80.],
       [80.],
       [80.],
       [80.],
       [80.],
       [80.],
       [80.],
       [80.],
       [80.],
       [80.],
       [80.],
       [80.],
       [80.],
       [80.],
       [80.],
       [80.],
       [80.],
       [80.],
       [80.],
       [80.],
       [80.],
       [80.],
       [80.],
       [80.],
       [80.],
       [80.],
       [80.],
       [80.],
       [80.],
       [80.],
       [80.],
       [80.],
       [80.],
       [80.],
       [80.],
       [80.],
       [80.],
       [80.],
       [80.],
       [80.],
       [80.],
       [80.],
       [80.],
       [80.],
       [80.],
       [80.],
       [80.],
       [80.],
       [80.],
       [80.],
       [80.],
       [80.],
       [80.],
       [80.],
       [80.],
       [80.],
       [80.],
       [80.],
       [80.],
       [80.],
       [80.],
       [80.],
       [80.],
       [80.],
       [80.],
       [80.],
       [80.],
       [80.],
       [80.],
       [80.],
       [80.],
       [80.],
       [80.],
       [80.],
       [80.],
       [80.],
       [80.],
       [80.],
       [80.],
       [80.],
       [80.],
       [80.],
       [80.],
       [80.],
       [80.],
       [80.],
       [80.],
       [80.],
       [80.],
       [80.],
       [80.],
       [80.],
       [80.],
       [80.],
       [80.],
       [80.],
       [80.],
       [80.],
       [80.],
       [80.],
       [80.],
       [80.],
       [80.],
       [80.],
       [80.],
       [80.],
       [80.],
       [80.],
       [80.],
       [80.],
       [80.],
       [80.],
       [80.],
       [80.],
       [80.],
       [80.],
       [80.],
       [80.],
       [80.],
       [80.],
       [80.],
       [80.],
       [80.],
       [80.],
       [80.],
       [80.],
       [80.],
       [80.],
       [80.],
       [80.],
       [80.],
       [80.],
       [80.],
       [80.],
       [80.],
       [80.],
       [80.],
       [80.],
       [80.],
       [80.],
       [80.],
       [80.],
       [80.],
       [80.],
       [80.],
       [80.],
       [80.],
       [80.],
       [80.],
       [80.],
       [80.],
       [80.],
       [80.],
       [80.],
       [80.],
       [80.],
       [80.],
       [80.],
       [80.],
       [80.],
       [80.],
       [80.],
       [80.],
       [80.],
       [80.],
       [80.],
       [80.],
       [80.],
       [80.],
       [80.],
       [80.],
       [80.],
       [80.],
       [80.],
       [80.],
       [80.],
       [80.],
       [80.],
       [80.],
       [80.],
       [80.],
       [80.],
       [80.],
       [80.],
       [80.],
       [80.],
       [80.],
       [80.],
       [80.],
       [80.],
       [80.],
       [80.],
       [80.],
       [80.],
       [80.],
       [80.],
       [80.],
       [80.],
       [80.],
       [80.],
       [80.],
       [80.],
       [80.],
       [80.],
       [80.],
       [80.],
       [80.],
       [80.],
       [80.],
       [80.],
       [80.],
       [80.],
       [80.],
       [80.],
       [80.],
       [80.],
       [80.],
       [80.],
       [80.],
       [80.],
       [80.],
       [80.],
       [80.],
       [80.],
       [80.],
       [80.],
       [80.],
       [80.],
       [80.],
       [80.],
       [80.],
       [80.],
       [80.],
       [80.],
       [80.],
       [80.],
       [80.],
       [80.],
       [80.],
       [80.],
       [80.],
       [80.],
       [80.],
       [80.],
       [80.],
       [80.],
       [80.],
       [80.],
       [80.],
       [80.],
       [80.],
       [80.],
       [80.],
       [80.],
       [80.],
       [80.],
       [80.],
       [80.],
       [80.],
       [80.],
       [80.],
       [80.],
       [80.],
       [80.],
       [80.],
       [80.],
       [80.],
       [80.],
       [80.],
       [80.],
       [80.],
       [80.],
       [80.],
       [80.],
       [80.],
       [80.],
       [80.],
       [80.],
       [80.],
       [80.],
       [80.],
       [80.],
       [80.],
       [80.],
       [80.],
       [80.],
       [80.],
       [80.],
       [80.],
       [80.],
       [80.],
       [80.],
       [80.],
       [80.],
       [80.],
       [80.],
       [80.],
       [80.],
       [80.],
       [80.],
       [80.],
       [80.],
       [80.],
       [80.],
       [80.],
       [80.],
       [80.],
       [80.],
       [80.],
       [80.],
       [80.],
       [80.],
       [80.],
       [80.],
       [80.],
       [80.],
       [80.],
       [80.],
       [80.],
       [80.],
       [80.],
       [80.],
       [80.],
       [80.],
       [80.],
       [80.],
       [80.],
       [80.],
       [80.],
       [80.],
       [80.],
       [80.],
       [80.],
       [80.],
       [80.],
       [80.],
       [80.],
       [80.],
       [80.],
       [80.],
       [80.],
       [80.],
       [80.],
       [80.],
       [80.],
       [80.],
       [80.],
       [80.],
       [80.],
       [80.],
       [80.],
       [80.],
       [80.],
       [80.],
       [80.],
       [80.],
       [80.],
       [80.],
       [80.],
       [80.],
       [80.],
       [80.],
       [80.],
       [80.],
       [80.],
       [80.],
       [80.],
       [80.],
       [80.],
       [80.],
       [80.],
       [80.],
       [80.],
       [80.],
       [80.],
       [80.],
       [80.],
       [80.],
       [80.],
       [80.],
       [80.],
       [80.],
       [80.],
       [80.],
       [80.],
       [80.],
       [80.],
       [80.],
       [80.]]), 'dt': 0.01, 'N': 400, 'l': 1e-05}","{'Q': 52.63157894736842, 'gbar': 1.0526315789473684, 'T': 10000, 'supervisor': array([[-1.89214982e-17],
       [ 4.44288287e-04],
       [ 8.88576529e-04],
       ...,
       [-1.33286468e-03],
       [-8.88576529e-04],
       [-4.44288287e-04]]), 'BIAS': array([[80.],
       [80.],
       [80.],
       [80.],
       [80.],
       [80.],
       [80.],
       [80.],
       [80.],
       [80.],
       [80.],
       [80.],
       [80.],
       [80.],
       [80.],
       [80.],
       [80.],
       [80.],
       [80.],
       [80.],
       [80.],
       [80.],
       [80.],
       [80.],
       [80.],
       [80.],
       [80.],
       [80.],
       [80.],
       [80.],
       [80.],
       [80.],
       [80.],
       [80.],
       [80.],
       [80.],
       [80.],
       [80.],
       [80.],
       [80.],
       [80.],
       [80.],
       [80.],
       [80.],
       [80.],
       [80.],
       [80.],
       [80.],
       [80.],
       [80.],
       [80.],
       [80.],
       [80.],
       [80.],
       [80.],
       [80.],
       [80.],
       [80.],
       [80.],
       [80.],
       [80.],
       [80.],
       [80.],
       [80.],
       [80.],
       [80.],
       [80.],
       [80.],
       [80.],
       [80.],
       [80.],
       [80.],
       [80.],
       [80.],
       [80.],
       [80.],
       [80.],
       [80.],
       [80.],
       [80.],
       [80.],
       [80.],
       [80.],
       [80.],
       [80.],
       [80.],
       [80.],
       [80.],
       [80.],
       [80.],
       [80.],
       [80.],
       [80.],
       [80.],
       [80.],
       [80.],
       [80.],
       [80.],
       [80.],
       [80.],
       [80.],
       [80.],
       [80.],
       [80.],
       [80.],
       [80.],
       [80.],
       [80.],
       [80.],
       [80.],
       [80.],
       [80.],
       [80.],
       [80.],
       [80.],
       [80.],
       [80.],
       [80.],
       [80.],
       [80.],
       [80.],
       [80.],
       [80.],
       [80.],
       [80.],
       [80.],
       [80.],
       [80.],
       [80.],
       [80.],
       [80.],
       [80.],
       [80.],
       [80.],
       [80.],
       [80.],
       [80.],
       [80.],
       [80.],
       [80.],
       [80.],
       [80.],
       [80.],
       [80.],
       [80.],
       [80.],
       [80.],
       [80.],
       [80.],
       [80.],
       [80.],
       [80.],
       [80.],
       [80.],
       [80.],
       [80.],
       [80.],
       [80.],
       [80.],
       [80.],
       [80.],
       [80.],
       [80.],
       [80.],
       [80.],
       [80.],
       [80.],
       [80.],
       [80.],
       [80.],
       [80.],
       [80.],
       [80.],
       [80.],
       [80.],
       [80.],
       [80.],
       [80.],
       [80.],
       [80.],
       [80.],
       [80.],
       [80.],
       [80.],
       [80.],
       [80.],
       [80.],
       [80.],
       [80.],
       [80.],
       [80.],
       [80.],
       [80.],
       [80.],
       [80.],
       [80.],
       [80.],
       [80.],
       [80.],
       [80.],
       [80.],
       [80.],
       [80.],
       [80.],
       [80.],
       [80.],
       [80.],
       [80.],
       [80.],
       [80.],
       [80.],
       [80.],
       [80.],
       [80.],
       [80.],
       [80.],
       [80.],
       [80.],
       [80.],
       [80.],
       [80.],
       [80.],
       [80.],
       [80.],
       [80.],
       [80.],
       [80.],
       [80.],
       [80.],
       [80.],
       [80.],
       [80.],
       [80.],
       [80.],
       [80.],
       [80.],
       [80.],
       [80.],
       [80.],
       [80.],
       [80.],
       [80.],
       [80.],
       [80.],
       [80.],
       [80.],
       [80.],
       [80.],
       [80.],
       [80.],
       [80.],
       [80.],
       [80.],
       [80.],
       [80.],
       [80.],
       [80.],
       [80.],
       [80.],
       [80.],
       [80.],
       [80.],
       [80.],
       [80.],
       [80.],
       [80.],
       [80.],
       [80.],
       [80.],
       [80.],
       [80.],
       [80.],
       [80.],
       [80.],
       [80.],
       [80.],
       [80.],
       [80.],
       [80.],
       [80.],
       [80.],
       [80.],
       [80.],
       [80.],
       [80.],
       [80.],
       [80.],
       [80.],
       [80.],
       [80.],
       [80.],
       [80.],
       [80.],
       [80.],
       [80.],
       [80.],
       [80.],
       [80.],
       [80.],
       [80.],
       [80.],
       [80.],
       [80.],
       [80.],
       [80.],
       [80.],
       [80.],
       [80.],
       [80.],
       [80.],
       [80.],
       [80.],
       [80.],
       [80.],
       [80.],
       [80.],
       [80.],
       [80.],
       [80.],
       [80.],
       [80.],
       [80.],
       [80.],
       [80.],
       [80.],
       [80.],
       [80.],
       [80.],
       [80.],
       [80.],
       [80.],
       [80.],
       [80.],
       [80.],
       [80.],
       [80.],
       [80.],
       [80.],
       [80.],
       [80.],
       [80.],
       [80.],
       [80.],
       [80.],
       [80.],
       [80.],
       [80.],
       [80.],
       [80.],
       [80.],
       [80.],
       [80.],
       [80.],
       [80.],
       [80.],
       [80.],
       [80.],
       [80.],
       [80.],
       [80.],
       [80.],
       [80.],
       [80.],
       [80.],
       [80.],
       [80.],
       [80.],
       [80.],
       [80.],
       [80.],
       [80.],
       [80.],
       [80.],
       [80.],
       [80.],
       [80.],
       [80.],
       [80.],
       [80.],
       [80.],
       [80.],
       [80.],
       [80.],
       [80.],
       [80.],
       [80.],
       [80.],
       [80.],
       [80.],
       [80.],
       [80.],
       [80.],
       [80.],
       [80.],
       [80.],
       [80.],
       [80.],
       [80.],
       [80.],
       [80.]]), 'dt': 0.01, 'N': 400, 'l': 1e-05}","{'Q': 52.63157894736842, 'gbar': 2.1052631578947367, 'T': 10000, 'supervisor': array([[-1.89214982e-17],
       [ 4.44288287e-04],
       [ 8.88576529e-04],
       ...,
       [-1.33286468e-03],
       [-8.88576529e-04],
       [-4.44288287e-04]]), 'BIAS': array([[80.],
       [80.],
       [80.],
       [80.],
       [80.],
       [80.],
       [80.],
       [80.],
       [80.],
       [80.],
       [80.],
       [80.],
       [80.],
       [80.],
       [80.],
       [80.],
       [80.],
       [80.],
       [80.],
       [80.],
       [80.],
       [80.],
       [80.],
       [80.],
       [80.],
       [80.],
       [80.],
       [80.],
       [80.],
       [80.],
       [80.],
       [80.],
       [80.],
       [80.],
       [80.],
       [80.],
       [80.],
       [80.],
       [80.],
       [80.],
       [80.],
       [80.],
       [80.],
       [80.],
       [80.],
       [80.],
       [80.],
       [80.],
       [80.],
       [80.],
       [80.],
       [80.],
       [80.],
       [80.],
       [80.],
       [80.],
       [80.],
       [80.],
       [80.],
       [80.],
       [80.],
       [80.],
       [80.],
       [80.],
       [80.],
       [80.],
       [80.],
       [80.],
       [80.],
       [80.],
       [80.],
       [80.],
       [80.],
       [80.],
       [80.],
       [80.],
       [80.],
       [80.],
       [80.],
       [80.],
       [80.],
       [80.],
       [80.],
       [80.],
       [80.],
       [80.],
       [80.],
       [80.],
       [80.],
       [80.],
       [80.],
       [80.],
       [80.],
       [80.],
       [80.],
       [80.],
       [80.],
       [80.],
       [80.],
       [80.],
       [80.],
       [80.],
       [80.],
       [80.],
       [80.],
       [80.],
       [80.],
       [80.],
       [80.],
       [80.],
       [80.],
       [80.],
       [80.],
       [80.],
       [80.],
       [80.],
       [80.],
       [80.],
       [80.],
       [80.],
       [80.],
       [80.],
       [80.],
       [80.],
       [80.],
       [80.],
       [80.],
       [80.],
       [80.],
       [80.],
       [80.],
       [80.],
       [80.],
       [80.],
       [80.],
       [80.],
       [80.],
       [80.],
       [80.],
       [80.],
       [80.],
       [80.],
       [80.],
       [80.],
       [80.],
       [80.],
       [80.],
       [80.],
       [80.],
       [80.],
       [80.],
       [80.],
       [80.],
       [80.],
       [80.],
       [80.],
       [80.],
       [80.],
       [80.],
       [80.],
       [80.],
       [80.],
       [80.],
       [80.],
       [80.],
       [80.],
       [80.],
       [80.],
       [80.],
       [80.],
       [80.],
       [80.],
       [80.],
       [80.],
       [80.],
       [80.],
       [80.],
       [80.],
       [80.],
       [80.],
       [80.],
       [80.],
       [80.],
       [80.],
       [80.],
       [80.],
       [80.],
       [80.],
       [80.],
       [80.],
       [80.],
       [80.],
       [80.],
       [80.],
       [80.],
       [80.],
       [80.],
       [80.],
       [80.],
       [80.],
       [80.],
       [80.],
       [80.],
       [80.],
       [80.],
       [80.],
       [80.],
       [80.],
       [80.],
       [80.],
       [80.],
       [80.],
       [80.],
       [80.],
       [80.],
       [80.],
       [80.],
       [80.],
       [80.],
       [80.],
       [80.],
       [80.],
       [80.],
       [80.],
       [80.],
       [80.],
       [80.],
       [80.],
       [80.],
       [80.],
       [80.],
       [80.],
       [80.],
       [80.],
       [80.],
       [80.],
       [80.],
       [80.],
       [80.],
       [80.],
       [80.],
       [80.],
       [80.],
       [80.],
       [80.],
       [80.],
       [80.],
       [80.],
       [80.],
       [80.],
       [80.],
       [80.],
       [80.],
       [80.],
       [80.],
       [80.],
       [80.],
       [80.],
       [80.],
       [80.],
       [80.],
       [80.],
       [80.],
       [80.],
       [80.],
       [80.],
       [80.],
       [80.],
       [80.],
       [80.],
       [80.],
       [80.],
       [80.],
       [80.],
       [80.],
       [80.],
       [80.],
       [80.],
       [80.],
       [80.],
       [80.],
       [80.],
       [80.],
       [80.],
       [80.],
       [80.],
       [80.],
       [80.],
       [80.],
       [80.],
       [80.],
       [80.],
       [80.],
       [80.],
       [80.],
       [80.],
       [80.],
       [80.],
       [80.],
       [80.],
       [80.],
       [80.],
       [80.],
       [80.],
       [80.],
       [80.],
       [80.],
       [80.],
       [80.],
       [80.],
       [80.],
       [80.],
       [80.],
       [80.],
       [80.],
       [80.],
       [80.],
       [80.],
       [80.],
       [80.],
       [80.],
       [80.],
       [80.],
       [80.],
       [80.],
       [80.],
       [80.],
       [80.],
       [80.],
       [80.],
       [80.],
       [80.],
       [80.],
       [80.],
       [80.],
       [80.],
       [80.],
       [80.],
       [80.],
       [80.],
       [80.],
       [80.],
       [80.],
       [80.],
       [80.],
       [80.],
       [80.],
       [80.],
       [80.],
       [80.],
       [80.],
       [80.],
       [80.],
       [80.],
       [80.],
       [80.],
       [80.],
       [80.],
       [80.],
       [80.],
       [80.],
       [80.],
       [80.],
       [80.],
       [80.],
       [80.],
       [80.],
       [80.],
       [80.],
       [80.],
       [80.],
       [80.],
       [80.],
       [80.],
       [80.],
       [80.],
       [80.],
       [80.],
       [80.],
       [80.],
       [80.],
       [80.],
       [80.],
       [80.],
       [80.],
       [80.],
       [80.],
       [80.],
       [80.],
       [80.],
       [80.],
       [80.],
       [80.],
       [80.],
       [80.],
       [80.],
       [80.],
       [80.],
       [80.],
       [80.]]), 'dt': 0.01, 'N': 400, 'l': 1e-05}","{'Q': 52.63157894736842, 'gbar': 3.1578947368421053, 'T': 10000, 'supervisor': array([[-1.89214982e-17],
       [ 4.44288287e-04],
       [ 8.88576529e-04],
       ...,
       [-1.33286468e-03],
       [-8.88576529e-04],
       [-4.44288287e-04]]), 'BIAS': array([[80.],
       [80.],
       [80.],
       [80.],
       [80.],
       [80.],
       [80.],
       [80.],
       [80.],
       [80.],
       [80.],
       [80.],
       [80.],
       [80.],
       [80.],
       [80.],
       [80.],
       [80.],
       [80.],
       [80.],
       [80.],
       [80.],
       [80.],
       [80.],
       [80.],
       [80.],
       [80.],
       [80.],
       [80.],
       [80.],
       [80.],
       [80.],
       [80.],
       [80.],
       [80.],
       [80.],
       [80.],
       [80.],
       [80.],
       [80.],
       [80.],
       [80.],
       [80.],
       [80.],
       [80.],
       [80.],
       [80.],
       [80.],
       [80.],
       [80.],
       [80.],
       [80.],
       [80.],
       [80.],
       [80.],
       [80.],
       [80.],
       [80.],
       [80.],
       [80.],
       [80.],
       [80.],
       [80.],
       [80.],
       [80.],
       [80.],
       [80.],
       [80.],
       [80.],
       [80.],
       [80.],
       [80.],
       [80.],
       [80.],
       [80.],
       [80.],
       [80.],
       [80.],
       [80.],
       [80.],
       [80.],
       [80.],
       [80.],
       [80.],
       [80.],
       [80.],
       [80.],
       [80.],
       [80.],
       [80.],
       [80.],
       [80.],
       [80.],
       [80.],
       [80.],
       [80.],
       [80.],
       [80.],
       [80.],
       [80.],
       [80.],
       [80.],
       [80.],
       [80.],
       [80.],
       [80.],
       [80.],
       [80.],
       [80.],
       [80.],
       [80.],
       [80.],
       [80.],
       [80.],
       [80.],
       [80.],
       [80.],
       [80.],
       [80.],
       [80.],
       [80.],
       [80.],
       [80.],
       [80.],
       [80.],
       [80.],
       [80.],
       [80.],
       [80.],
       [80.],
       [80.],
       [80.],
       [80.],
       [80.],
       [80.],
       [80.],
       [80.],
       [80.],
       [80.],
       [80.],
       [80.],
       [80.],
       [80.],
       [80.],
       [80.],
       [80.],
       [80.],
       [80.],
       [80.],
       [80.],
       [80.],
       [80.],
       [80.],
       [80.],
       [80.],
       [80.],
       [80.],
       [80.],
       [80.],
       [80.],
       [80.],
       [80.],
       [80.],
       [80.],
       [80.],
       [80.],
       [80.],
       [80.],
       [80.],
       [80.],
       [80.],
       [80.],
       [80.],
       [80.],
       [80.],
       [80.],
       [80.],
       [80.],
       [80.],
       [80.],
       [80.],
       [80.],
       [80.],
       [80.],
       [80.],
       [80.],
       [80.],
       [80.],
       [80.],
       [80.],
       [80.],
       [80.],
       [80.],
       [80.],
       [80.],
       [80.],
       [80.],
       [80.],
       [80.],
       [80.],
       [80.],
       [80.],
       [80.],
       [80.],
       [80.],
       [80.],
       [80.],
       [80.],
       [80.],
       [80.],
       [80.],
       [80.],
       [80.],
       [80.],
       [80.],
       [80.],
       [80.],
       [80.],
       [80.],
       [80.],
       [80.],
       [80.],
       [80.],
       [80.],
       [80.],
       [80.],
       [80.],
       [80.],
       [80.],
       [80.],
       [80.],
       [80.],
       [80.],
       [80.],
       [80.],
       [80.],
       [80.],
       [80.],
       [80.],
       [80.],
       [80.],
       [80.],
       [80.],
       [80.],
       [80.],
       [80.],
       [80.],
       [80.],
       [80.],
       [80.],
       [80.],
       [80.],
       [80.],
       [80.],
       [80.],
       [80.],
       [80.],
       [80.],
       [80.],
       [80.],
       [80.],
       [80.],
       [80.],
       [80.],
       [80.],
       [80.],
       [80.],
       [80.],
       [80.],
       [80.],
       [80.],
       [80.],
       [80.],
       [80.],
       [80.],
       [80.],
       [80.],
       [80.],
       [80.],
       [80.],
       [80.],
       [80.],
       [80.],
       [80.],
       [80.],
       [80.],
       [80.],
       [80.],
       [80.],
       [80.],
       [80.],
       [80.],
       [80.],
       [80.],
       [80.],
       [80.],
       [80.],
       [80.],
       [80.],
       [80.],
       [80.],
       [80.],
       [80.],
       [80.],
       [80.],
       [80.],
       [80.],
       [80.],
       [80.],
       [80.],
       [80.],
       [80.],
       [80.],
       [80.],
       [80.],
       [80.],
       [80.],
       [80.],
       [80.],
       [80.],
       [80.],
       [80.],
       [80.],
       [80.],
       [80.],
       [80.],
       [80.],
       [80.],
       [80.],
       [80.],
       [80.],
       [80.],
       [80.],
       [80.],
       [80.],
       [80.],
       [80.],
       [80.],
       [80.],
       [80.],
       [80.],
       [80.],
       [80.],
       [80.],
       [80.],
       [80.],
       [80.],
       [80.],
       [80.],
       [80.],
       [80.],
       [80.],
       [80.],
       [80.],
       [80.],
       [80.],
       [80.],
       [80.],
       [80.],
       [80.],
       [80.],
       [80.],
       [80.],
       [80.],
       [80.],
       [80.],
       [80.],
       [80.],
       [80.],
       [80.],
       [80.],
       [80.],
       [80.],
       [80.],
       [80.],
       [80.],
       [80.],
       [80.],
       [80.],
       [80.],
       [80.],
       [80.],
       [80.],
       [80.],
       [80.],
       [80.],
       [80.],
       [80.],
       [80.],
       [80.],
       [80.],
       [80.],
       [80.],
       [80.],
       [80.],
       [80.],
       [80.],
       [80.],
       [80.],
       [80.]]), 'dt': 0.01, 'N': 400, 'l': 1e-05}","{'Q': 52.63157894736842, 'gbar': 4.2105263157894735, 'T': 10000, 'supervisor': array([[-1.89214982e-17],
       [ 4.44288287e-04],
       [ 8.88576529e-04],
       ...,
       [-1.33286468e-03],
       [-8.88576529e-04],
       [-4.44288287e-04]]), 'BIAS': array([[80.],
       [80.],
       [80.],
       [80.],
       [80.],
       [80.],
       [80.],
       [80.],
       [80.],
       [80.],
       [80.],
       [80.],
       [80.],
       [80.],
       [80.],
       [80.],
       [80.],
       [80.],
       [80.],
       [80.],
       [80.],
       [80.],
       [80.],
       [80.],
       [80.],
       [80.],
       [80.],
       [80.],
       [80.],
       [80.],
       [80.],
       [80.],
       [80.],
       [80.],
       [80.],
       [80.],
       [80.],
       [80.],
       [80.],
       [80.],
       [80.],
       [80.],
       [80.],
       [80.],
       [80.],
       [80.],
       [80.],
       [80.],
       [80.],
       [80.],
       [80.],
       [80.],
       [80.],
       [80.],
       [80.],
       [80.],
       [80.],
       [80.],
       [80.],
       [80.],
       [80.],
       [80.],
       [80.],
       [80.],
       [80.],
       [80.],
       [80.],
       [80.],
       [80.],
       [80.],
       [80.],
       [80.],
       [80.],
       [80.],
       [80.],
       [80.],
       [80.],
       [80.],
       [80.],
       [80.],
       [80.],
       [80.],
       [80.],
       [80.],
       [80.],
       [80.],
       [80.],
       [80.],
       [80.],
       [80.],
       [80.],
       [80.],
       [80.],
       [80.],
       [80.],
       [80.],
       [80.],
       [80.],
       [80.],
       [80.],
       [80.],
       [80.],
       [80.],
       [80.],
       [80.],
       [80.],
       [80.],
       [80.],
       [80.],
       [80.],
       [80.],
       [80.],
       [80.],
       [80.],
       [80.],
       [80.],
       [80.],
       [80.],
       [80.],
       [80.],
       [80.],
       [80.],
       [80.],
       [80.],
       [80.],
       [80.],
       [80.],
       [80.],
       [80.],
       [80.],
       [80.],
       [80.],
       [80.],
       [80.],
       [80.],
       [80.],
       [80.],
       [80.],
       [80.],
       [80.],
       [80.],
       [80.],
       [80.],
       [80.],
       [80.],
       [80.],
       [80.],
       [80.],
       [80.],
       [80.],
       [80.],
       [80.],
       [80.],
       [80.],
       [80.],
       [80.],
       [80.],
       [80.],
       [80.],
       [80.],
       [80.],
       [80.],
       [80.],
       [80.],
       [80.],
       [80.],
       [80.],
       [80.],
       [80.],
       [80.],
       [80.],
       [80.],
       [80.],
       [80.],
       [80.],
       [80.],
       [80.],
       [80.],
       [80.],
       [80.],
       [80.],
       [80.],
       [80.],
       [80.],
       [80.],
       [80.],
       [80.],
       [80.],
       [80.],
       [80.],
       [80.],
       [80.],
       [80.],
       [80.],
       [80.],
       [80.],
       [80.],
       [80.],
       [80.],
       [80.],
       [80.],
       [80.],
       [80.],
       [80.],
       [80.],
       [80.],
       [80.],
       [80.],
       [80.],
       [80.],
       [80.],
       [80.],
       [80.],
       [80.],
       [80.],
       [80.],
       [80.],
       [80.],
       [80.],
       [80.],
       [80.],
       [80.],
       [80.],
       [80.],
       [80.],
       [80.],
       [80.],
       [80.],
       [80.],
       [80.],
       [80.],
       [80.],
       [80.],
       [80.],
       [80.],
       [80.],
       [80.],
       [80.],
       [80.],
       [80.],
       [80.],
       [80.],
       [80.],
       [80.],
       [80.],
       [80.],
       [80.],
       [80.],
       [80.],
       [80.],
       [80.],
       [80.],
       [80.],
       [80.],
       [80.],
       [80.],
       [80.],
       [80.],
       [80.],
       [80.],
       [80.],
       [80.],
       [80.],
       [80.],
       [80.],
       [80.],
       [80.],
       [80.],
       [80.],
       [80.],
       [80.],
       [80.],
       [80.],
       [80.],
       [80.],
       [80.],
       [80.],
       [80.],
       [80.],
       [80.],
       [80.],
       [80.],
       [80.],
       [80.],
       [80.],
       [80.],
       [80.],
       [80.],
       [80.],
       [80.],
       [80.],
       [80.],
       [80.],
       [80.],
       [80.],
       [80.],
       [80.],
       [80.],
       [80.],
       [80.],
       [80.],
       [80.],
       [80.],
       [80.],
       [80.],
       [80.],
       [80.],
       [80.],
       [80.],
       [80.],
       [80.],
       [80.],
       [80.],
       [80.],
       [80.],
       [80.],
       [80.],
       [80.],
       [80.],
       [80.],
       [80.],
       [80.],
       [80.],
       [80.],
       [80.],
       [80.],
       [80.],
       [80.],
       [80.],
       [80.],
       [80.],
       [80.],
       [80.],
       [80.],
       [80.],
       [80.],
       [80.],
       [80.],
       [80.],
       [80.],
       [80.],
       [80.],
       [80.],
       [80.],
       [80.],
       [80.],
       [80.],
       [80.],
       [80.],
       [80.],
       [80.],
       [80.],
       [80.],
       [80.],
       [80.],
       [80.],
       [80.],
       [80.],
       [80.],
       [80.],
       [80.],
       [80.],
       [80.],
       [80.],
       [80.],
       [80.],
       [80.],
       [80.],
       [80.],
       [80.],
       [80.],
       [80.],
       [80.],
       [80.],
       [80.],
       [80.],
       [80.],
       [80.],
       [80.],
       [80.],
       [80.],
       [80.],
       [80.],
       [80.],
       [80.],
       [80.],
       [80.],
       [80.],
       [80.],
       [80.],
       [80.],
       [80.],
       [80.],
       [80.],
       [80.],
       [80.],
       [80.],
       [80.],
       [80.],
       [80.]]), 'dt': 0.01, 'N': 400, 'l': 1e-05}","{'Q': 52.63157894736842, 'gbar': 5.263157894736842, 'T': 10000, 'supervisor': array([[-1.89214982e-17],
       [ 4.44288287e-04],
       [ 8.88576529e-04],
       ...,
       [-1.33286468e-03],
       [-8.88576529e-04],
       [-4.44288287e-04]]), 'BIAS': array([[80.],
       [80.],
       [80.],
       [80.],
       [80.],
       [80.],
       [80.],
       [80.],
       [80.],
       [80.],
       [80.],
       [80.],
       [80.],
       [80.],
       [80.],
       [80.],
       [80.],
       [80.],
       [80.],
       [80.],
       [80.],
       [80.],
       [80.],
       [80.],
       [80.],
       [80.],
       [80.],
       [80.],
       [80.],
       [80.],
       [80.],
       [80.],
       [80.],
       [80.],
       [80.],
       [80.],
       [80.],
       [80.],
       [80.],
       [80.],
       [80.],
       [80.],
       [80.],
       [80.],
       [80.],
       [80.],
       [80.],
       [80.],
       [80.],
       [80.],
       [80.],
       [80.],
       [80.],
       [80.],
       [80.],
       [80.],
       [80.],
       [80.],
       [80.],
       [80.],
       [80.],
       [80.],
       [80.],
       [80.],
       [80.],
       [80.],
       [80.],
       [80.],
       [80.],
       [80.],
       [80.],
       [80.],
       [80.],
       [80.],
       [80.],
       [80.],
       [80.],
       [80.],
       [80.],
       [80.],
       [80.],
       [80.],
       [80.],
       [80.],
       [80.],
       [80.],
       [80.],
       [80.],
       [80.],
       [80.],
       [80.],
       [80.],
       [80.],
       [80.],
       [80.],
       [80.],
       [80.],
       [80.],
       [80.],
       [80.],
       [80.],
       [80.],
       [80.],
       [80.],
       [80.],
       [80.],
       [80.],
       [80.],
       [80.],
       [80.],
       [80.],
       [80.],
       [80.],
       [80.],
       [80.],
       [80.],
       [80.],
       [80.],
       [80.],
       [80.],
       [80.],
       [80.],
       [80.],
       [80.],
       [80.],
       [80.],
       [80.],
       [80.],
       [80.],
       [80.],
       [80.],
       [80.],
       [80.],
       [80.],
       [80.],
       [80.],
       [80.],
       [80.],
       [80.],
       [80.],
       [80.],
       [80.],
       [80.],
       [80.],
       [80.],
       [80.],
       [80.],
       [80.],
       [80.],
       [80.],
       [80.],
       [80.],
       [80.],
       [80.],
       [80.],
       [80.],
       [80.],
       [80.],
       [80.],
       [80.],
       [80.],
       [80.],
       [80.],
       [80.],
       [80.],
       [80.],
       [80.],
       [80.],
       [80.],
       [80.],
       [80.],
       [80.],
       [80.],
       [80.],
       [80.],
       [80.],
       [80.],
       [80.],
       [80.],
       [80.],
       [80.],
       [80.],
       [80.],
       [80.],
       [80.],
       [80.],
       [80.],
       [80.],
       [80.],
       [80.],
       [80.],
       [80.],
       [80.],
       [80.],
       [80.],
       [80.],
       [80.],
       [80.],
       [80.],
       [80.],
       [80.],
       [80.],
       [80.],
       [80.],
       [80.],
       [80.],
       [80.],
       [80.],
       [80.],
       [80.],
       [80.],
       [80.],
       [80.],
       [80.],
       [80.],
       [80.],
       [80.],
       [80.],
       [80.],
       [80.],
       [80.],
       [80.],
       [80.],
       [80.],
       [80.],
       [80.],
       [80.],
       [80.],
       [80.],
       [80.],
       [80.],
       [80.],
       [80.],
       [80.],
       [80.],
       [80.],
       [80.],
       [80.],
       [80.],
       [80.],
       [80.],
       [80.],
       [80.],
       [80.],
       [80.],
       [80.],
       [80.],
       [80.],
       [80.],
       [80.],
       [80.],
       [80.],
       [80.],
       [80.],
       [80.],
       [80.],
       [80.],
       [80.],
       [80.],
       [80.],
       [80.],
       [80.],
       [80.],
       [80.],
       [80.],
       [80.],
       [80.],
       [80.],
       [80.],
       [80.],
       [80.],
       [80.],
       [80.],
       [80.],
       [80.],
       [80.],
       [80.],
       [80.],
       [80.],
       [80.],
       [80.],
       [80.],
       [80.],
       [80.],
       [80.],
       [80.],
       [80.],
       [80.],
       [80.],
       [80.],
       [80.],
       [80.],
       [80.],
       [80.],
       [80.],
       [80.],
       [80.],
       [80.],
       [80.],
       [80.],
       [80.],
       [80.],
       [80.],
       [80.],
       [80.],
       [80.],
       [80.],
       [80.],
       [80.],
       [80.],
       [80.],
       [80.],
       [80.],
       [80.],
       [80.],
       [80.],
       [80.],
       [80.],
       [80.],
       [80.],
       [80.],
       [80.],
       [80.],
       [80.],
       [80.],
       [80.],
       [80.],
       [80.],
       [80.],
       [80.],
       [80.],
       [80.],
       [80.],
       [80.],
       [80.],
       [80.],
       [80.],
       [80.],
       [80.],
       [80.],
       [80.],
       [80.],
       [80.],
       [80.],
       [80.],
       [80.],
       [80.],
       [80.],
       [80.],
       [80.],
       [80.],
       [80.],
       [80.],
       [80.],
       [80.],
       [80.],
       [80.],
       [80.],
       [80.],
       [80.],
       [80.],
       [80.],
       [80.],
       [80.],
       [80.],
       [80.],
       [80.],
       [80.],
       [80.],
       [80.],
       [80.],
       [80.],
       [80.],
       [80.],
       [80.],
       [80.],
       [80.],
       [80.],
       [80.],
       [80.],
       [80.],
       [80.],
       [80.],
       [80.],
       [80.],
       [80.],
       [80.],
       [80.],
       [80.],
       [80.],
       [80.],
       [80.],
       [80.],
       [80.],
       [80.],
       [80.],
       [80.],
       [80.],
       [80.],
       [80.]]), 'dt': 0.01, 'N': 400, 'l': 1e-05}","{'Q': 52.63157894736842, 'gbar': 6.315789473684211, 'T': 10000, 'supervisor': array([[-1.89214982e-17],
       [ 4.44288287e-04],
       [ 8.88576529e-04],
       ...,
       [-1.33286468e-03],
       [-8.88576529e-04],
       [-4.44288287e-04]]), 'BIAS': array([[80.],
       [80.],
       [80.],
       [80.],
       [80.],
       [80.],
       [80.],
       [80.],
       [80.],
       [80.],
       [80.],
       [80.],
       [80.],
       [80.],
       [80.],
       [80.],
       [80.],
       [80.],
       [80.],
       [80.],
       [80.],
       [80.],
       [80.],
       [80.],
       [80.],
       [80.],
       [80.],
       [80.],
       [80.],
       [80.],
       [80.],
       [80.],
       [80.],
       [80.],
       [80.],
       [80.],
       [80.],
       [80.],
       [80.],
       [80.],
       [80.],
       [80.],
       [80.],
       [80.],
       [80.],
       [80.],
       [80.],
       [80.],
       [80.],
       [80.],
       [80.],
       [80.],
       [80.],
       [80.],
       [80.],
       [80.],
       [80.],
       [80.],
       [80.],
       [80.],
       [80.],
       [80.],
       [80.],
       [80.],
       [80.],
       [80.],
       [80.],
       [80.],
       [80.],
       [80.],
       [80.],
       [80.],
       [80.],
       [80.],
       [80.],
       [80.],
       [80.],
       [80.],
       [80.],
       [80.],
       [80.],
       [80.],
       [80.],
       [80.],
       [80.],
       [80.],
       [80.],
       [80.],
       [80.],
       [80.],
       [80.],
       [80.],
       [80.],
       [80.],
       [80.],
       [80.],
       [80.],
       [80.],
       [80.],
       [80.],
       [80.],
       [80.],
       [80.],
       [80.],
       [80.],
       [80.],
       [80.],
       [80.],
       [80.],
       [80.],
       [80.],
       [80.],
       [80.],
       [80.],
       [80.],
       [80.],
       [80.],
       [80.],
       [80.],
       [80.],
       [80.],
       [80.],
       [80.],
       [80.],
       [80.],
       [80.],
       [80.],
       [80.],
       [80.],
       [80.],
       [80.],
       [80.],
       [80.],
       [80.],
       [80.],
       [80.],
       [80.],
       [80.],
       [80.],
       [80.],
       [80.],
       [80.],
       [80.],
       [80.],
       [80.],
       [80.],
       [80.],
       [80.],
       [80.],
       [80.],
       [80.],
       [80.],
       [80.],
       [80.],
       [80.],
       [80.],
       [80.],
       [80.],
       [80.],
       [80.],
       [80.],
       [80.],
       [80.],
       [80.],
       [80.],
       [80.],
       [80.],
       [80.],
       [80.],
       [80.],
       [80.],
       [80.],
       [80.],
       [80.],
       [80.],
       [80.],
       [80.],
       [80.],
       [80.],
       [80.],
       [80.],
       [80.],
       [80.],
       [80.],
       [80.],
       [80.],
       [80.],
       [80.],
       [80.],
       [80.],
       [80.],
       [80.],
       [80.],
       [80.],
       [80.],
       [80.],
       [80.],
       [80.],
       [80.],
       [80.],
       [80.],
       [80.],
       [80.],
       [80.],
       [80.],
       [80.],
       [80.],
       [80.],
       [80.],
       [80.],
       [80.],
       [80.],
       [80.],
       [80.],
       [80.],
       [80.],
       [80.],
       [80.],
       [80.],
       [80.],
       [80.],
       [80.],
       [80.],
       [80.],
       [80.],
       [80.],
       [80.],
       [80.],
       [80.],
       [80.],
       [80.],
       [80.],
       [80.],
       [80.],
       [80.],
       [80.],
       [80.],
       [80.],
       [80.],
       [80.],
       [80.],
       [80.],
       [80.],
       [80.],
       [80.],
       [80.],
       [80.],
       [80.],
       [80.],
       [80.],
       [80.],
       [80.],
       [80.],
       [80.],
       [80.],
       [80.],
       [80.],
       [80.],
       [80.],
       [80.],
       [80.],
       [80.],
       [80.],
       [80.],
       [80.],
       [80.],
       [80.],
       [80.],
       [80.],
       [80.],
       [80.],
       [80.],
       [80.],
       [80.],
       [80.],
       [80.],
       [80.],
       [80.],
       [80.],
       [80.],
       [80.],
       [80.],
       [80.],
       [80.],
       [80.],
       [80.],
       [80.],
       [80.],
       [80.],
       [80.],
       [80.],
       [80.],
       [80.],
       [80.],
       [80.],
       [80.],
       [80.],
       [80.],
       [80.],
       [80.],
       [80.],
       [80.],
       [80.],
       [80.],
       [80.],
       [80.],
       [80.],
       [80.],
       [80.],
       [80.],
       [80.],
       [80.],
       [80.],
       [80.],
       [80.],
       [80.],
       [80.],
       [80.],
       [80.],
       [80.],
       [80.],
       [80.],
       [80.],
       [80.],
       [80.],
       [80.],
       [80.],
       [80.],
       [80.],
       [80.],
       [80.],
       [80.],
       [80.],
       [80.],
       [80.],
       [80.],
       [80.],
       [80.],
       [80.],
       [80.],
       [80.],
       [80.],
       [80.],
       [80.],
       [80.],
       [80.],
       [80.],
       [80.],
       [80.],
       [80.],
       [80.],
       [80.],
       [80.],
       [80.],
       [80.],
       [80.],
       [80.],
       [80.],
       [80.],
       [80.],
       [80.],
       [80.],
       [80.],
       [80.],
       [80.],
       [80.],
       [80.],
       [80.],
       [80.],
       [80.],
       [80.],
       [80.],
       [80.],
       [80.],
       [80.],
       [80.],
       [80.],
       [80.],
       [80.],
       [80.],
       [80.],
       [80.],
       [80.],
       [80.],
       [80.],
       [80.],
       [80.],
       [80.],
       [80.],
       [80.],
       [80.],
       [80.],
       [80.],
       [80.],
       [80.],
       [80.],
       [80.],
       [80.],
       [80.],
       [80.]]), 'dt': 0.01, 'N': 400, 'l': 1e-05}","{'Q': 52.63157894736842, 'gbar': 7.368421052631579, 'T': 10000, 'supervisor': array([[-1.89214982e-17],
       [ 4.44288287e-04],
       [ 8.88576529e-04],
       ...,
       [-1.33286468e-03],
       [-8.88576529e-04],
       [-4.44288287e-04]]), 'BIAS': array([[80.],
       [80.],
       [80.],
       [80.],
       [80.],
       [80.],
       [80.],
       [80.],
       [80.],
       [80.],
       [80.],
       [80.],
       [80.],
       [80.],
       [80.],
       [80.],
       [80.],
       [80.],
       [80.],
       [80.],
       [80.],
       [80.],
       [80.],
       [80.],
       [80.],
       [80.],
       [80.],
       [80.],
       [80.],
       [80.],
       [80.],
       [80.],
       [80.],
       [80.],
       [80.],
       [80.],
       [80.],
       [80.],
       [80.],
       [80.],
       [80.],
       [80.],
       [80.],
       [80.],
       [80.],
       [80.],
       [80.],
       [80.],
       [80.],
       [80.],
       [80.],
       [80.],
       [80.],
       [80.],
       [80.],
       [80.],
       [80.],
       [80.],
       [80.],
       [80.],
       [80.],
       [80.],
       [80.],
       [80.],
       [80.],
       [80.],
       [80.],
       [80.],
       [80.],
       [80.],
       [80.],
       [80.],
       [80.],
       [80.],
       [80.],
       [80.],
       [80.],
       [80.],
       [80.],
       [80.],
       [80.],
       [80.],
       [80.],
       [80.],
       [80.],
       [80.],
       [80.],
       [80.],
       [80.],
       [80.],
       [80.],
       [80.],
       [80.],
       [80.],
       [80.],
       [80.],
       [80.],
       [80.],
       [80.],
       [80.],
       [80.],
       [80.],
       [80.],
       [80.],
       [80.],
       [80.],
       [80.],
       [80.],
       [80.],
       [80.],
       [80.],
       [80.],
       [80.],
       [80.],
       [80.],
       [80.],
       [80.],
       [80.],
       [80.],
       [80.],
       [80.],
       [80.],
       [80.],
       [80.],
       [80.],
       [80.],
       [80.],
       [80.],
       [80.],
       [80.],
       [80.],
       [80.],
       [80.],
       [80.],
       [80.],
       [80.],
       [80.],
       [80.],
       [80.],
       [80.],
       [80.],
       [80.],
       [80.],
       [80.],
       [80.],
       [80.],
       [80.],
       [80.],
       [80.],
       [80.],
       [80.],
       [80.],
       [80.],
       [80.],
       [80.],
       [80.],
       [80.],
       [80.],
       [80.],
       [80.],
       [80.],
       [80.],
       [80.],
       [80.],
       [80.],
       [80.],
       [80.],
       [80.],
       [80.],
       [80.],
       [80.],
       [80.],
       [80.],
       [80.],
       [80.],
       [80.],
       [80.],
       [80.],
       [80.],
       [80.],
       [80.],
       [80.],
       [80.],
       [80.],
       [80.],
       [80.],
       [80.],
       [80.],
       [80.],
       [80.],
       [80.],
       [80.],
       [80.],
       [80.],
       [80.],
       [80.],
       [80.],
       [80.],
       [80.],
       [80.],
       [80.],
       [80.],
       [80.],
       [80.],
       [80.],
       [80.],
       [80.],
       [80.],
       [80.],
       [80.],
       [80.],
       [80.],
       [80.],
       [80.],
       [80.],
       [80.],
       [80.],
       [80.],
       [80.],
       [80.],
       [80.],
       [80.],
       [80.],
       [80.],
       [80.],
       [80.],
       [80.],
       [80.],
       [80.],
       [80.],
       [80.],
       [80.],
       [80.],
       [80.],
       [80.],
       [80.],
       [80.],
       [80.],
       [80.],
       [80.],
       [80.],
       [80.],
       [80.],
       [80.],
       [80.],
       [80.],
       [80.],
       [80.],
       [80.],
       [80.],
       [80.],
       [80.],
       [80.],
       [80.],
       [80.],
       [80.],
       [80.],
       [80.],
       [80.],
       [80.],
       [80.],
       [80.],
       [80.],
       [80.],
       [80.],
       [80.],
       [80.],
       [80.],
       [80.],
       [80.],
       [80.],
       [80.],
       [80.],
       [80.],
       [80.],
       [80.],
       [80.],
       [80.],
       [80.],
       [80.],
       [80.],
       [80.],
       [80.],
       [80.],
       [80.],
       [80.],
       [80.],
       [80.],
       [80.],
       [80.],
       [80.],
       [80.],
       [80.],
       [80.],
       [80.],
       [80.],
       [80.],
       [80.],
       [80.],
       [80.],
       [80.],
       [80.],
       [80.],
       [80.],
       [80.],
       [80.],
       [80.],
       [80.],
       [80.],
       [80.],
       [80.],
       [80.],
       [80.],
       [80.],
       [80.],
       [80.],
       [80.],
       [80.],
       [80.],
       [80.],
       [80.],
       [80.],
       [80.],
       [80.],
       [80.],
       [80.],
       [80.],
       [80.],
       [80.],
       [80.],
       [80.],
       [80.],
       [80.],
       [80.],
       [80.],
       [80.],
       [80.],
       [80.],
       [80.],
       [80.],
       [80.],
       [80.],
       [80.],
       [80.],
       [80.],
       [80.],
       [80.],
       [80.],
       [80.],
       [80.],
       [80.],
       [80.],
       [80.],
       [80.],
       [80.],
       [80.],
       [80.],
       [80.],
       [80.],
       [80.],
       [80.],
       [80.],
       [80.],
       [80.],
       [80.],
       [80.],
       [80.],
       [80.],
       [80.],
       [80.],
       [80.],
       [80.],
       [80.],
       [80.],
       [80.],
       [80.],
       [80.],
       [80.],
       [80.],
       [80.],
       [80.],
       [80.],
       [80.],
       [80.],
       [80.],
       [80.],
       [80.],
       [80.],
       [80.],
       [80.],
       [80.],
       [80.],
       [80.],
       [80.],
       [80.],
       [80.],
       [80.],
       [80.],
       [80.],
       [80.]]), 'dt': 0.01, 'N': 400, 'l': 1e-05}","{'Q': 52.63157894736842, 'gbar': 8.421052631578947, 'T': 10000, 'supervisor': array([[-1.89214982e-17],
       [ 4.44288287e-04],
       [ 8.88576529e-04],
       ...,
       [-1.33286468e-03],
       [-8.88576529e-04],
       [-4.44288287e-04]]), 'BIAS': array([[80.],
       [80.],
       [80.],
       [80.],
       [80.],
       [80.],
       [80.],
       [80.],
       [80.],
       [80.],
       [80.],
       [80.],
       [80.],
       [80.],
       [80.],
       [80.],
       [80.],
       [80.],
       [80.],
       [80.],
       [80.],
       [80.],
       [80.],
       [80.],
       [80.],
       [80.],
       [80.],
       [80.],
       [80.],
       [80.],
       [80.],
       [80.],
       [80.],
       [80.],
       [80.],
       [80.],
       [80.],
       [80.],
       [80.],
       [80.],
       [80.],
       [80.],
       [80.],
       [80.],
       [80.],
       [80.],
       [80.],
       [80.],
       [80.],
       [80.],
       [80.],
       [80.],
       [80.],
       [80.],
       [80.],
       [80.],
       [80.],
       [80.],
       [80.],
       [80.],
       [80.],
       [80.],
       [80.],
       [80.],
       [80.],
       [80.],
       [80.],
       [80.],
       [80.],
       [80.],
       [80.],
       [80.],
       [80.],
       [80.],
       [80.],
       [80.],
       [80.],
       [80.],
       [80.],
       [80.],
       [80.],
       [80.],
       [80.],
       [80.],
       [80.],
       [80.],
       [80.],
       [80.],
       [80.],
       [80.],
       [80.],
       [80.],
       [80.],
       [80.],
       [80.],
       [80.],
       [80.],
       [80.],
       [80.],
       [80.],
       [80.],
       [80.],
       [80.],
       [80.],
       [80.],
       [80.],
       [80.],
       [80.],
       [80.],
       [80.],
       [80.],
       [80.],
       [80.],
       [80.],
       [80.],
       [80.],
       [80.],
       [80.],
       [80.],
       [80.],
       [80.],
       [80.],
       [80.],
       [80.],
       [80.],
       [80.],
       [80.],
       [80.],
       [80.],
       [80.],
       [80.],
       [80.],
       [80.],
       [80.],
       [80.],
       [80.],
       [80.],
       [80.],
       [80.],
       [80.],
       [80.],
       [80.],
       [80.],
       [80.],
       [80.],
       [80.],
       [80.],
       [80.],
       [80.],
       [80.],
       [80.],
       [80.],
       [80.],
       [80.],
       [80.],
       [80.],
       [80.],
       [80.],
       [80.],
       [80.],
       [80.],
       [80.],
       [80.],
       [80.],
       [80.],
       [80.],
       [80.],
       [80.],
       [80.],
       [80.],
       [80.],
       [80.],
       [80.],
       [80.],
       [80.],
       [80.],
       [80.],
       [80.],
       [80.],
       [80.],
       [80.],
       [80.],
       [80.],
       [80.],
       [80.],
       [80.],
       [80.],
       [80.],
       [80.],
       [80.],
       [80.],
       [80.],
       [80.],
       [80.],
       [80.],
       [80.],
       [80.],
       [80.],
       [80.],
       [80.],
       [80.],
       [80.],
       [80.],
       [80.],
       [80.],
       [80.],
       [80.],
       [80.],
       [80.],
       [80.],
       [80.],
       [80.],
       [80.],
       [80.],
       [80.],
       [80.],
       [80.],
       [80.],
       [80.],
       [80.],
       [80.],
       [80.],
       [80.],
       [80.],
       [80.],
       [80.],
       [80.],
       [80.],
       [80.],
       [80.],
       [80.],
       [80.],
       [80.],
       [80.],
       [80.],
       [80.],
       [80.],
       [80.],
       [80.],
       [80.],
       [80.],
       [80.],
       [80.],
       [80.],
       [80.],
       [80.],
       [80.],
       [80.],
       [80.],
       [80.],
       [80.],
       [80.],
       [80.],
       [80.],
       [80.],
       [80.],
       [80.],
       [80.],
       [80.],
       [80.],
       [80.],
       [80.],
       [80.],
       [80.],
       [80.],
       [80.],
       [80.],
       [80.],
       [80.],
       [80.],
       [80.],
       [80.],
       [80.],
       [80.],
       [80.],
       [80.],
       [80.],
       [80.],
       [80.],
       [80.],
       [80.],
       [80.],
       [80.],
       [80.],
       [80.],
       [80.],
       [80.],
       [80.],
       [80.],
       [80.],
       [80.],
       [80.],
       [80.],
       [80.],
       [80.],
       [80.],
       [80.],
       [80.],
       [80.],
       [80.],
       [80.],
       [80.],
       [80.],
       [80.],
       [80.],
       [80.],
       [80.],
       [80.],
       [80.],
       [80.],
       [80.],
       [80.],
       [80.],
       [80.],
       [80.],
       [80.],
       [80.],
       [80.],
       [80.],
       [80.],
       [80.],
       [80.],
       [80.],
       [80.],
       [80.],
       [80.],
       [80.],
       [80.],
       [80.],
       [80.],
       [80.],
       [80.],
       [80.],
       [80.],
       [80.],
       [80.],
       [80.],
       [80.],
       [80.],
       [80.],
       [80.],
       [80.],
       [80.],
       [80.],
       [80.],
       [80.],
       [80.],
       [80.],
       [80.],
       [80.],
       [80.],
       [80.],
       [80.],
       [80.],
       [80.],
       [80.],
       [80.],
       [80.],
       [80.],
       [80.],
       [80.],
       [80.],
       [80.],
       [80.],
       [80.],
       [80.],
       [80.],
       [80.],
       [80.],
       [80.],
       [80.],
       [80.],
       [80.],
       [80.],
       [80.],
       [80.],
       [80.],
       [80.],
       [80.],
       [80.],
       [80.],
       [80.],
       [80.],
       [80.],
       [80.],
       [80.],
       [80.],
       [80.],
       [80.],
       [80.],
       [80.],
       [80.],
       [80.],
       [80.],
       [80.],
       [80.],
       [80.],
       [80.],
       [80.],
       [80.]]), 'dt': 0.01, 'N': 400, 'l': 1e-05}","{'Q': 52.63157894736842, 'gbar': 9.473684210526315, 'T': 10000, 'supervisor': array([[-1.89214982e-17],
       [ 4.44288287e-04],
       [ 8.88576529e-04],
       ...,
       [-1.33286468e-03],
       [-8.88576529e-04],
       [-4.44288287e-04]]), 'BIAS': array([[80.],
       [80.],
       [80.],
       [80.],
       [80.],
       [80.],
       [80.],
       [80.],
       [80.],
       [80.],
       [80.],
       [80.],
       [80.],
       [80.],
       [80.],
       [80.],
       [80.],
       [80.],
       [80.],
       [80.],
       [80.],
       [80.],
       [80.],
       [80.],
       [80.],
       [80.],
       [80.],
       [80.],
       [80.],
       [80.],
       [80.],
       [80.],
       [80.],
       [80.],
       [80.],
       [80.],
       [80.],
       [80.],
       [80.],
       [80.],
       [80.],
       [80.],
       [80.],
       [80.],
       [80.],
       [80.],
       [80.],
       [80.],
       [80.],
       [80.],
       [80.],
       [80.],
       [80.],
       [80.],
       [80.],
       [80.],
       [80.],
       [80.],
       [80.],
       [80.],
       [80.],
       [80.],
       [80.],
       [80.],
       [80.],
       [80.],
       [80.],
       [80.],
       [80.],
       [80.],
       [80.],
       [80.],
       [80.],
       [80.],
       [80.],
       [80.],
       [80.],
       [80.],
       [80.],
       [80.],
       [80.],
       [80.],
       [80.],
       [80.],
       [80.],
       [80.],
       [80.],
       [80.],
       [80.],
       [80.],
       [80.],
       [80.],
       [80.],
       [80.],
       [80.],
       [80.],
       [80.],
       [80.],
       [80.],
       [80.],
       [80.],
       [80.],
       [80.],
       [80.],
       [80.],
       [80.],
       [80.],
       [80.],
       [80.],
       [80.],
       [80.],
       [80.],
       [80.],
       [80.],
       [80.],
       [80.],
       [80.],
       [80.],
       [80.],
       [80.],
       [80.],
       [80.],
       [80.],
       [80.],
       [80.],
       [80.],
       [80.],
       [80.],
       [80.],
       [80.],
       [80.],
       [80.],
       [80.],
       [80.],
       [80.],
       [80.],
       [80.],
       [80.],
       [80.],
       [80.],
       [80.],
       [80.],
       [80.],
       [80.],
       [80.],
       [80.],
       [80.],
       [80.],
       [80.],
       [80.],
       [80.],
       [80.],
       [80.],
       [80.],
       [80.],
       [80.],
       [80.],
       [80.],
       [80.],
       [80.],
       [80.],
       [80.],
       [80.],
       [80.],
       [80.],
       [80.],
       [80.],
       [80.],
       [80.],
       [80.],
       [80.],
       [80.],
       [80.],
       [80.],
       [80.],
       [80.],
       [80.],
       [80.],
       [80.],
       [80.],
       [80.],
       [80.],
       [80.],
       [80.],
       [80.],
       [80.],
       [80.],
       [80.],
       [80.],
       [80.],
       [80.],
       [80.],
       [80.],
       [80.],
       [80.],
       [80.],
       [80.],
       [80.],
       [80.],
       [80.],
       [80.],
       [80.],
       [80.],
       [80.],
       [80.],
       [80.],
       [80.],
       [80.],
       [80.],
       [80.],
       [80.],
       [80.],
       [80.],
       [80.],
       [80.],
       [80.],
       [80.],
       [80.],
       [80.],
       [80.],
       [80.],
       [80.],
       [80.],
       [80.],
       [80.],
       [80.],
       [80.],
       [80.],
       [80.],
       [80.],
       [80.],
       [80.],
       [80.],
       [80.],
       [80.],
       [80.],
       [80.],
       [80.],
       [80.],
       [80.],
       [80.],
       [80.],
       [80.],
       [80.],
       [80.],
       [80.],
       [80.],
       [80.],
       [80.],
       [80.],
       [80.],
       [80.],
       [80.],
       [80.],
       [80.],
       [80.],
       [80.],
       [80.],
       [80.],
       [80.],
       [80.],
       [80.],
       [80.],
       [80.],
       [80.],
       [80.],
       [80.],
       [80.],
       [80.],
       [80.],
       [80.],
       [80.],
       [80.],
       [80.],
       [80.],
       [80.],
       [80.],
       [80.],
       [80.],
       [80.],
       [80.],
       [80.],
       [80.],
       [80.],
       [80.],
       [80.],
       [80.],
       [80.],
       [80.],
       [80.],
       [80.],
       [80.],
       [80.],
       [80.],
       [80.],
       [80.],
       [80.],
       [80.],
       [80.],
       [80.],
       [80.],
       [80.],
       [80.],
       [80.],
       [80.],
       [80.],
       [80.],
       [80.],
       [80.],
       [80.],
       [80.],
       [80.],
       [80.],
       [80.],
       [80.],
       [80.],
       [80.],
       [80.],
       [80.],
       [80.],
       [80.],
       [80.],
       [80.],
       [80.],
       [80.],
       [80.],
       [80.],
       [80.],
       [80.],
       [80.],
       [80.],
       [80.],
       [80.],
       [80.],
       [80.],
       [80.],
       [80.],
       [80.],
       [80.],
       [80.],
       [80.],
       [80.],
       [80.],
       [80.],
       [80.],
       [80.],
       [80.],
       [80.],
       [80.],
       [80.],
       [80.],
       [80.],
       [80.],
       [80.],
       [80.],
       [80.],
       [80.],
       [80.],
       [80.],
       [80.],
       [80.],
       [80.],
       [80.],
       [80.],
       [80.],
       [80.],
       [80.],
       [80.],
       [80.],
       [80.],
       [80.],
       [80.],
       [80.],
       [80.],
       [80.],
       [80.],
       [80.],
       [80.],
       [80.],
       [80.],
       [80.],
       [80.],
       [80.],
       [80.],
       [80.],
       [80.],
       [80.],
       [80.],
       [80.],
       [80.],
       [80.],
       [80.],
       [80.],
       [80.],
       [80.],
       [80.],
       [80.],
       [80.],
       [80.],
       [80.]]), 'dt': 0.01, 'N': 400, 'l': 1e-05}","{'Q': 52.63157894736842, 'gbar': 10.526315789473683, 'T': 10000, 'supervisor': array([[-1.89214982e-17],
       [ 4.44288287e-04],
       [ 8.88576529e-04],
       ...,
       [-1.33286468e-03],
       [-8.88576529e-04],
       [-4.44288287e-04]]), 'BIAS': array([[80.],
       [80.],
       [80.],
       [80.],
       [80.],
       [80.],
       [80.],
       [80.],
       [80.],
       [80.],
       [80.],
       [80.],
       [80.],
       [80.],
       [80.],
       [80.],
       [80.],
       [80.],
       [80.],
       [80.],
       [80.],
       [80.],
       [80.],
       [80.],
       [80.],
       [80.],
       [80.],
       [80.],
       [80.],
       [80.],
       [80.],
       [80.],
       [80.],
       [80.],
       [80.],
       [80.],
       [80.],
       [80.],
       [80.],
       [80.],
       [80.],
       [80.],
       [80.],
       [80.],
       [80.],
       [80.],
       [80.],
       [80.],
       [80.],
       [80.],
       [80.],
       [80.],
       [80.],
       [80.],
       [80.],
       [80.],
       [80.],
       [80.],
       [80.],
       [80.],
       [80.],
       [80.],
       [80.],
       [80.],
       [80.],
       [80.],
       [80.],
       [80.],
       [80.],
       [80.],
       [80.],
       [80.],
       [80.],
       [80.],
       [80.],
       [80.],
       [80.],
       [80.],
       [80.],
       [80.],
       [80.],
       [80.],
       [80.],
       [80.],
       [80.],
       [80.],
       [80.],
       [80.],
       [80.],
       [80.],
       [80.],
       [80.],
       [80.],
       [80.],
       [80.],
       [80.],
       [80.],
       [80.],
       [80.],
       [80.],
       [80.],
       [80.],
       [80.],
       [80.],
       [80.],
       [80.],
       [80.],
       [80.],
       [80.],
       [80.],
       [80.],
       [80.],
       [80.],
       [80.],
       [80.],
       [80.],
       [80.],
       [80.],
       [80.],
       [80.],
       [80.],
       [80.],
       [80.],
       [80.],
       [80.],
       [80.],
       [80.],
       [80.],
       [80.],
       [80.],
       [80.],
       [80.],
       [80.],
       [80.],
       [80.],
       [80.],
       [80.],
       [80.],
       [80.],
       [80.],
       [80.],
       [80.],
       [80.],
       [80.],
       [80.],
       [80.],
       [80.],
       [80.],
       [80.],
       [80.],
       [80.],
       [80.],
       [80.],
       [80.],
       [80.],
       [80.],
       [80.],
       [80.],
       [80.],
       [80.],
       [80.],
       [80.],
       [80.],
       [80.],
       [80.],
       [80.],
       [80.],
       [80.],
       [80.],
       [80.],
       [80.],
       [80.],
       [80.],
       [80.],
       [80.],
       [80.],
       [80.],
       [80.],
       [80.],
       [80.],
       [80.],
       [80.],
       [80.],
       [80.],
       [80.],
       [80.],
       [80.],
       [80.],
       [80.],
       [80.],
       [80.],
       [80.],
       [80.],
       [80.],
       [80.],
       [80.],
       [80.],
       [80.],
       [80.],
       [80.],
       [80.],
       [80.],
       [80.],
       [80.],
       [80.],
       [80.],
       [80.],
       [80.],
       [80.],
       [80.],
       [80.],
       [80.],
       [80.],
       [80.],
       [80.],
       [80.],
       [80.],
       [80.],
       [80.],
       [80.],
       [80.],
       [80.],
       [80.],
       [80.],
       [80.],
       [80.],
       [80.],
       [80.],
       [80.],
       [80.],
       [80.],
       [80.],
       [80.],
       [80.],
       [80.],
       [80.],
       [80.],
       [80.],
       [80.],
       [80.],
       [80.],
       [80.],
       [80.],
       [80.],
       [80.],
       [80.],
       [80.],
       [80.],
       [80.],
       [80.],
       [80.],
       [80.],
       [80.],
       [80.],
       [80.],
       [80.],
       [80.],
       [80.],
       [80.],
       [80.],
       [80.],
       [80.],
       [80.],
       [80.],
       [80.],
       [80.],
       [80.],
       [80.],
       [80.],
       [80.],
       [80.],
       [80.],
       [80.],
       [80.],
       [80.],
       [80.],
       [80.],
       [80.],
       [80.],
       [80.],
       [80.],
       [80.],
       [80.],
       [80.],
       [80.],
       [80.],
       [80.],
       [80.],
       [80.],
       [80.],
       [80.],
       [80.],
       [80.],
       [80.],
       [80.],
       [80.],
       [80.],
       [80.],
       [80.],
       [80.],
       [80.],
       [80.],
       [80.],
       [80.],
       [80.],
       [80.],
       [80.],
       [80.],
       [80.],
       [80.],
       [80.],
       [80.],
       [80.],
       [80.],
       [80.],
       [80.],
       [80.],
       [80.],
       [80.],
       [80.],
       [80.],
       [80.],
       [80.],
       [80.],
       [80.],
       [80.],
       [80.],
       [80.],
       [80.],
       [80.],
       [80.],
       [80.],
       [80.],
       [80.],
       [80.],
       [80.],
       [80.],
       [80.],
       [80.],
       [80.],
       [80.],
       [80.],
       [80.],
       [80.],
       [80.],
       [80.],
       [80.],
       [80.],
       [80.],
       [80.],
       [80.],
       [80.],
       [80.],
       [80.],
       [80.],
       [80.],
       [80.],
       [80.],
       [80.],
       [80.],
       [80.],
       [80.],
       [80.],
       [80.],
       [80.],
       [80.],
       [80.],
       [80.],
       [80.],
       [80.],
       [80.],
       [80.],
       [80.],
       [80.],
       [80.],
       [80.],
       [80.],
       [80.],
       [80.],
       [80.],
       [80.],
       [80.],
       [80.],
       [80.],
       [80.],
       [80.],
       [80.],
       [80.],
       [80.],
       [80.],
       [80.],
       [80.],
       [80.],
       [80.],
       [80.],
       [80.],
       [80.],
       [80.],
       [80.],
       [80.]]), 'dt': 0.01, 'N': 400, 'l': 1e-05}","{'Q': 52.63157894736842, 'gbar': 11.578947368421051, 'T': 10000, 'supervisor': array([[-1.89214982e-17],
       [ 4.44288287e-04],
       [ 8.88576529e-04],
       ...,
       [-1.33286468e-03],
       [-8.88576529e-04],
       [-4.44288287e-04]]), 'BIAS': array([[80.],
       [80.],
       [80.],
       [80.],
       [80.],
       [80.],
       [80.],
       [80.],
       [80.],
       [80.],
       [80.],
       [80.],
       [80.],
       [80.],
       [80.],
       [80.],
       [80.],
       [80.],
       [80.],
       [80.],
       [80.],
       [80.],
       [80.],
       [80.],
       [80.],
       [80.],
       [80.],
       [80.],
       [80.],
       [80.],
       [80.],
       [80.],
       [80.],
       [80.],
       [80.],
       [80.],
       [80.],
       [80.],
       [80.],
       [80.],
       [80.],
       [80.],
       [80.],
       [80.],
       [80.],
       [80.],
       [80.],
       [80.],
       [80.],
       [80.],
       [80.],
       [80.],
       [80.],
       [80.],
       [80.],
       [80.],
       [80.],
       [80.],
       [80.],
       [80.],
       [80.],
       [80.],
       [80.],
       [80.],
       [80.],
       [80.],
       [80.],
       [80.],
       [80.],
       [80.],
       [80.],
       [80.],
       [80.],
       [80.],
       [80.],
       [80.],
       [80.],
       [80.],
       [80.],
       [80.],
       [80.],
       [80.],
       [80.],
       [80.],
       [80.],
       [80.],
       [80.],
       [80.],
       [80.],
       [80.],
       [80.],
       [80.],
       [80.],
       [80.],
       [80.],
       [80.],
       [80.],
       [80.],
       [80.],
       [80.],
       [80.],
       [80.],
       [80.],
       [80.],
       [80.],
       [80.],
       [80.],
       [80.],
       [80.],
       [80.],
       [80.],
       [80.],
       [80.],
       [80.],
       [80.],
       [80.],
       [80.],
       [80.],
       [80.],
       [80.],
       [80.],
       [80.],
       [80.],
       [80.],
       [80.],
       [80.],
       [80.],
       [80.],
       [80.],
       [80.],
       [80.],
       [80.],
       [80.],
       [80.],
       [80.],
       [80.],
       [80.],
       [80.],
       [80.],
       [80.],
       [80.],
       [80.],
       [80.],
       [80.],
       [80.],
       [80.],
       [80.],
       [80.],
       [80.],
       [80.],
       [80.],
       [80.],
       [80.],
       [80.],
       [80.],
       [80.],
       [80.],
       [80.],
       [80.],
       [80.],
       [80.],
       [80.],
       [80.],
       [80.],
       [80.],
       [80.],
       [80.],
       [80.],
       [80.],
       [80.],
       [80.],
       [80.],
       [80.],
       [80.],
       [80.],
       [80.],
       [80.],
       [80.],
       [80.],
       [80.],
       [80.],
       [80.],
       [80.],
       [80.],
       [80.],
       [80.],
       [80.],
       [80.],
       [80.],
       [80.],
       [80.],
       [80.],
       [80.],
       [80.],
       [80.],
       [80.],
       [80.],
       [80.],
       [80.],
       [80.],
       [80.],
       [80.],
       [80.],
       [80.],
       [80.],
       [80.],
       [80.],
       [80.],
       [80.],
       [80.],
       [80.],
       [80.],
       [80.],
       [80.],
       [80.],
       [80.],
       [80.],
       [80.],
       [80.],
       [80.],
       [80.],
       [80.],
       [80.],
       [80.],
       [80.],
       [80.],
       [80.],
       [80.],
       [80.],
       [80.],
       [80.],
       [80.],
       [80.],
       [80.],
       [80.],
       [80.],
       [80.],
       [80.],
       [80.],
       [80.],
       [80.],
       [80.],
       [80.],
       [80.],
       [80.],
       [80.],
       [80.],
       [80.],
       [80.],
       [80.],
       [80.],
       [80.],
       [80.],
       [80.],
       [80.],
       [80.],
       [80.],
       [80.],
       [80.],
       [80.],
       [80.],
       [80.],
       [80.],
       [80.],
       [80.],
       [80.],
       [80.],
       [80.],
       [80.],
       [80.],
       [80.],
       [80.],
       [80.],
       [80.],
       [80.],
       [80.],
       [80.],
       [80.],
       [80.],
       [80.],
       [80.],
       [80.],
       [80.],
       [80.],
       [80.],
       [80.],
       [80.],
       [80.],
       [80.],
       [80.],
       [80.],
       [80.],
       [80.],
       [80.],
       [80.],
       [80.],
       [80.],
       [80.],
       [80.],
       [80.],
       [80.],
       [80.],
       [80.],
       [80.],
       [80.],
       [80.],
       [80.],
       [80.],
       [80.],
       [80.],
       [80.],
       [80.],
       [80.],
       [80.],
       [80.],
       [80.],
       [80.],
       [80.],
       [80.],
       [80.],
       [80.],
       [80.],
       [80.],
       [80.],
       [80.],
       [80.],
       [80.],
       [80.],
       [80.],
       [80.],
       [80.],
       [80.],
       [80.],
       [80.],
       [80.],
       [80.],
       [80.],
       [80.],
       [80.],
       [80.],
       [80.],
       [80.],
       [80.],
       [80.],
       [80.],
       [80.],
       [80.],
       [80.],
       [80.],
       [80.],
       [80.],
       [80.],
       [80.],
       [80.],
       [80.],
       [80.],
       [80.],
       [80.],
       [80.],
       [80.],
       [80.],
       [80.],
       [80.],
       [80.],
       [80.],
       [80.],
       [80.],
       [80.],
       [80.],
       [80.],
       [80.],
       [80.],
       [80.],
       [80.],
       [80.],
       [80.],
       [80.],
       [80.],
       [80.],
       [80.],
       [80.],
       [80.],
       [80.],
       [80.],
       [80.],
       [80.],
       [80.],
       [80.],
       [80.],
       [80.],
       [80.],
       [80.],
       [80.],
       [80.],
       [80.],
       [80.],
       [80.],
       [80.],
       [80.],
       [80.]]), 'dt': 0.01, 'N': 400, 'l': 1e-05}","{'Q': 52.63157894736842, 'gbar': 12.631578947368421, 'T': 10000, 'supervisor': array([[-1.89214982e-17],
       [ 4.44288287e-04],
       [ 8.88576529e-04],
       ...,
       [-1.33286468e-03],
       [-8.88576529e-04],
       [-4.44288287e-04]]), 'BIAS': array([[80.],
       [80.],
       [80.],
       [80.],
       [80.],
       [80.],
       [80.],
       [80.],
       [80.],
       [80.],
       [80.],
       [80.],
       [80.],
       [80.],
       [80.],
       [80.],
       [80.],
       [80.],
       [80.],
       [80.],
       [80.],
       [80.],
       [80.],
       [80.],
       [80.],
       [80.],
       [80.],
       [80.],
       [80.],
       [80.],
       [80.],
       [80.],
       [80.],
       [80.],
       [80.],
       [80.],
       [80.],
       [80.],
       [80.],
       [80.],
       [80.],
       [80.],
       [80.],
       [80.],
       [80.],
       [80.],
       [80.],
       [80.],
       [80.],
       [80.],
       [80.],
       [80.],
       [80.],
       [80.],
       [80.],
       [80.],
       [80.],
       [80.],
       [80.],
       [80.],
       [80.],
       [80.],
       [80.],
       [80.],
       [80.],
       [80.],
       [80.],
       [80.],
       [80.],
       [80.],
       [80.],
       [80.],
       [80.],
       [80.],
       [80.],
       [80.],
       [80.],
       [80.],
       [80.],
       [80.],
       [80.],
       [80.],
       [80.],
       [80.],
       [80.],
       [80.],
       [80.],
       [80.],
       [80.],
       [80.],
       [80.],
       [80.],
       [80.],
       [80.],
       [80.],
       [80.],
       [80.],
       [80.],
       [80.],
       [80.],
       [80.],
       [80.],
       [80.],
       [80.],
       [80.],
       [80.],
       [80.],
       [80.],
       [80.],
       [80.],
       [80.],
       [80.],
       [80.],
       [80.],
       [80.],
       [80.],
       [80.],
       [80.],
       [80.],
       [80.],
       [80.],
       [80.],
       [80.],
       [80.],
       [80.],
       [80.],
       [80.],
       [80.],
       [80.],
       [80.],
       [80.],
       [80.],
       [80.],
       [80.],
       [80.],
       [80.],
       [80.],
       [80.],
       [80.],
       [80.],
       [80.],
       [80.],
       [80.],
       [80.],
       [80.],
       [80.],
       [80.],
       [80.],
       [80.],
       [80.],
       [80.],
       [80.],
       [80.],
       [80.],
       [80.],
       [80.],
       [80.],
       [80.],
       [80.],
       [80.],
       [80.],
       [80.],
       [80.],
       [80.],
       [80.],
       [80.],
       [80.],
       [80.],
       [80.],
       [80.],
       [80.],
       [80.],
       [80.],
       [80.],
       [80.],
       [80.],
       [80.],
       [80.],
       [80.],
       [80.],
       [80.],
       [80.],
       [80.],
       [80.],
       [80.],
       [80.],
       [80.],
       [80.],
       [80.],
       [80.],
       [80.],
       [80.],
       [80.],
       [80.],
       [80.],
       [80.],
       [80.],
       [80.],
       [80.],
       [80.],
       [80.],
       [80.],
       [80.],
       [80.],
       [80.],
       [80.],
       [80.],
       [80.],
       [80.],
       [80.],
       [80.],
       [80.],
       [80.],
       [80.],
       [80.],
       [80.],
       [80.],
       [80.],
       [80.],
       [80.],
       [80.],
       [80.],
       [80.],
       [80.],
       [80.],
       [80.],
       [80.],
       [80.],
       [80.],
       [80.],
       [80.],
       [80.],
       [80.],
       [80.],
       [80.],
       [80.],
       [80.],
       [80.],
       [80.],
       [80.],
       [80.],
       [80.],
       [80.],
       [80.],
       [80.],
       [80.],
       [80.],
       [80.],
       [80.],
       [80.],
       [80.],
       [80.],
       [80.],
       [80.],
       [80.],
       [80.],
       [80.],
       [80.],
       [80.],
       [80.],
       [80.],
       [80.],
       [80.],
       [80.],
       [80.],
       [80.],
       [80.],
       [80.],
       [80.],
       [80.],
       [80.],
       [80.],
       [80.],
       [80.],
       [80.],
       [80.],
       [80.],
       [80.],
       [80.],
       [80.],
       [80.],
       [80.],
       [80.],
       [80.],
       [80.],
       [80.],
       [80.],
       [80.],
       [80.],
       [80.],
       [80.],
       [80.],
       [80.],
       [80.],
       [80.],
       [80.],
       [80.],
       [80.],
       [80.],
       [80.],
       [80.],
       [80.],
       [80.],
       [80.],
       [80.],
       [80.],
       [80.],
       [80.],
       [80.],
       [80.],
       [80.],
       [80.],
       [80.],
       [80.],
       [80.],
       [80.],
       [80.],
       [80.],
       [80.],
       [80.],
       [80.],
       [80.],
       [80.],
       [80.],
       [80.],
       [80.],
       [80.],
       [80.],
       [80.],
       [80.],
       [80.],
       [80.],
       [80.],
       [80.],
       [80.],
       [80.],
       [80.],
       [80.],
       [80.],
       [80.],
       [80.],
       [80.],
       [80.],
       [80.],
       [80.],
       [80.],
       [80.],
       [80.],
       [80.],
       [80.],
       [80.],
       [80.],
       [80.],
       [80.],
       [80.],
       [80.],
       [80.],
       [80.],
       [80.],
       [80.],
       [80.],
       [80.],
       [80.],
       [80.],
       [80.],
       [80.],
       [80.],
       [80.],
       [80.],
       [80.],
       [80.],
       [80.],
       [80.],
       [80.],
       [80.],
       [80.],
       [80.],
       [80.],
       [80.],
       [80.],
       [80.],
       [80.],
       [80.],
       [80.],
       [80.],
       [80.],
       [80.],
       [80.],
       [80.],
       [80.],
       [80.],
       [80.],
       [80.],
       [80.],
       [80.],
       [80.],
       [80.],
       [80.],
       [80.],
       [80.]]), 'dt': 0.01, 'N': 400, 'l': 1e-05}","{'Q': 52.63157894736842, 'gbar': 13.68421052631579, 'T': 10000, 'supervisor': array([[-1.89214982e-17],
       [ 4.44288287e-04],
       [ 8.88576529e-04],
       ...,
       [-1.33286468e-03],
       [-8.88576529e-04],
       [-4.44288287e-04]]), 'BIAS': array([[80.],
       [80.],
       [80.],
       [80.],
       [80.],
       [80.],
       [80.],
       [80.],
       [80.],
       [80.],
       [80.],
       [80.],
       [80.],
       [80.],
       [80.],
       [80.],
       [80.],
       [80.],
       [80.],
       [80.],
       [80.],
       [80.],
       [80.],
       [80.],
       [80.],
       [80.],
       [80.],
       [80.],
       [80.],
       [80.],
       [80.],
       [80.],
       [80.],
       [80.],
       [80.],
       [80.],
       [80.],
       [80.],
       [80.],
       [80.],
       [80.],
       [80.],
       [80.],
       [80.],
       [80.],
       [80.],
       [80.],
       [80.],
       [80.],
       [80.],
       [80.],
       [80.],
       [80.],
       [80.],
       [80.],
       [80.],
       [80.],
       [80.],
       [80.],
       [80.],
       [80.],
       [80.],
       [80.],
       [80.],
       [80.],
       [80.],
       [80.],
       [80.],
       [80.],
       [80.],
       [80.],
       [80.],
       [80.],
       [80.],
       [80.],
       [80.],
       [80.],
       [80.],
       [80.],
       [80.],
       [80.],
       [80.],
       [80.],
       [80.],
       [80.],
       [80.],
       [80.],
       [80.],
       [80.],
       [80.],
       [80.],
       [80.],
       [80.],
       [80.],
       [80.],
       [80.],
       [80.],
       [80.],
       [80.],
       [80.],
       [80.],
       [80.],
       [80.],
       [80.],
       [80.],
       [80.],
       [80.],
       [80.],
       [80.],
       [80.],
       [80.],
       [80.],
       [80.],
       [80.],
       [80.],
       [80.],
       [80.],
       [80.],
       [80.],
       [80.],
       [80.],
       [80.],
       [80.],
       [80.],
       [80.],
       [80.],
       [80.],
       [80.],
       [80.],
       [80.],
       [80.],
       [80.],
       [80.],
       [80.],
       [80.],
       [80.],
       [80.],
       [80.],
       [80.],
       [80.],
       [80.],
       [80.],
       [80.],
       [80.],
       [80.],
       [80.],
       [80.],
       [80.],
       [80.],
       [80.],
       [80.],
       [80.],
       [80.],
       [80.],
       [80.],
       [80.],
       [80.],
       [80.],
       [80.],
       [80.],
       [80.],
       [80.],
       [80.],
       [80.],
       [80.],
       [80.],
       [80.],
       [80.],
       [80.],
       [80.],
       [80.],
       [80.],
       [80.],
       [80.],
       [80.],
       [80.],
       [80.],
       [80.],
       [80.],
       [80.],
       [80.],
       [80.],
       [80.],
       [80.],
       [80.],
       [80.],
       [80.],
       [80.],
       [80.],
       [80.],
       [80.],
       [80.],
       [80.],
       [80.],
       [80.],
       [80.],
       [80.],
       [80.],
       [80.],
       [80.],
       [80.],
       [80.],
       [80.],
       [80.],
       [80.],
       [80.],
       [80.],
       [80.],
       [80.],
       [80.],
       [80.],
       [80.],
       [80.],
       [80.],
       [80.],
       [80.],
       [80.],
       [80.],
       [80.],
       [80.],
       [80.],
       [80.],
       [80.],
       [80.],
       [80.],
       [80.],
       [80.],
       [80.],
       [80.],
       [80.],
       [80.],
       [80.],
       [80.],
       [80.],
       [80.],
       [80.],
       [80.],
       [80.],
       [80.],
       [80.],
       [80.],
       [80.],
       [80.],
       [80.],
       [80.],
       [80.],
       [80.],
       [80.],
       [80.],
       [80.],
       [80.],
       [80.],
       [80.],
       [80.],
       [80.],
       [80.],
       [80.],
       [80.],
       [80.],
       [80.],
       [80.],
       [80.],
       [80.],
       [80.],
       [80.],
       [80.],
       [80.],
       [80.],
       [80.],
       [80.],
       [80.],
       [80.],
       [80.],
       [80.],
       [80.],
       [80.],
       [80.],
       [80.],
       [80.],
       [80.],
       [80.],
       [80.],
       [80.],
       [80.],
       [80.],
       [80.],
       [80.],
       [80.],
       [80.],
       [80.],
       [80.],
       [80.],
       [80.],
       [80.],
       [80.],
       [80.],
       [80.],
       [80.],
       [80.],
       [80.],
       [80.],
       [80.],
       [80.],
       [80.],
       [80.],
       [80.],
       [80.],
       [80.],
       [80.],
       [80.],
       [80.],
       [80.],
       [80.],
       [80.],
       [80.],
       [80.],
       [80.],
       [80.],
       [80.],
       [80.],
       [80.],
       [80.],
       [80.],
       [80.],
       [80.],
       [80.],
       [80.],
       [80.],
       [80.],
       [80.],
       [80.],
       [80.],
       [80.],
       [80.],
       [80.],
       [80.],
       [80.],
       [80.],
       [80.],
       [80.],
       [80.],
       [80.],
       [80.],
       [80.],
       [80.],
       [80.],
       [80.],
       [80.],
       [80.],
       [80.],
       [80.],
       [80.],
       [80.],
       [80.],
       [80.],
       [80.],
       [80.],
       [80.],
       [80.],
       [80.],
       [80.],
       [80.],
       [80.],
       [80.],
       [80.],
       [80.],
       [80.],
       [80.],
       [80.],
       [80.],
       [80.],
       [80.],
       [80.],
       [80.],
       [80.],
       [80.],
       [80.],
       [80.],
       [80.],
       [80.],
       [80.],
       [80.],
       [80.],
       [80.],
       [80.],
       [80.],
       [80.],
       [80.],
       [80.],
       [80.],
       [80.],
       [80.],
       [80.],
       [80.],
       [80.],
       [80.],
       [80.],
       [80.],
       [80.],
       [80.]]), 'dt': 0.01, 'N': 400, 'l': 1e-05}","{'Q': 52.63157894736842, 'gbar': 14.736842105263158, 'T': 10000, 'supervisor': array([[-1.89214982e-17],
       [ 4.44288287e-04],
       [ 8.88576529e-04],
       ...,
       [-1.33286468e-03],
       [-8.88576529e-04],
       [-4.44288287e-04]]), 'BIAS': array([[80.],
       [80.],
       [80.],
       [80.],
       [80.],
       [80.],
       [80.],
       [80.],
       [80.],
       [80.],
       [80.],
       [80.],
       [80.],
       [80.],
       [80.],
       [80.],
       [80.],
       [80.],
       [80.],
       [80.],
       [80.],
       [80.],
       [80.],
       [80.],
       [80.],
       [80.],
       [80.],
       [80.],
       [80.],
       [80.],
       [80.],
       [80.],
       [80.],
       [80.],
       [80.],
       [80.],
       [80.],
       [80.],
       [80.],
       [80.],
       [80.],
       [80.],
       [80.],
       [80.],
       [80.],
       [80.],
       [80.],
       [80.],
       [80.],
       [80.],
       [80.],
       [80.],
       [80.],
       [80.],
       [80.],
       [80.],
       [80.],
       [80.],
       [80.],
       [80.],
       [80.],
       [80.],
       [80.],
       [80.],
       [80.],
       [80.],
       [80.],
       [80.],
       [80.],
       [80.],
       [80.],
       [80.],
       [80.],
       [80.],
       [80.],
       [80.],
       [80.],
       [80.],
       [80.],
       [80.],
       [80.],
       [80.],
       [80.],
       [80.],
       [80.],
       [80.],
       [80.],
       [80.],
       [80.],
       [80.],
       [80.],
       [80.],
       [80.],
       [80.],
       [80.],
       [80.],
       [80.],
       [80.],
       [80.],
       [80.],
       [80.],
       [80.],
       [80.],
       [80.],
       [80.],
       [80.],
       [80.],
       [80.],
       [80.],
       [80.],
       [80.],
       [80.],
       [80.],
       [80.],
       [80.],
       [80.],
       [80.],
       [80.],
       [80.],
       [80.],
       [80.],
       [80.],
       [80.],
       [80.],
       [80.],
       [80.],
       [80.],
       [80.],
       [80.],
       [80.],
       [80.],
       [80.],
       [80.],
       [80.],
       [80.],
       [80.],
       [80.],
       [80.],
       [80.],
       [80.],
       [80.],
       [80.],
       [80.],
       [80.],
       [80.],
       [80.],
       [80.],
       [80.],
       [80.],
       [80.],
       [80.],
       [80.],
       [80.],
       [80.],
       [80.],
       [80.],
       [80.],
       [80.],
       [80.],
       [80.],
       [80.],
       [80.],
       [80.],
       [80.],
       [80.],
       [80.],
       [80.],
       [80.],
       [80.],
       [80.],
       [80.],
       [80.],
       [80.],
       [80.],
       [80.],
       [80.],
       [80.],
       [80.],
       [80.],
       [80.],
       [80.],
       [80.],
       [80.],
       [80.],
       [80.],
       [80.],
       [80.],
       [80.],
       [80.],
       [80.],
       [80.],
       [80.],
       [80.],
       [80.],
       [80.],
       [80.],
       [80.],
       [80.],
       [80.],
       [80.],
       [80.],
       [80.],
       [80.],
       [80.],
       [80.],
       [80.],
       [80.],
       [80.],
       [80.],
       [80.],
       [80.],
       [80.],
       [80.],
       [80.],
       [80.],
       [80.],
       [80.],
       [80.],
       [80.],
       [80.],
       [80.],
       [80.],
       [80.],
       [80.],
       [80.],
       [80.],
       [80.],
       [80.],
       [80.],
       [80.],
       [80.],
       [80.],
       [80.],
       [80.],
       [80.],
       [80.],
       [80.],
       [80.],
       [80.],
       [80.],
       [80.],
       [80.],
       [80.],
       [80.],
       [80.],
       [80.],
       [80.],
       [80.],
       [80.],
       [80.],
       [80.],
       [80.],
       [80.],
       [80.],
       [80.],
       [80.],
       [80.],
       [80.],
       [80.],
       [80.],
       [80.],
       [80.],
       [80.],
       [80.],
       [80.],
       [80.],
       [80.],
       [80.],
       [80.],
       [80.],
       [80.],
       [80.],
       [80.],
       [80.],
       [80.],
       [80.],
       [80.],
       [80.],
       [80.],
       [80.],
       [80.],
       [80.],
       [80.],
       [80.],
       [80.],
       [80.],
       [80.],
       [80.],
       [80.],
       [80.],
       [80.],
       [80.],
       [80.],
       [80.],
       [80.],
       [80.],
       [80.],
       [80.],
       [80.],
       [80.],
       [80.],
       [80.],
       [80.],
       [80.],
       [80.],
       [80.],
       [80.],
       [80.],
       [80.],
       [80.],
       [80.],
       [80.],
       [80.],
       [80.],
       [80.],
       [80.],
       [80.],
       [80.],
       [80.],
       [80.],
       [80.],
       [80.],
       [80.],
       [80.],
       [80.],
       [80.],
       [80.],
       [80.],
       [80.],
       [80.],
       [80.],
       [80.],
       [80.],
       [80.],
       [80.],
       [80.],
       [80.],
       [80.],
       [80.],
       [80.],
       [80.],
       [80.],
       [80.],
       [80.],
       [80.],
       [80.],
       [80.],
       [80.],
       [80.],
       [80.],
       [80.],
       [80.],
       [80.],
       [80.],
       [80.],
       [80.],
       [80.],
       [80.],
       [80.],
       [80.],
       [80.],
       [80.],
       [80.],
       [80.],
       [80.],
       [80.],
       [80.],
       [80.],
       [80.],
       [80.],
       [80.],
       [80.],
       [80.],
       [80.],
       [80.],
       [80.],
       [80.],
       [80.],
       [80.],
       [80.],
       [80.],
       [80.],
       [80.],
       [80.],
       [80.],
       [80.],
       [80.],
       [80.],
       [80.],
       [80.],
       [80.],
       [80.],
       [80.],
       [80.],
       [80.],
       [80.],
       [80.],
       [80.],
       [80.],
       [80.]]), 'dt': 0.01, 'N': 400, 'l': 1e-05}","{'Q': 52.63157894736842, 'gbar': 15.789473684210526, 'T': 10000, 'supervisor': array([[-1.89214982e-17],
       [ 4.44288287e-04],
       [ 8.88576529e-04],
       ...,
       [-1.33286468e-03],
       [-8.88576529e-04],
       [-4.44288287e-04]]), 'BIAS': array([[80.],
       [80.],
       [80.],
       [80.],
       [80.],
       [80.],
       [80.],
       [80.],
       [80.],
       [80.],
       [80.],
       [80.],
       [80.],
       [80.],
       [80.],
       [80.],
       [80.],
       [80.],
       [80.],
       [80.],
       [80.],
       [80.],
       [80.],
       [80.],
       [80.],
       [80.],
       [80.],
       [80.],
       [80.],
       [80.],
       [80.],
       [80.],
       [80.],
       [80.],
       [80.],
       [80.],
       [80.],
       [80.],
       [80.],
       [80.],
       [80.],
       [80.],
       [80.],
       [80.],
       [80.],
       [80.],
       [80.],
       [80.],
       [80.],
       [80.],
       [80.],
       [80.],
       [80.],
       [80.],
       [80.],
       [80.],
       [80.],
       [80.],
       [80.],
       [80.],
       [80.],
       [80.],
       [80.],
       [80.],
       [80.],
       [80.],
       [80.],
       [80.],
       [80.],
       [80.],
       [80.],
       [80.],
       [80.],
       [80.],
       [80.],
       [80.],
       [80.],
       [80.],
       [80.],
       [80.],
       [80.],
       [80.],
       [80.],
       [80.],
       [80.],
       [80.],
       [80.],
       [80.],
       [80.],
       [80.],
       [80.],
       [80.],
       [80.],
       [80.],
       [80.],
       [80.],
       [80.],
       [80.],
       [80.],
       [80.],
       [80.],
       [80.],
       [80.],
       [80.],
       [80.],
       [80.],
       [80.],
       [80.],
       [80.],
       [80.],
       [80.],
       [80.],
       [80.],
       [80.],
       [80.],
       [80.],
       [80.],
       [80.],
       [80.],
       [80.],
       [80.],
       [80.],
       [80.],
       [80.],
       [80.],
       [80.],
       [80.],
       [80.],
       [80.],
       [80.],
       [80.],
       [80.],
       [80.],
       [80.],
       [80.],
       [80.],
       [80.],
       [80.],
       [80.],
       [80.],
       [80.],
       [80.],
       [80.],
       [80.],
       [80.],
       [80.],
       [80.],
       [80.],
       [80.],
       [80.],
       [80.],
       [80.],
       [80.],
       [80.],
       [80.],
       [80.],
       [80.],
       [80.],
       [80.],
       [80.],
       [80.],
       [80.],
       [80.],
       [80.],
       [80.],
       [80.],
       [80.],
       [80.],
       [80.],
       [80.],
       [80.],
       [80.],
       [80.],
       [80.],
       [80.],
       [80.],
       [80.],
       [80.],
       [80.],
       [80.],
       [80.],
       [80.],
       [80.],
       [80.],
       [80.],
       [80.],
       [80.],
       [80.],
       [80.],
       [80.],
       [80.],
       [80.],
       [80.],
       [80.],
       [80.],
       [80.],
       [80.],
       [80.],
       [80.],
       [80.],
       [80.],
       [80.],
       [80.],
       [80.],
       [80.],
       [80.],
       [80.],
       [80.],
       [80.],
       [80.],
       [80.],
       [80.],
       [80.],
       [80.],
       [80.],
       [80.],
       [80.],
       [80.],
       [80.],
       [80.],
       [80.],
       [80.],
       [80.],
       [80.],
       [80.],
       [80.],
       [80.],
       [80.],
       [80.],
       [80.],
       [80.],
       [80.],
       [80.],
       [80.],
       [80.],
       [80.],
       [80.],
       [80.],
       [80.],
       [80.],
       [80.],
       [80.],
       [80.],
       [80.],
       [80.],
       [80.],
       [80.],
       [80.],
       [80.],
       [80.],
       [80.],
       [80.],
       [80.],
       [80.],
       [80.],
       [80.],
       [80.],
       [80.],
       [80.],
       [80.],
       [80.],
       [80.],
       [80.],
       [80.],
       [80.],
       [80.],
       [80.],
       [80.],
       [80.],
       [80.],
       [80.],
       [80.],
       [80.],
       [80.],
       [80.],
       [80.],
       [80.],
       [80.],
       [80.],
       [80.],
       [80.],
       [80.],
       [80.],
       [80.],
       [80.],
       [80.],
       [80.],
       [80.],
       [80.],
       [80.],
       [80.],
       [80.],
       [80.],
       [80.],
       [80.],
       [80.],
       [80.],
       [80.],
       [80.],
       [80.],
       [80.],
       [80.],
       [80.],
       [80.],
       [80.],
       [80.],
       [80.],
       [80.],
       [80.],
       [80.],
       [80.],
       [80.],
       [80.],
       [80.],
       [80.],
       [80.],
       [80.],
       [80.],
       [80.],
       [80.],
       [80.],
       [80.],
       [80.],
       [80.],
       [80.],
       [80.],
       [80.],
       [80.],
       [80.],
       [80.],
       [80.],
       [80.],
       [80.],
       [80.],
       [80.],
       [80.],
       [80.],
       [80.],
       [80.],
       [80.],
       [80.],
       [80.],
       [80.],
       [80.],
       [80.],
       [80.],
       [80.],
       [80.],
       [80.],
       [80.],
       [80.],
       [80.],
       [80.],
       [80.],
       [80.],
       [80.],
       [80.],
       [80.],
       [80.],
       [80.],
       [80.],
       [80.],
       [80.],
       [80.],
       [80.],
       [80.],
       [80.],
       [80.],
       [80.],
       [80.],
       [80.],
       [80.],
       [80.],
       [80.],
       [80.],
       [80.],
       [80.],
       [80.],
       [80.],
       [80.],
       [80.],
       [80.],
       [80.],
       [80.],
       [80.],
       [80.],
       [80.],
       [80.],
       [80.],
       [80.],
       [80.],
       [80.],
       [80.],
       [80.],
       [80.],
       [80.],
       [80.],
       [80.],
       [80.],
       [80.]]), 'dt': 0.01, 'N': 400, 'l': 1e-05}","{'Q': 52.63157894736842, 'gbar': 16.842105263157894, 'T': 10000, 'supervisor': array([[-1.89214982e-17],
       [ 4.44288287e-04],
       [ 8.88576529e-04],
       ...,
       [-1.33286468e-03],
       [-8.88576529e-04],
       [-4.44288287e-04]]), 'BIAS': array([[80.],
       [80.],
       [80.],
       [80.],
       [80.],
       [80.],
       [80.],
       [80.],
       [80.],
       [80.],
       [80.],
       [80.],
       [80.],
       [80.],
       [80.],
       [80.],
       [80.],
       [80.],
       [80.],
       [80.],
       [80.],
       [80.],
       [80.],
       [80.],
       [80.],
       [80.],
       [80.],
       [80.],
       [80.],
       [80.],
       [80.],
       [80.],
       [80.],
       [80.],
       [80.],
       [80.],
       [80.],
       [80.],
       [80.],
       [80.],
       [80.],
       [80.],
       [80.],
       [80.],
       [80.],
       [80.],
       [80.],
       [80.],
       [80.],
       [80.],
       [80.],
       [80.],
       [80.],
       [80.],
       [80.],
       [80.],
       [80.],
       [80.],
       [80.],
       [80.],
       [80.],
       [80.],
       [80.],
       [80.],
       [80.],
       [80.],
       [80.],
       [80.],
       [80.],
       [80.],
       [80.],
       [80.],
       [80.],
       [80.],
       [80.],
       [80.],
       [80.],
       [80.],
       [80.],
       [80.],
       [80.],
       [80.],
       [80.],
       [80.],
       [80.],
       [80.],
       [80.],
       [80.],
       [80.],
       [80.],
       [80.],
       [80.],
       [80.],
       [80.],
       [80.],
       [80.],
       [80.],
       [80.],
       [80.],
       [80.],
       [80.],
       [80.],
       [80.],
       [80.],
       [80.],
       [80.],
       [80.],
       [80.],
       [80.],
       [80.],
       [80.],
       [80.],
       [80.],
       [80.],
       [80.],
       [80.],
       [80.],
       [80.],
       [80.],
       [80.],
       [80.],
       [80.],
       [80.],
       [80.],
       [80.],
       [80.],
       [80.],
       [80.],
       [80.],
       [80.],
       [80.],
       [80.],
       [80.],
       [80.],
       [80.],
       [80.],
       [80.],
       [80.],
       [80.],
       [80.],
       [80.],
       [80.],
       [80.],
       [80.],
       [80.],
       [80.],
       [80.],
       [80.],
       [80.],
       [80.],
       [80.],
       [80.],
       [80.],
       [80.],
       [80.],
       [80.],
       [80.],
       [80.],
       [80.],
       [80.],
       [80.],
       [80.],
       [80.],
       [80.],
       [80.],
       [80.],
       [80.],
       [80.],
       [80.],
       [80.],
       [80.],
       [80.],
       [80.],
       [80.],
       [80.],
       [80.],
       [80.],
       [80.],
       [80.],
       [80.],
       [80.],
       [80.],
       [80.],
       [80.],
       [80.],
       [80.],
       [80.],
       [80.],
       [80.],
       [80.],
       [80.],
       [80.],
       [80.],
       [80.],
       [80.],
       [80.],
       [80.],
       [80.],
       [80.],
       [80.],
       [80.],
       [80.],
       [80.],
       [80.],
       [80.],
       [80.],
       [80.],
       [80.],
       [80.],
       [80.],
       [80.],
       [80.],
       [80.],
       [80.],
       [80.],
       [80.],
       [80.],
       [80.],
       [80.],
       [80.],
       [80.],
       [80.],
       [80.],
       [80.],
       [80.],
       [80.],
       [80.],
       [80.],
       [80.],
       [80.],
       [80.],
       [80.],
       [80.],
       [80.],
       [80.],
       [80.],
       [80.],
       [80.],
       [80.],
       [80.],
       [80.],
       [80.],
       [80.],
       [80.],
       [80.],
       [80.],
       [80.],
       [80.],
       [80.],
       [80.],
       [80.],
       [80.],
       [80.],
       [80.],
       [80.],
       [80.],
       [80.],
       [80.],
       [80.],
       [80.],
       [80.],
       [80.],
       [80.],
       [80.],
       [80.],
       [80.],
       [80.],
       [80.],
       [80.],
       [80.],
       [80.],
       [80.],
       [80.],
       [80.],
       [80.],
       [80.],
       [80.],
       [80.],
       [80.],
       [80.],
       [80.],
       [80.],
       [80.],
       [80.],
       [80.],
       [80.],
       [80.],
       [80.],
       [80.],
       [80.],
       [80.],
       [80.],
       [80.],
       [80.],
       [80.],
       [80.],
       [80.],
       [80.],
       [80.],
       [80.],
       [80.],
       [80.],
       [80.],
       [80.],
       [80.],
       [80.],
       [80.],
       [80.],
       [80.],
       [80.],
       [80.],
       [80.],
       [80.],
       [80.],
       [80.],
       [80.],
       [80.],
       [80.],
       [80.],
       [80.],
       [80.],
       [80.],
       [80.],
       [80.],
       [80.],
       [80.],
       [80.],
       [80.],
       [80.],
       [80.],
       [80.],
       [80.],
       [80.],
       [80.],
       [80.],
       [80.],
       [80.],
       [80.],
       [80.],
       [80.],
       [80.],
       [80.],
       [80.],
       [80.],
       [80.],
       [80.],
       [80.],
       [80.],
       [80.],
       [80.],
       [80.],
       [80.],
       [80.],
       [80.],
       [80.],
       [80.],
       [80.],
       [80.],
       [80.],
       [80.],
       [80.],
       [80.],
       [80.],
       [80.],
       [80.],
       [80.],
       [80.],
       [80.],
       [80.],
       [80.],
       [80.],
       [80.],
       [80.],
       [80.],
       [80.],
       [80.],
       [80.],
       [80.],
       [80.],
       [80.],
       [80.],
       [80.],
       [80.],
       [80.],
       [80.],
       [80.],
       [80.],
       [80.],
       [80.],
       [80.],
       [80.],
       [80.],
       [80.],
       [80.],
       [80.],
       [80.],
       [80.],
       [80.],
       [80.],
       [80.]]), 'dt': 0.01, 'N': 400, 'l': 1e-05}","{'Q': 52.63157894736842, 'gbar': 17.894736842105264, 'T': 10000, 'supervisor': array([[-1.89214982e-17],
       [ 4.44288287e-04],
       [ 8.88576529e-04],
       ...,
       [-1.33286468e-03],
       [-8.88576529e-04],
       [-4.44288287e-04]]), 'BIAS': array([[80.],
       [80.],
       [80.],
       [80.],
       [80.],
       [80.],
       [80.],
       [80.],
       [80.],
       [80.],
       [80.],
       [80.],
       [80.],
       [80.],
       [80.],
       [80.],
       [80.],
       [80.],
       [80.],
       [80.],
       [80.],
       [80.],
       [80.],
       [80.],
       [80.],
       [80.],
       [80.],
       [80.],
       [80.],
       [80.],
       [80.],
       [80.],
       [80.],
       [80.],
       [80.],
       [80.],
       [80.],
       [80.],
       [80.],
       [80.],
       [80.],
       [80.],
       [80.],
       [80.],
       [80.],
       [80.],
       [80.],
       [80.],
       [80.],
       [80.],
       [80.],
       [80.],
       [80.],
       [80.],
       [80.],
       [80.],
       [80.],
       [80.],
       [80.],
       [80.],
       [80.],
       [80.],
       [80.],
       [80.],
       [80.],
       [80.],
       [80.],
       [80.],
       [80.],
       [80.],
       [80.],
       [80.],
       [80.],
       [80.],
       [80.],
       [80.],
       [80.],
       [80.],
       [80.],
       [80.],
       [80.],
       [80.],
       [80.],
       [80.],
       [80.],
       [80.],
       [80.],
       [80.],
       [80.],
       [80.],
       [80.],
       [80.],
       [80.],
       [80.],
       [80.],
       [80.],
       [80.],
       [80.],
       [80.],
       [80.],
       [80.],
       [80.],
       [80.],
       [80.],
       [80.],
       [80.],
       [80.],
       [80.],
       [80.],
       [80.],
       [80.],
       [80.],
       [80.],
       [80.],
       [80.],
       [80.],
       [80.],
       [80.],
       [80.],
       [80.],
       [80.],
       [80.],
       [80.],
       [80.],
       [80.],
       [80.],
       [80.],
       [80.],
       [80.],
       [80.],
       [80.],
       [80.],
       [80.],
       [80.],
       [80.],
       [80.],
       [80.],
       [80.],
       [80.],
       [80.],
       [80.],
       [80.],
       [80.],
       [80.],
       [80.],
       [80.],
       [80.],
       [80.],
       [80.],
       [80.],
       [80.],
       [80.],
       [80.],
       [80.],
       [80.],
       [80.],
       [80.],
       [80.],
       [80.],
       [80.],
       [80.],
       [80.],
       [80.],
       [80.],
       [80.],
       [80.],
       [80.],
       [80.],
       [80.],
       [80.],
       [80.],
       [80.],
       [80.],
       [80.],
       [80.],
       [80.],
       [80.],
       [80.],
       [80.],
       [80.],
       [80.],
       [80.],
       [80.],
       [80.],
       [80.],
       [80.],
       [80.],
       [80.],
       [80.],
       [80.],
       [80.],
       [80.],
       [80.],
       [80.],
       [80.],
       [80.],
       [80.],
       [80.],
       [80.],
       [80.],
       [80.],
       [80.],
       [80.],
       [80.],
       [80.],
       [80.],
       [80.],
       [80.],
       [80.],
       [80.],
       [80.],
       [80.],
       [80.],
       [80.],
       [80.],
       [80.],
       [80.],
       [80.],
       [80.],
       [80.],
       [80.],
       [80.],
       [80.],
       [80.],
       [80.],
       [80.],
       [80.],
       [80.],
       [80.],
       [80.],
       [80.],
       [80.],
       [80.],
       [80.],
       [80.],
       [80.],
       [80.],
       [80.],
       [80.],
       [80.],
       [80.],
       [80.],
       [80.],
       [80.],
       [80.],
       [80.],
       [80.],
       [80.],
       [80.],
       [80.],
       [80.],
       [80.],
       [80.],
       [80.],
       [80.],
       [80.],
       [80.],
       [80.],
       [80.],
       [80.],
       [80.],
       [80.],
       [80.],
       [80.],
       [80.],
       [80.],
       [80.],
       [80.],
       [80.],
       [80.],
       [80.],
       [80.],
       [80.],
       [80.],
       [80.],
       [80.],
       [80.],
       [80.],
       [80.],
       [80.],
       [80.],
       [80.],
       [80.],
       [80.],
       [80.],
       [80.],
       [80.],
       [80.],
       [80.],
       [80.],
       [80.],
       [80.],
       [80.],
       [80.],
       [80.],
       [80.],
       [80.],
       [80.],
       [80.],
       [80.],
       [80.],
       [80.],
       [80.],
       [80.],
       [80.],
       [80.],
       [80.],
       [80.],
       [80.],
       [80.],
       [80.],
       [80.],
       [80.],
       [80.],
       [80.],
       [80.],
       [80.],
       [80.],
       [80.],
       [80.],
       [80.],
       [80.],
       [80.],
       [80.],
       [80.],
       [80.],
       [80.],
       [80.],
       [80.],
       [80.],
       [80.],
       [80.],
       [80.],
       [80.],
       [80.],
       [80.],
       [80.],
       [80.],
       [80.],
       [80.],
       [80.],
       [80.],
       [80.],
       [80.],
       [80.],
       [80.],
       [80.],
       [80.],
       [80.],
       [80.],
       [80.],
       [80.],
       [80.],
       [80.],
       [80.],
       [80.],
       [80.],
       [80.],
       [80.],
       [80.],
       [80.],
       [80.],
       [80.],
       [80.],
       [80.],
       [80.],
       [80.],
       [80.],
       [80.],
       [80.],
       [80.],
       [80.],
       [80.],
       [80.],
       [80.],
       [80.],
       [80.],
       [80.],
       [80.],
       [80.],
       [80.],
       [80.],
       [80.],
       [80.],
       [80.],
       [80.],
       [80.],
       [80.],
       [80.],
       [80.],
       [80.],
       [80.],
       [80.],
       [80.],
       [80.],
       [80.],
       [80.],
       [80.],
       [80.],
       [80.]]), 'dt': 0.01, 'N': 400, 'l': 1e-05}","{'Q': 52.63157894736842, 'gbar': 18.94736842105263, 'T': 10000, 'supervisor': array([[-1.89214982e-17],
       [ 4.44288287e-04],
       [ 8.88576529e-04],
       ...,
       [-1.33286468e-03],
       [-8.88576529e-04],
       [-4.44288287e-04]]), 'BIAS': array([[80.],
       [80.],
       [80.],
       [80.],
       [80.],
       [80.],
       [80.],
       [80.],
       [80.],
       [80.],
       [80.],
       [80.],
       [80.],
       [80.],
       [80.],
       [80.],
       [80.],
       [80.],
       [80.],
       [80.],
       [80.],
       [80.],
       [80.],
       [80.],
       [80.],
       [80.],
       [80.],
       [80.],
       [80.],
       [80.],
       [80.],
       [80.],
       [80.],
       [80.],
       [80.],
       [80.],
       [80.],
       [80.],
       [80.],
       [80.],
       [80.],
       [80.],
       [80.],
       [80.],
       [80.],
       [80.],
       [80.],
       [80.],
       [80.],
       [80.],
       [80.],
       [80.],
       [80.],
       [80.],
       [80.],
       [80.],
       [80.],
       [80.],
       [80.],
       [80.],
       [80.],
       [80.],
       [80.],
       [80.],
       [80.],
       [80.],
       [80.],
       [80.],
       [80.],
       [80.],
       [80.],
       [80.],
       [80.],
       [80.],
       [80.],
       [80.],
       [80.],
       [80.],
       [80.],
       [80.],
       [80.],
       [80.],
       [80.],
       [80.],
       [80.],
       [80.],
       [80.],
       [80.],
       [80.],
       [80.],
       [80.],
       [80.],
       [80.],
       [80.],
       [80.],
       [80.],
       [80.],
       [80.],
       [80.],
       [80.],
       [80.],
       [80.],
       [80.],
       [80.],
       [80.],
       [80.],
       [80.],
       [80.],
       [80.],
       [80.],
       [80.],
       [80.],
       [80.],
       [80.],
       [80.],
       [80.],
       [80.],
       [80.],
       [80.],
       [80.],
       [80.],
       [80.],
       [80.],
       [80.],
       [80.],
       [80.],
       [80.],
       [80.],
       [80.],
       [80.],
       [80.],
       [80.],
       [80.],
       [80.],
       [80.],
       [80.],
       [80.],
       [80.],
       [80.],
       [80.],
       [80.],
       [80.],
       [80.],
       [80.],
       [80.],
       [80.],
       [80.],
       [80.],
       [80.],
       [80.],
       [80.],
       [80.],
       [80.],
       [80.],
       [80.],
       [80.],
       [80.],
       [80.],
       [80.],
       [80.],
       [80.],
       [80.],
       [80.],
       [80.],
       [80.],
       [80.],
       [80.],
       [80.],
       [80.],
       [80.],
       [80.],
       [80.],
       [80.],
       [80.],
       [80.],
       [80.],
       [80.],
       [80.],
       [80.],
       [80.],
       [80.],
       [80.],
       [80.],
       [80.],
       [80.],
       [80.],
       [80.],
       [80.],
       [80.],
       [80.],
       [80.],
       [80.],
       [80.],
       [80.],
       [80.],
       [80.],
       [80.],
       [80.],
       [80.],
       [80.],
       [80.],
       [80.],
       [80.],
       [80.],
       [80.],
       [80.],
       [80.],
       [80.],
       [80.],
       [80.],
       [80.],
       [80.],
       [80.],
       [80.],
       [80.],
       [80.],
       [80.],
       [80.],
       [80.],
       [80.],
       [80.],
       [80.],
       [80.],
       [80.],
       [80.],
       [80.],
       [80.],
       [80.],
       [80.],
       [80.],
       [80.],
       [80.],
       [80.],
       [80.],
       [80.],
       [80.],
       [80.],
       [80.],
       [80.],
       [80.],
       [80.],
       [80.],
       [80.],
       [80.],
       [80.],
       [80.],
       [80.],
       [80.],
       [80.],
       [80.],
       [80.],
       [80.],
       [80.],
       [80.],
       [80.],
       [80.],
       [80.],
       [80.],
       [80.],
       [80.],
       [80.],
       [80.],
       [80.],
       [80.],
       [80.],
       [80.],
       [80.],
       [80.],
       [80.],
       [80.],
       [80.],
       [80.],
       [80.],
       [80.],
       [80.],
       [80.],
       [80.],
       [80.],
       [80.],
       [80.],
       [80.],
       [80.],
       [80.],
       [80.],
       [80.],
       [80.],
       [80.],
       [80.],
       [80.],
       [80.],
       [80.],
       [80.],
       [80.],
       [80.],
       [80.],
       [80.],
       [80.],
       [80.],
       [80.],
       [80.],
       [80.],
       [80.],
       [80.],
       [80.],
       [80.],
       [80.],
       [80.],
       [80.],
       [80.],
       [80.],
       [80.],
       [80.],
       [80.],
       [80.],
       [80.],
       [80.],
       [80.],
       [80.],
       [80.],
       [80.],
       [80.],
       [80.],
       [80.],
       [80.],
       [80.],
       [80.],
       [80.],
       [80.],
       [80.],
       [80.],
       [80.],
       [80.],
       [80.],
       [80.],
       [80.],
       [80.],
       [80.],
       [80.],
       [80.],
       [80.],
       [80.],
       [80.],
       [80.],
       [80.],
       [80.],
       [80.],
       [80.],
       [80.],
       [80.],
       [80.],
       [80.],
       [80.],
       [80.],
       [80.],
       [80.],
       [80.],
       [80.],
       [80.],
       [80.],
       [80.],
       [80.],
       [80.],
       [80.],
       [80.],
       [80.],
       [80.],
       [80.],
       [80.],
       [80.],
       [80.],
       [80.],
       [80.],
       [80.],
       [80.],
       [80.],
       [80.],
       [80.],
       [80.],
       [80.],
       [80.],
       [80.],
       [80.],
       [80.],
       [80.],
       [80.],
       [80.],
       [80.],
       [80.],
       [80.],
       [80.],
       [80.],
       [80.],
       [80.],
       [80.],
       [80.],
       [80.],
       [80.],
       [80.],
       [80.],
       [80.]]), 'dt': 0.01, 'N': 400, 'l': 1e-05}","{'Q': 52.63157894736842, 'gbar': 20.0, 'T': 10000, 'supervisor': array([[-1.89214982e-17],
       [ 4.44288287e-04],
       [ 8.88576529e-04],
       ...,
       [-1.33286468e-03],
       [-8.88576529e-04],
       [-4.44288287e-04]]), 'BIAS': array([[80.],
       [80.],
       [80.],
       [80.],
       [80.],
       [80.],
       [80.],
       [80.],
       [80.],
       [80.],
       [80.],
       [80.],
       [80.],
       [80.],
       [80.],
       [80.],
       [80.],
       [80.],
       [80.],
       [80.],
       [80.],
       [80.],
       [80.],
       [80.],
       [80.],
       [80.],
       [80.],
       [80.],
       [80.],
       [80.],
       [80.],
       [80.],
       [80.],
       [80.],
       [80.],
       [80.],
       [80.],
       [80.],
       [80.],
       [80.],
       [80.],
       [80.],
       [80.],
       [80.],
       [80.],
       [80.],
       [80.],
       [80.],
       [80.],
       [80.],
       [80.],
       [80.],
       [80.],
       [80.],
       [80.],
       [80.],
       [80.],
       [80.],
       [80.],
       [80.],
       [80.],
       [80.],
       [80.],
       [80.],
       [80.],
       [80.],
       [80.],
       [80.],
       [80.],
       [80.],
       [80.],
       [80.],
       [80.],
       [80.],
       [80.],
       [80.],
       [80.],
       [80.],
       [80.],
       [80.],
       [80.],
       [80.],
       [80.],
       [80.],
       [80.],
       [80.],
       [80.],
       [80.],
       [80.],
       [80.],
       [80.],
       [80.],
       [80.],
       [80.],
       [80.],
       [80.],
       [80.],
       [80.],
       [80.],
       [80.],
       [80.],
       [80.],
       [80.],
       [80.],
       [80.],
       [80.],
       [80.],
       [80.],
       [80.],
       [80.],
       [80.],
       [80.],
       [80.],
       [80.],
       [80.],
       [80.],
       [80.],
       [80.],
       [80.],
       [80.],
       [80.],
       [80.],
       [80.],
       [80.],
       [80.],
       [80.],
       [80.],
       [80.],
       [80.],
       [80.],
       [80.],
       [80.],
       [80.],
       [80.],
       [80.],
       [80.],
       [80.],
       [80.],
       [80.],
       [80.],
       [80.],
       [80.],
       [80.],
       [80.],
       [80.],
       [80.],
       [80.],
       [80.],
       [80.],
       [80.],
       [80.],
       [80.],
       [80.],
       [80.],
       [80.],
       [80.],
       [80.],
       [80.],
       [80.],
       [80.],
       [80.],
       [80.],
       [80.],
       [80.],
       [80.],
       [80.],
       [80.],
       [80.],
       [80.],
       [80.],
       [80.],
       [80.],
       [80.],
       [80.],
       [80.],
       [80.],
       [80.],
       [80.],
       [80.],
       [80.],
       [80.],
       [80.],
       [80.],
       [80.],
       [80.],
       [80.],
       [80.],
       [80.],
       [80.],
       [80.],
       [80.],
       [80.],
       [80.],
       [80.],
       [80.],
       [80.],
       [80.],
       [80.],
       [80.],
       [80.],
       [80.],
       [80.],
       [80.],
       [80.],
       [80.],
       [80.],
       [80.],
       [80.],
       [80.],
       [80.],
       [80.],
       [80.],
       [80.],
       [80.],
       [80.],
       [80.],
       [80.],
       [80.],
       [80.],
       [80.],
       [80.],
       [80.],
       [80.],
       [80.],
       [80.],
       [80.],
       [80.],
       [80.],
       [80.],
       [80.],
       [80.],
       [80.],
       [80.],
       [80.],
       [80.],
       [80.],
       [80.],
       [80.],
       [80.],
       [80.],
       [80.],
       [80.],
       [80.],
       [80.],
       [80.],
       [80.],
       [80.],
       [80.],
       [80.],
       [80.],
       [80.],
       [80.],
       [80.],
       [80.],
       [80.],
       [80.],
       [80.],
       [80.],
       [80.],
       [80.],
       [80.],
       [80.],
       [80.],
       [80.],
       [80.],
       [80.],
       [80.],
       [80.],
       [80.],
       [80.],
       [80.],
       [80.],
       [80.],
       [80.],
       [80.],
       [80.],
       [80.],
       [80.],
       [80.],
       [80.],
       [80.],
       [80.],
       [80.],
       [80.],
       [80.],
       [80.],
       [80.],
       [80.],
       [80.],
       [80.],
       [80.],
       [80.],
       [80.],
       [80.],
       [80.],
       [80.],
       [80.],
       [80.],
       [80.],
       [80.],
       [80.],
       [80.],
       [80.],
       [80.],
       [80.],
       [80.],
       [80.],
       [80.],
       [80.],
       [80.],
       [80.],
       [80.],
       [80.],
       [80.],
       [80.],
       [80.],
       [80.],
       [80.],
       [80.],
       [80.],
       [80.],
       [80.],
       [80.],
       [80.],
       [80.],
       [80.],
       [80.],
       [80.],
       [80.],
       [80.],
       [80.],
       [80.],
       [80.],
       [80.],
       [80.],
       [80.],
       [80.],
       [80.],
       [80.],
       [80.],
       [80.],
       [80.],
       [80.],
       [80.],
       [80.],
       [80.],
       [80.],
       [80.],
       [80.],
       [80.],
       [80.],
       [80.],
       [80.],
       [80.],
       [80.],
       [80.],
       [80.],
       [80.],
       [80.],
       [80.],
       [80.],
       [80.],
       [80.],
       [80.],
       [80.],
       [80.],
       [80.],
       [80.],
       [80.],
       [80.],
       [80.],
       [80.],
       [80.],
       [80.],
       [80.],
       [80.],
       [80.],
       [80.],
       [80.],
       [80.],
       [80.],
       [80.],
       [80.],
       [80.],
       [80.],
       [80.],
       [80.],
       [80.],
       [80.],
       [80.],
       [80.],
       [80.],
       [80.],
       [80.],
       [80.],
       [80.],
       [80.],
       [80.],
       [80.],
       [80.]]), 'dt': 0.01, 'N': 400, 'l': 1e-05}"
"{'Q': 78.94736842105263, 'gbar': 0.0, 'T': 10000, 'supervisor': array([[-1.89214982e-17],
       [ 4.44288287e-04],
       [ 8.88576529e-04],
       ...,
       [-1.33286468e-03],
       [-8.88576529e-04],
       [-4.44288287e-04]]), 'BIAS': array([[80.],
       [80.],
       [80.],
       [80.],
       [80.],
       [80.],
       [80.],
       [80.],
       [80.],
       [80.],
       [80.],
       [80.],
       [80.],
       [80.],
       [80.],
       [80.],
       [80.],
       [80.],
       [80.],
       [80.],
       [80.],
       [80.],
       [80.],
       [80.],
       [80.],
       [80.],
       [80.],
       [80.],
       [80.],
       [80.],
       [80.],
       [80.],
       [80.],
       [80.],
       [80.],
       [80.],
       [80.],
       [80.],
       [80.],
       [80.],
       [80.],
       [80.],
       [80.],
       [80.],
       [80.],
       [80.],
       [80.],
       [80.],
       [80.],
       [80.],
       [80.],
       [80.],
       [80.],
       [80.],
       [80.],
       [80.],
       [80.],
       [80.],
       [80.],
       [80.],
       [80.],
       [80.],
       [80.],
       [80.],
       [80.],
       [80.],
       [80.],
       [80.],
       [80.],
       [80.],
       [80.],
       [80.],
       [80.],
       [80.],
       [80.],
       [80.],
       [80.],
       [80.],
       [80.],
       [80.],
       [80.],
       [80.],
       [80.],
       [80.],
       [80.],
       [80.],
       [80.],
       [80.],
       [80.],
       [80.],
       [80.],
       [80.],
       [80.],
       [80.],
       [80.],
       [80.],
       [80.],
       [80.],
       [80.],
       [80.],
       [80.],
       [80.],
       [80.],
       [80.],
       [80.],
       [80.],
       [80.],
       [80.],
       [80.],
       [80.],
       [80.],
       [80.],
       [80.],
       [80.],
       [80.],
       [80.],
       [80.],
       [80.],
       [80.],
       [80.],
       [80.],
       [80.],
       [80.],
       [80.],
       [80.],
       [80.],
       [80.],
       [80.],
       [80.],
       [80.],
       [80.],
       [80.],
       [80.],
       [80.],
       [80.],
       [80.],
       [80.],
       [80.],
       [80.],
       [80.],
       [80.],
       [80.],
       [80.],
       [80.],
       [80.],
       [80.],
       [80.],
       [80.],
       [80.],
       [80.],
       [80.],
       [80.],
       [80.],
       [80.],
       [80.],
       [80.],
       [80.],
       [80.],
       [80.],
       [80.],
       [80.],
       [80.],
       [80.],
       [80.],
       [80.],
       [80.],
       [80.],
       [80.],
       [80.],
       [80.],
       [80.],
       [80.],
       [80.],
       [80.],
       [80.],
       [80.],
       [80.],
       [80.],
       [80.],
       [80.],
       [80.],
       [80.],
       [80.],
       [80.],
       [80.],
       [80.],
       [80.],
       [80.],
       [80.],
       [80.],
       [80.],
       [80.],
       [80.],
       [80.],
       [80.],
       [80.],
       [80.],
       [80.],
       [80.],
       [80.],
       [80.],
       [80.],
       [80.],
       [80.],
       [80.],
       [80.],
       [80.],
       [80.],
       [80.],
       [80.],
       [80.],
       [80.],
       [80.],
       [80.],
       [80.],
       [80.],
       [80.],
       [80.],
       [80.],
       [80.],
       [80.],
       [80.],
       [80.],
       [80.],
       [80.],
       [80.],
       [80.],
       [80.],
       [80.],
       [80.],
       [80.],
       [80.],
       [80.],
       [80.],
       [80.],
       [80.],
       [80.],
       [80.],
       [80.],
       [80.],
       [80.],
       [80.],
       [80.],
       [80.],
       [80.],
       [80.],
       [80.],
       [80.],
       [80.],
       [80.],
       [80.],
       [80.],
       [80.],
       [80.],
       [80.],
       [80.],
       [80.],
       [80.],
       [80.],
       [80.],
       [80.],
       [80.],
       [80.],
       [80.],
       [80.],
       [80.],
       [80.],
       [80.],
       [80.],
       [80.],
       [80.],
       [80.],
       [80.],
       [80.],
       [80.],
       [80.],
       [80.],
       [80.],
       [80.],
       [80.],
       [80.],
       [80.],
       [80.],
       [80.],
       [80.],
       [80.],
       [80.],
       [80.],
       [80.],
       [80.],
       [80.],
       [80.],
       [80.],
       [80.],
       [80.],
       [80.],
       [80.],
       [80.],
       [80.],
       [80.],
       [80.],
       [80.],
       [80.],
       [80.],
       [80.],
       [80.],
       [80.],
       [80.],
       [80.],
       [80.],
       [80.],
       [80.],
       [80.],
       [80.],
       [80.],
       [80.],
       [80.],
       [80.],
       [80.],
       [80.],
       [80.],
       [80.],
       [80.],
       [80.],
       [80.],
       [80.],
       [80.],
       [80.],
       [80.],
       [80.],
       [80.],
       [80.],
       [80.],
       [80.],
       [80.],
       [80.],
       [80.],
       [80.],
       [80.],
       [80.],
       [80.],
       [80.],
       [80.],
       [80.],
       [80.],
       [80.],
       [80.],
       [80.],
       [80.],
       [80.],
       [80.],
       [80.],
       [80.],
       [80.],
       [80.],
       [80.],
       [80.],
       [80.],
       [80.],
       [80.],
       [80.],
       [80.],
       [80.],
       [80.],
       [80.],
       [80.],
       [80.],
       [80.],
       [80.],
       [80.],
       [80.],
       [80.],
       [80.],
       [80.],
       [80.],
       [80.],
       [80.],
       [80.],
       [80.],
       [80.],
       [80.],
       [80.],
       [80.],
       [80.],
       [80.],
       [80.],
       [80.],
       [80.],
       [80.],
       [80.],
       [80.],
       [80.],
       [80.],
       [80.],
       [80.],
       [80.],
       [80.],
       [80.],
       [80.],
       [80.]]), 'dt': 0.01, 'N': 400, 'l': 1e-05}","{'Q': 78.94736842105263, 'gbar': 1.0526315789473684, 'T': 10000, 'supervisor': array([[-1.89214982e-17],
       [ 4.44288287e-04],
       [ 8.88576529e-04],
       ...,
       [-1.33286468e-03],
       [-8.88576529e-04],
       [-4.44288287e-04]]), 'BIAS': array([[80.],
       [80.],
       [80.],
       [80.],
       [80.],
       [80.],
       [80.],
       [80.],
       [80.],
       [80.],
       [80.],
       [80.],
       [80.],
       [80.],
       [80.],
       [80.],
       [80.],
       [80.],
       [80.],
       [80.],
       [80.],
       [80.],
       [80.],
       [80.],
       [80.],
       [80.],
       [80.],
       [80.],
       [80.],
       [80.],
       [80.],
       [80.],
       [80.],
       [80.],
       [80.],
       [80.],
       [80.],
       [80.],
       [80.],
       [80.],
       [80.],
       [80.],
       [80.],
       [80.],
       [80.],
       [80.],
       [80.],
       [80.],
       [80.],
       [80.],
       [80.],
       [80.],
       [80.],
       [80.],
       [80.],
       [80.],
       [80.],
       [80.],
       [80.],
       [80.],
       [80.],
       [80.],
       [80.],
       [80.],
       [80.],
       [80.],
       [80.],
       [80.],
       [80.],
       [80.],
       [80.],
       [80.],
       [80.],
       [80.],
       [80.],
       [80.],
       [80.],
       [80.],
       [80.],
       [80.],
       [80.],
       [80.],
       [80.],
       [80.],
       [80.],
       [80.],
       [80.],
       [80.],
       [80.],
       [80.],
       [80.],
       [80.],
       [80.],
       [80.],
       [80.],
       [80.],
       [80.],
       [80.],
       [80.],
       [80.],
       [80.],
       [80.],
       [80.],
       [80.],
       [80.],
       [80.],
       [80.],
       [80.],
       [80.],
       [80.],
       [80.],
       [80.],
       [80.],
       [80.],
       [80.],
       [80.],
       [80.],
       [80.],
       [80.],
       [80.],
       [80.],
       [80.],
       [80.],
       [80.],
       [80.],
       [80.],
       [80.],
       [80.],
       [80.],
       [80.],
       [80.],
       [80.],
       [80.],
       [80.],
       [80.],
       [80.],
       [80.],
       [80.],
       [80.],
       [80.],
       [80.],
       [80.],
       [80.],
       [80.],
       [80.],
       [80.],
       [80.],
       [80.],
       [80.],
       [80.],
       [80.],
       [80.],
       [80.],
       [80.],
       [80.],
       [80.],
       [80.],
       [80.],
       [80.],
       [80.],
       [80.],
       [80.],
       [80.],
       [80.],
       [80.],
       [80.],
       [80.],
       [80.],
       [80.],
       [80.],
       [80.],
       [80.],
       [80.],
       [80.],
       [80.],
       [80.],
       [80.],
       [80.],
       [80.],
       [80.],
       [80.],
       [80.],
       [80.],
       [80.],
       [80.],
       [80.],
       [80.],
       [80.],
       [80.],
       [80.],
       [80.],
       [80.],
       [80.],
       [80.],
       [80.],
       [80.],
       [80.],
       [80.],
       [80.],
       [80.],
       [80.],
       [80.],
       [80.],
       [80.],
       [80.],
       [80.],
       [80.],
       [80.],
       [80.],
       [80.],
       [80.],
       [80.],
       [80.],
       [80.],
       [80.],
       [80.],
       [80.],
       [80.],
       [80.],
       [80.],
       [80.],
       [80.],
       [80.],
       [80.],
       [80.],
       [80.],
       [80.],
       [80.],
       [80.],
       [80.],
       [80.],
       [80.],
       [80.],
       [80.],
       [80.],
       [80.],
       [80.],
       [80.],
       [80.],
       [80.],
       [80.],
       [80.],
       [80.],
       [80.],
       [80.],
       [80.],
       [80.],
       [80.],
       [80.],
       [80.],
       [80.],
       [80.],
       [80.],
       [80.],
       [80.],
       [80.],
       [80.],
       [80.],
       [80.],
       [80.],
       [80.],
       [80.],
       [80.],
       [80.],
       [80.],
       [80.],
       [80.],
       [80.],
       [80.],
       [80.],
       [80.],
       [80.],
       [80.],
       [80.],
       [80.],
       [80.],
       [80.],
       [80.],
       [80.],
       [80.],
       [80.],
       [80.],
       [80.],
       [80.],
       [80.],
       [80.],
       [80.],
       [80.],
       [80.],
       [80.],
       [80.],
       [80.],
       [80.],
       [80.],
       [80.],
       [80.],
       [80.],
       [80.],
       [80.],
       [80.],
       [80.],
       [80.],
       [80.],
       [80.],
       [80.],
       [80.],
       [80.],
       [80.],
       [80.],
       [80.],
       [80.],
       [80.],
       [80.],
       [80.],
       [80.],
       [80.],
       [80.],
       [80.],
       [80.],
       [80.],
       [80.],
       [80.],
       [80.],
       [80.],
       [80.],
       [80.],
       [80.],
       [80.],
       [80.],
       [80.],
       [80.],
       [80.],
       [80.],
       [80.],
       [80.],
       [80.],
       [80.],
       [80.],
       [80.],
       [80.],
       [80.],
       [80.],
       [80.],
       [80.],
       [80.],
       [80.],
       [80.],
       [80.],
       [80.],
       [80.],
       [80.],
       [80.],
       [80.],
       [80.],
       [80.],
       [80.],
       [80.],
       [80.],
       [80.],
       [80.],
       [80.],
       [80.],
       [80.],
       [80.],
       [80.],
       [80.],
       [80.],
       [80.],
       [80.],
       [80.],
       [80.],
       [80.],
       [80.],
       [80.],
       [80.],
       [80.],
       [80.],
       [80.],
       [80.],
       [80.],
       [80.],
       [80.],
       [80.],
       [80.],
       [80.],
       [80.],
       [80.],
       [80.],
       [80.],
       [80.],
       [80.],
       [80.],
       [80.],
       [80.],
       [80.],
       [80.],
       [80.],
       [80.],
       [80.],
       [80.]]), 'dt': 0.01, 'N': 400, 'l': 1e-05}","{'Q': 78.94736842105263, 'gbar': 2.1052631578947367, 'T': 10000, 'supervisor': array([[-1.89214982e-17],
       [ 4.44288287e-04],
       [ 8.88576529e-04],
       ...,
       [-1.33286468e-03],
       [-8.88576529e-04],
       [-4.44288287e-04]]), 'BIAS': array([[80.],
       [80.],
       [80.],
       [80.],
       [80.],
       [80.],
       [80.],
       [80.],
       [80.],
       [80.],
       [80.],
       [80.],
       [80.],
       [80.],
       [80.],
       [80.],
       [80.],
       [80.],
       [80.],
       [80.],
       [80.],
       [80.],
       [80.],
       [80.],
       [80.],
       [80.],
       [80.],
       [80.],
       [80.],
       [80.],
       [80.],
       [80.],
       [80.],
       [80.],
       [80.],
       [80.],
       [80.],
       [80.],
       [80.],
       [80.],
       [80.],
       [80.],
       [80.],
       [80.],
       [80.],
       [80.],
       [80.],
       [80.],
       [80.],
       [80.],
       [80.],
       [80.],
       [80.],
       [80.],
       [80.],
       [80.],
       [80.],
       [80.],
       [80.],
       [80.],
       [80.],
       [80.],
       [80.],
       [80.],
       [80.],
       [80.],
       [80.],
       [80.],
       [80.],
       [80.],
       [80.],
       [80.],
       [80.],
       [80.],
       [80.],
       [80.],
       [80.],
       [80.],
       [80.],
       [80.],
       [80.],
       [80.],
       [80.],
       [80.],
       [80.],
       [80.],
       [80.],
       [80.],
       [80.],
       [80.],
       [80.],
       [80.],
       [80.],
       [80.],
       [80.],
       [80.],
       [80.],
       [80.],
       [80.],
       [80.],
       [80.],
       [80.],
       [80.],
       [80.],
       [80.],
       [80.],
       [80.],
       [80.],
       [80.],
       [80.],
       [80.],
       [80.],
       [80.],
       [80.],
       [80.],
       [80.],
       [80.],
       [80.],
       [80.],
       [80.],
       [80.],
       [80.],
       [80.],
       [80.],
       [80.],
       [80.],
       [80.],
       [80.],
       [80.],
       [80.],
       [80.],
       [80.],
       [80.],
       [80.],
       [80.],
       [80.],
       [80.],
       [80.],
       [80.],
       [80.],
       [80.],
       [80.],
       [80.],
       [80.],
       [80.],
       [80.],
       [80.],
       [80.],
       [80.],
       [80.],
       [80.],
       [80.],
       [80.],
       [80.],
       [80.],
       [80.],
       [80.],
       [80.],
       [80.],
       [80.],
       [80.],
       [80.],
       [80.],
       [80.],
       [80.],
       [80.],
       [80.],
       [80.],
       [80.],
       [80.],
       [80.],
       [80.],
       [80.],
       [80.],
       [80.],
       [80.],
       [80.],
       [80.],
       [80.],
       [80.],
       [80.],
       [80.],
       [80.],
       [80.],
       [80.],
       [80.],
       [80.],
       [80.],
       [80.],
       [80.],
       [80.],
       [80.],
       [80.],
       [80.],
       [80.],
       [80.],
       [80.],
       [80.],
       [80.],
       [80.],
       [80.],
       [80.],
       [80.],
       [80.],
       [80.],
       [80.],
       [80.],
       [80.],
       [80.],
       [80.],
       [80.],
       [80.],
       [80.],
       [80.],
       [80.],
       [80.],
       [80.],
       [80.],
       [80.],
       [80.],
       [80.],
       [80.],
       [80.],
       [80.],
       [80.],
       [80.],
       [80.],
       [80.],
       [80.],
       [80.],
       [80.],
       [80.],
       [80.],
       [80.],
       [80.],
       [80.],
       [80.],
       [80.],
       [80.],
       [80.],
       [80.],
       [80.],
       [80.],
       [80.],
       [80.],
       [80.],
       [80.],
       [80.],
       [80.],
       [80.],
       [80.],
       [80.],
       [80.],
       [80.],
       [80.],
       [80.],
       [80.],
       [80.],
       [80.],
       [80.],
       [80.],
       [80.],
       [80.],
       [80.],
       [80.],
       [80.],
       [80.],
       [80.],
       [80.],
       [80.],
       [80.],
       [80.],
       [80.],
       [80.],
       [80.],
       [80.],
       [80.],
       [80.],
       [80.],
       [80.],
       [80.],
       [80.],
       [80.],
       [80.],
       [80.],
       [80.],
       [80.],
       [80.],
       [80.],
       [80.],
       [80.],
       [80.],
       [80.],
       [80.],
       [80.],
       [80.],
       [80.],
       [80.],
       [80.],
       [80.],
       [80.],
       [80.],
       [80.],
       [80.],
       [80.],
       [80.],
       [80.],
       [80.],
       [80.],
       [80.],
       [80.],
       [80.],
       [80.],
       [80.],
       [80.],
       [80.],
       [80.],
       [80.],
       [80.],
       [80.],
       [80.],
       [80.],
       [80.],
       [80.],
       [80.],
       [80.],
       [80.],
       [80.],
       [80.],
       [80.],
       [80.],
       [80.],
       [80.],
       [80.],
       [80.],
       [80.],
       [80.],
       [80.],
       [80.],
       [80.],
       [80.],
       [80.],
       [80.],
       [80.],
       [80.],
       [80.],
       [80.],
       [80.],
       [80.],
       [80.],
       [80.],
       [80.],
       [80.],
       [80.],
       [80.],
       [80.],
       [80.],
       [80.],
       [80.],
       [80.],
       [80.],
       [80.],
       [80.],
       [80.],
       [80.],
       [80.],
       [80.],
       [80.],
       [80.],
       [80.],
       [80.],
       [80.],
       [80.],
       [80.],
       [80.],
       [80.],
       [80.],
       [80.],
       [80.],
       [80.],
       [80.],
       [80.],
       [80.],
       [80.],
       [80.],
       [80.],
       [80.],
       [80.],
       [80.],
       [80.],
       [80.],
       [80.],
       [80.],
       [80.],
       [80.],
       [80.],
       [80.],
       [80.],
       [80.],
       [80.]]), 'dt': 0.01, 'N': 400, 'l': 1e-05}","{'Q': 78.94736842105263, 'gbar': 3.1578947368421053, 'T': 10000, 'supervisor': array([[-1.89214982e-17],
       [ 4.44288287e-04],
       [ 8.88576529e-04],
       ...,
       [-1.33286468e-03],
       [-8.88576529e-04],
       [-4.44288287e-04]]), 'BIAS': array([[80.],
       [80.],
       [80.],
       [80.],
       [80.],
       [80.],
       [80.],
       [80.],
       [80.],
       [80.],
       [80.],
       [80.],
       [80.],
       [80.],
       [80.],
       [80.],
       [80.],
       [80.],
       [80.],
       [80.],
       [80.],
       [80.],
       [80.],
       [80.],
       [80.],
       [80.],
       [80.],
       [80.],
       [80.],
       [80.],
       [80.],
       [80.],
       [80.],
       [80.],
       [80.],
       [80.],
       [80.],
       [80.],
       [80.],
       [80.],
       [80.],
       [80.],
       [80.],
       [80.],
       [80.],
       [80.],
       [80.],
       [80.],
       [80.],
       [80.],
       [80.],
       [80.],
       [80.],
       [80.],
       [80.],
       [80.],
       [80.],
       [80.],
       [80.],
       [80.],
       [80.],
       [80.],
       [80.],
       [80.],
       [80.],
       [80.],
       [80.],
       [80.],
       [80.],
       [80.],
       [80.],
       [80.],
       [80.],
       [80.],
       [80.],
       [80.],
       [80.],
       [80.],
       [80.],
       [80.],
       [80.],
       [80.],
       [80.],
       [80.],
       [80.],
       [80.],
       [80.],
       [80.],
       [80.],
       [80.],
       [80.],
       [80.],
       [80.],
       [80.],
       [80.],
       [80.],
       [80.],
       [80.],
       [80.],
       [80.],
       [80.],
       [80.],
       [80.],
       [80.],
       [80.],
       [80.],
       [80.],
       [80.],
       [80.],
       [80.],
       [80.],
       [80.],
       [80.],
       [80.],
       [80.],
       [80.],
       [80.],
       [80.],
       [80.],
       [80.],
       [80.],
       [80.],
       [80.],
       [80.],
       [80.],
       [80.],
       [80.],
       [80.],
       [80.],
       [80.],
       [80.],
       [80.],
       [80.],
       [80.],
       [80.],
       [80.],
       [80.],
       [80.],
       [80.],
       [80.],
       [80.],
       [80.],
       [80.],
       [80.],
       [80.],
       [80.],
       [80.],
       [80.],
       [80.],
       [80.],
       [80.],
       [80.],
       [80.],
       [80.],
       [80.],
       [80.],
       [80.],
       [80.],
       [80.],
       [80.],
       [80.],
       [80.],
       [80.],
       [80.],
       [80.],
       [80.],
       [80.],
       [80.],
       [80.],
       [80.],
       [80.],
       [80.],
       [80.],
       [80.],
       [80.],
       [80.],
       [80.],
       [80.],
       [80.],
       [80.],
       [80.],
       [80.],
       [80.],
       [80.],
       [80.],
       [80.],
       [80.],
       [80.],
       [80.],
       [80.],
       [80.],
       [80.],
       [80.],
       [80.],
       [80.],
       [80.],
       [80.],
       [80.],
       [80.],
       [80.],
       [80.],
       [80.],
       [80.],
       [80.],
       [80.],
       [80.],
       [80.],
       [80.],
       [80.],
       [80.],
       [80.],
       [80.],
       [80.],
       [80.],
       [80.],
       [80.],
       [80.],
       [80.],
       [80.],
       [80.],
       [80.],
       [80.],
       [80.],
       [80.],
       [80.],
       [80.],
       [80.],
       [80.],
       [80.],
       [80.],
       [80.],
       [80.],
       [80.],
       [80.],
       [80.],
       [80.],
       [80.],
       [80.],
       [80.],
       [80.],
       [80.],
       [80.],
       [80.],
       [80.],
       [80.],
       [80.],
       [80.],
       [80.],
       [80.],
       [80.],
       [80.],
       [80.],
       [80.],
       [80.],
       [80.],
       [80.],
       [80.],
       [80.],
       [80.],
       [80.],
       [80.],
       [80.],
       [80.],
       [80.],
       [80.],
       [80.],
       [80.],
       [80.],
       [80.],
       [80.],
       [80.],
       [80.],
       [80.],
       [80.],
       [80.],
       [80.],
       [80.],
       [80.],
       [80.],
       [80.],
       [80.],
       [80.],
       [80.],
       [80.],
       [80.],
       [80.],
       [80.],
       [80.],
       [80.],
       [80.],
       [80.],
       [80.],
       [80.],
       [80.],
       [80.],
       [80.],
       [80.],
       [80.],
       [80.],
       [80.],
       [80.],
       [80.],
       [80.],
       [80.],
       [80.],
       [80.],
       [80.],
       [80.],
       [80.],
       [80.],
       [80.],
       [80.],
       [80.],
       [80.],
       [80.],
       [80.],
       [80.],
       [80.],
       [80.],
       [80.],
       [80.],
       [80.],
       [80.],
       [80.],
       [80.],
       [80.],
       [80.],
       [80.],
       [80.],
       [80.],
       [80.],
       [80.],
       [80.],
       [80.],
       [80.],
       [80.],
       [80.],
       [80.],
       [80.],
       [80.],
       [80.],
       [80.],
       [80.],
       [80.],
       [80.],
       [80.],
       [80.],
       [80.],
       [80.],
       [80.],
       [80.],
       [80.],
       [80.],
       [80.],
       [80.],
       [80.],
       [80.],
       [80.],
       [80.],
       [80.],
       [80.],
       [80.],
       [80.],
       [80.],
       [80.],
       [80.],
       [80.],
       [80.],
       [80.],
       [80.],
       [80.],
       [80.],
       [80.],
       [80.],
       [80.],
       [80.],
       [80.],
       [80.],
       [80.],
       [80.],
       [80.],
       [80.],
       [80.],
       [80.],
       [80.],
       [80.],
       [80.],
       [80.],
       [80.],
       [80.],
       [80.],
       [80.],
       [80.],
       [80.],
       [80.],
       [80.],
       [80.],
       [80.],
       [80.],
       [80.]]), 'dt': 0.01, 'N': 400, 'l': 1e-05}","{'Q': 78.94736842105263, 'gbar': 4.2105263157894735, 'T': 10000, 'supervisor': array([[-1.89214982e-17],
       [ 4.44288287e-04],
       [ 8.88576529e-04],
       ...,
       [-1.33286468e-03],
       [-8.88576529e-04],
       [-4.44288287e-04]]), 'BIAS': array([[80.],
       [80.],
       [80.],
       [80.],
       [80.],
       [80.],
       [80.],
       [80.],
       [80.],
       [80.],
       [80.],
       [80.],
       [80.],
       [80.],
       [80.],
       [80.],
       [80.],
       [80.],
       [80.],
       [80.],
       [80.],
       [80.],
       [80.],
       [80.],
       [80.],
       [80.],
       [80.],
       [80.],
       [80.],
       [80.],
       [80.],
       [80.],
       [80.],
       [80.],
       [80.],
       [80.],
       [80.],
       [80.],
       [80.],
       [80.],
       [80.],
       [80.],
       [80.],
       [80.],
       [80.],
       [80.],
       [80.],
       [80.],
       [80.],
       [80.],
       [80.],
       [80.],
       [80.],
       [80.],
       [80.],
       [80.],
       [80.],
       [80.],
       [80.],
       [80.],
       [80.],
       [80.],
       [80.],
       [80.],
       [80.],
       [80.],
       [80.],
       [80.],
       [80.],
       [80.],
       [80.],
       [80.],
       [80.],
       [80.],
       [80.],
       [80.],
       [80.],
       [80.],
       [80.],
       [80.],
       [80.],
       [80.],
       [80.],
       [80.],
       [80.],
       [80.],
       [80.],
       [80.],
       [80.],
       [80.],
       [80.],
       [80.],
       [80.],
       [80.],
       [80.],
       [80.],
       [80.],
       [80.],
       [80.],
       [80.],
       [80.],
       [80.],
       [80.],
       [80.],
       [80.],
       [80.],
       [80.],
       [80.],
       [80.],
       [80.],
       [80.],
       [80.],
       [80.],
       [80.],
       [80.],
       [80.],
       [80.],
       [80.],
       [80.],
       [80.],
       [80.],
       [80.],
       [80.],
       [80.],
       [80.],
       [80.],
       [80.],
       [80.],
       [80.],
       [80.],
       [80.],
       [80.],
       [80.],
       [80.],
       [80.],
       [80.],
       [80.],
       [80.],
       [80.],
       [80.],
       [80.],
       [80.],
       [80.],
       [80.],
       [80.],
       [80.],
       [80.],
       [80.],
       [80.],
       [80.],
       [80.],
       [80.],
       [80.],
       [80.],
       [80.],
       [80.],
       [80.],
       [80.],
       [80.],
       [80.],
       [80.],
       [80.],
       [80.],
       [80.],
       [80.],
       [80.],
       [80.],
       [80.],
       [80.],
       [80.],
       [80.],
       [80.],
       [80.],
       [80.],
       [80.],
       [80.],
       [80.],
       [80.],
       [80.],
       [80.],
       [80.],
       [80.],
       [80.],
       [80.],
       [80.],
       [80.],
       [80.],
       [80.],
       [80.],
       [80.],
       [80.],
       [80.],
       [80.],
       [80.],
       [80.],
       [80.],
       [80.],
       [80.],
       [80.],
       [80.],
       [80.],
       [80.],
       [80.],
       [80.],
       [80.],
       [80.],
       [80.],
       [80.],
       [80.],
       [80.],
       [80.],
       [80.],
       [80.],
       [80.],
       [80.],
       [80.],
       [80.],
       [80.],
       [80.],
       [80.],
       [80.],
       [80.],
       [80.],
       [80.],
       [80.],
       [80.],
       [80.],
       [80.],
       [80.],
       [80.],
       [80.],
       [80.],
       [80.],
       [80.],
       [80.],
       [80.],
       [80.],
       [80.],
       [80.],
       [80.],
       [80.],
       [80.],
       [80.],
       [80.],
       [80.],
       [80.],
       [80.],
       [80.],
       [80.],
       [80.],
       [80.],
       [80.],
       [80.],
       [80.],
       [80.],
       [80.],
       [80.],
       [80.],
       [80.],
       [80.],
       [80.],
       [80.],
       [80.],
       [80.],
       [80.],
       [80.],
       [80.],
       [80.],
       [80.],
       [80.],
       [80.],
       [80.],
       [80.],
       [80.],
       [80.],
       [80.],
       [80.],
       [80.],
       [80.],
       [80.],
       [80.],
       [80.],
       [80.],
       [80.],
       [80.],
       [80.],
       [80.],
       [80.],
       [80.],
       [80.],
       [80.],
       [80.],
       [80.],
       [80.],
       [80.],
       [80.],
       [80.],
       [80.],
       [80.],
       [80.],
       [80.],
       [80.],
       [80.],
       [80.],
       [80.],
       [80.],
       [80.],
       [80.],
       [80.],
       [80.],
       [80.],
       [80.],
       [80.],
       [80.],
       [80.],
       [80.],
       [80.],
       [80.],
       [80.],
       [80.],
       [80.],
       [80.],
       [80.],
       [80.],
       [80.],
       [80.],
       [80.],
       [80.],
       [80.],
       [80.],
       [80.],
       [80.],
       [80.],
       [80.],
       [80.],
       [80.],
       [80.],
       [80.],
       [80.],
       [80.],
       [80.],
       [80.],
       [80.],
       [80.],
       [80.],
       [80.],
       [80.],
       [80.],
       [80.],
       [80.],
       [80.],
       [80.],
       [80.],
       [80.],
       [80.],
       [80.],
       [80.],
       [80.],
       [80.],
       [80.],
       [80.],
       [80.],
       [80.],
       [80.],
       [80.],
       [80.],
       [80.],
       [80.],
       [80.],
       [80.],
       [80.],
       [80.],
       [80.],
       [80.],
       [80.],
       [80.],
       [80.],
       [80.],
       [80.],
       [80.],
       [80.],
       [80.],
       [80.],
       [80.],
       [80.],
       [80.],
       [80.],
       [80.],
       [80.],
       [80.],
       [80.],
       [80.],
       [80.],
       [80.],
       [80.],
       [80.],
       [80.],
       [80.],
       [80.],
       [80.]]), 'dt': 0.01, 'N': 400, 'l': 1e-05}","{'Q': 78.94736842105263, 'gbar': 5.263157894736842, 'T': 10000, 'supervisor': array([[-1.89214982e-17],
       [ 4.44288287e-04],
       [ 8.88576529e-04],
       ...,
       [-1.33286468e-03],
       [-8.88576529e-04],
       [-4.44288287e-04]]), 'BIAS': array([[80.],
       [80.],
       [80.],
       [80.],
       [80.],
       [80.],
       [80.],
       [80.],
       [80.],
       [80.],
       [80.],
       [80.],
       [80.],
       [80.],
       [80.],
       [80.],
       [80.],
       [80.],
       [80.],
       [80.],
       [80.],
       [80.],
       [80.],
       [80.],
       [80.],
       [80.],
       [80.],
       [80.],
       [80.],
       [80.],
       [80.],
       [80.],
       [80.],
       [80.],
       [80.],
       [80.],
       [80.],
       [80.],
       [80.],
       [80.],
       [80.],
       [80.],
       [80.],
       [80.],
       [80.],
       [80.],
       [80.],
       [80.],
       [80.],
       [80.],
       [80.],
       [80.],
       [80.],
       [80.],
       [80.],
       [80.],
       [80.],
       [80.],
       [80.],
       [80.],
       [80.],
       [80.],
       [80.],
       [80.],
       [80.],
       [80.],
       [80.],
       [80.],
       [80.],
       [80.],
       [80.],
       [80.],
       [80.],
       [80.],
       [80.],
       [80.],
       [80.],
       [80.],
       [80.],
       [80.],
       [80.],
       [80.],
       [80.],
       [80.],
       [80.],
       [80.],
       [80.],
       [80.],
       [80.],
       [80.],
       [80.],
       [80.],
       [80.],
       [80.],
       [80.],
       [80.],
       [80.],
       [80.],
       [80.],
       [80.],
       [80.],
       [80.],
       [80.],
       [80.],
       [80.],
       [80.],
       [80.],
       [80.],
       [80.],
       [80.],
       [80.],
       [80.],
       [80.],
       [80.],
       [80.],
       [80.],
       [80.],
       [80.],
       [80.],
       [80.],
       [80.],
       [80.],
       [80.],
       [80.],
       [80.],
       [80.],
       [80.],
       [80.],
       [80.],
       [80.],
       [80.],
       [80.],
       [80.],
       [80.],
       [80.],
       [80.],
       [80.],
       [80.],
       [80.],
       [80.],
       [80.],
       [80.],
       [80.],
       [80.],
       [80.],
       [80.],
       [80.],
       [80.],
       [80.],
       [80.],
       [80.],
       [80.],
       [80.],
       [80.],
       [80.],
       [80.],
       [80.],
       [80.],
       [80.],
       [80.],
       [80.],
       [80.],
       [80.],
       [80.],
       [80.],
       [80.],
       [80.],
       [80.],
       [80.],
       [80.],
       [80.],
       [80.],
       [80.],
       [80.],
       [80.],
       [80.],
       [80.],
       [80.],
       [80.],
       [80.],
       [80.],
       [80.],
       [80.],
       [80.],
       [80.],
       [80.],
       [80.],
       [80.],
       [80.],
       [80.],
       [80.],
       [80.],
       [80.],
       [80.],
       [80.],
       [80.],
       [80.],
       [80.],
       [80.],
       [80.],
       [80.],
       [80.],
       [80.],
       [80.],
       [80.],
       [80.],
       [80.],
       [80.],
       [80.],
       [80.],
       [80.],
       [80.],
       [80.],
       [80.],
       [80.],
       [80.],
       [80.],
       [80.],
       [80.],
       [80.],
       [80.],
       [80.],
       [80.],
       [80.],
       [80.],
       [80.],
       [80.],
       [80.],
       [80.],
       [80.],
       [80.],
       [80.],
       [80.],
       [80.],
       [80.],
       [80.],
       [80.],
       [80.],
       [80.],
       [80.],
       [80.],
       [80.],
       [80.],
       [80.],
       [80.],
       [80.],
       [80.],
       [80.],
       [80.],
       [80.],
       [80.],
       [80.],
       [80.],
       [80.],
       [80.],
       [80.],
       [80.],
       [80.],
       [80.],
       [80.],
       [80.],
       [80.],
       [80.],
       [80.],
       [80.],
       [80.],
       [80.],
       [80.],
       [80.],
       [80.],
       [80.],
       [80.],
       [80.],
       [80.],
       [80.],
       [80.],
       [80.],
       [80.],
       [80.],
       [80.],
       [80.],
       [80.],
       [80.],
       [80.],
       [80.],
       [80.],
       [80.],
       [80.],
       [80.],
       [80.],
       [80.],
       [80.],
       [80.],
       [80.],
       [80.],
       [80.],
       [80.],
       [80.],
       [80.],
       [80.],
       [80.],
       [80.],
       [80.],
       [80.],
       [80.],
       [80.],
       [80.],
       [80.],
       [80.],
       [80.],
       [80.],
       [80.],
       [80.],
       [80.],
       [80.],
       [80.],
       [80.],
       [80.],
       [80.],
       [80.],
       [80.],
       [80.],
       [80.],
       [80.],
       [80.],
       [80.],
       [80.],
       [80.],
       [80.],
       [80.],
       [80.],
       [80.],
       [80.],
       [80.],
       [80.],
       [80.],
       [80.],
       [80.],
       [80.],
       [80.],
       [80.],
       [80.],
       [80.],
       [80.],
       [80.],
       [80.],
       [80.],
       [80.],
       [80.],
       [80.],
       [80.],
       [80.],
       [80.],
       [80.],
       [80.],
       [80.],
       [80.],
       [80.],
       [80.],
       [80.],
       [80.],
       [80.],
       [80.],
       [80.],
       [80.],
       [80.],
       [80.],
       [80.],
       [80.],
       [80.],
       [80.],
       [80.],
       [80.],
       [80.],
       [80.],
       [80.],
       [80.],
       [80.],
       [80.],
       [80.],
       [80.],
       [80.],
       [80.],
       [80.],
       [80.],
       [80.],
       [80.],
       [80.],
       [80.],
       [80.],
       [80.],
       [80.],
       [80.],
       [80.],
       [80.],
       [80.],
       [80.],
       [80.],
       [80.],
       [80.]]), 'dt': 0.01, 'N': 400, 'l': 1e-05}","{'Q': 78.94736842105263, 'gbar': 6.315789473684211, 'T': 10000, 'supervisor': array([[-1.89214982e-17],
       [ 4.44288287e-04],
       [ 8.88576529e-04],
       ...,
       [-1.33286468e-03],
       [-8.88576529e-04],
       [-4.44288287e-04]]), 'BIAS': array([[80.],
       [80.],
       [80.],
       [80.],
       [80.],
       [80.],
       [80.],
       [80.],
       [80.],
       [80.],
       [80.],
       [80.],
       [80.],
       [80.],
       [80.],
       [80.],
       [80.],
       [80.],
       [80.],
       [80.],
       [80.],
       [80.],
       [80.],
       [80.],
       [80.],
       [80.],
       [80.],
       [80.],
       [80.],
       [80.],
       [80.],
       [80.],
       [80.],
       [80.],
       [80.],
       [80.],
       [80.],
       [80.],
       [80.],
       [80.],
       [80.],
       [80.],
       [80.],
       [80.],
       [80.],
       [80.],
       [80.],
       [80.],
       [80.],
       [80.],
       [80.],
       [80.],
       [80.],
       [80.],
       [80.],
       [80.],
       [80.],
       [80.],
       [80.],
       [80.],
       [80.],
       [80.],
       [80.],
       [80.],
       [80.],
       [80.],
       [80.],
       [80.],
       [80.],
       [80.],
       [80.],
       [80.],
       [80.],
       [80.],
       [80.],
       [80.],
       [80.],
       [80.],
       [80.],
       [80.],
       [80.],
       [80.],
       [80.],
       [80.],
       [80.],
       [80.],
       [80.],
       [80.],
       [80.],
       [80.],
       [80.],
       [80.],
       [80.],
       [80.],
       [80.],
       [80.],
       [80.],
       [80.],
       [80.],
       [80.],
       [80.],
       [80.],
       [80.],
       [80.],
       [80.],
       [80.],
       [80.],
       [80.],
       [80.],
       [80.],
       [80.],
       [80.],
       [80.],
       [80.],
       [80.],
       [80.],
       [80.],
       [80.],
       [80.],
       [80.],
       [80.],
       [80.],
       [80.],
       [80.],
       [80.],
       [80.],
       [80.],
       [80.],
       [80.],
       [80.],
       [80.],
       [80.],
       [80.],
       [80.],
       [80.],
       [80.],
       [80.],
       [80.],
       [80.],
       [80.],
       [80.],
       [80.],
       [80.],
       [80.],
       [80.],
       [80.],
       [80.],
       [80.],
       [80.],
       [80.],
       [80.],
       [80.],
       [80.],
       [80.],
       [80.],
       [80.],
       [80.],
       [80.],
       [80.],
       [80.],
       [80.],
       [80.],
       [80.],
       [80.],
       [80.],
       [80.],
       [80.],
       [80.],
       [80.],
       [80.],
       [80.],
       [80.],
       [80.],
       [80.],
       [80.],
       [80.],
       [80.],
       [80.],
       [80.],
       [80.],
       [80.],
       [80.],
       [80.],
       [80.],
       [80.],
       [80.],
       [80.],
       [80.],
       [80.],
       [80.],
       [80.],
       [80.],
       [80.],
       [80.],
       [80.],
       [80.],
       [80.],
       [80.],
       [80.],
       [80.],
       [80.],
       [80.],
       [80.],
       [80.],
       [80.],
       [80.],
       [80.],
       [80.],
       [80.],
       [80.],
       [80.],
       [80.],
       [80.],
       [80.],
       [80.],
       [80.],
       [80.],
       [80.],
       [80.],
       [80.],
       [80.],
       [80.],
       [80.],
       [80.],
       [80.],
       [80.],
       [80.],
       [80.],
       [80.],
       [80.],
       [80.],
       [80.],
       [80.],
       [80.],
       [80.],
       [80.],
       [80.],
       [80.],
       [80.],
       [80.],
       [80.],
       [80.],
       [80.],
       [80.],
       [80.],
       [80.],
       [80.],
       [80.],
       [80.],
       [80.],
       [80.],
       [80.],
       [80.],
       [80.],
       [80.],
       [80.],
       [80.],
       [80.],
       [80.],
       [80.],
       [80.],
       [80.],
       [80.],
       [80.],
       [80.],
       [80.],
       [80.],
       [80.],
       [80.],
       [80.],
       [80.],
       [80.],
       [80.],
       [80.],
       [80.],
       [80.],
       [80.],
       [80.],
       [80.],
       [80.],
       [80.],
       [80.],
       [80.],
       [80.],
       [80.],
       [80.],
       [80.],
       [80.],
       [80.],
       [80.],
       [80.],
       [80.],
       [80.],
       [80.],
       [80.],
       [80.],
       [80.],
       [80.],
       [80.],
       [80.],
       [80.],
       [80.],
       [80.],
       [80.],
       [80.],
       [80.],
       [80.],
       [80.],
       [80.],
       [80.],
       [80.],
       [80.],
       [80.],
       [80.],
       [80.],
       [80.],
       [80.],
       [80.],
       [80.],
       [80.],
       [80.],
       [80.],
       [80.],
       [80.],
       [80.],
       [80.],
       [80.],
       [80.],
       [80.],
       [80.],
       [80.],
       [80.],
       [80.],
       [80.],
       [80.],
       [80.],
       [80.],
       [80.],
       [80.],
       [80.],
       [80.],
       [80.],
       [80.],
       [80.],
       [80.],
       [80.],
       [80.],
       [80.],
       [80.],
       [80.],
       [80.],
       [80.],
       [80.],
       [80.],
       [80.],
       [80.],
       [80.],
       [80.],
       [80.],
       [80.],
       [80.],
       [80.],
       [80.],
       [80.],
       [80.],
       [80.],
       [80.],
       [80.],
       [80.],
       [80.],
       [80.],
       [80.],
       [80.],
       [80.],
       [80.],
       [80.],
       [80.],
       [80.],
       [80.],
       [80.],
       [80.],
       [80.],
       [80.],
       [80.],
       [80.],
       [80.],
       [80.],
       [80.],
       [80.],
       [80.],
       [80.],
       [80.],
       [80.],
       [80.],
       [80.],
       [80.],
       [80.],
       [80.],
       [80.],
       [80.]]), 'dt': 0.01, 'N': 400, 'l': 1e-05}","{'Q': 78.94736842105263, 'gbar': 7.368421052631579, 'T': 10000, 'supervisor': array([[-1.89214982e-17],
       [ 4.44288287e-04],
       [ 8.88576529e-04],
       ...,
       [-1.33286468e-03],
       [-8.88576529e-04],
       [-4.44288287e-04]]), 'BIAS': array([[80.],
       [80.],
       [80.],
       [80.],
       [80.],
       [80.],
       [80.],
       [80.],
       [80.],
       [80.],
       [80.],
       [80.],
       [80.],
       [80.],
       [80.],
       [80.],
       [80.],
       [80.],
       [80.],
       [80.],
       [80.],
       [80.],
       [80.],
       [80.],
       [80.],
       [80.],
       [80.],
       [80.],
       [80.],
       [80.],
       [80.],
       [80.],
       [80.],
       [80.],
       [80.],
       [80.],
       [80.],
       [80.],
       [80.],
       [80.],
       [80.],
       [80.],
       [80.],
       [80.],
       [80.],
       [80.],
       [80.],
       [80.],
       [80.],
       [80.],
       [80.],
       [80.],
       [80.],
       [80.],
       [80.],
       [80.],
       [80.],
       [80.],
       [80.],
       [80.],
       [80.],
       [80.],
       [80.],
       [80.],
       [80.],
       [80.],
       [80.],
       [80.],
       [80.],
       [80.],
       [80.],
       [80.],
       [80.],
       [80.],
       [80.],
       [80.],
       [80.],
       [80.],
       [80.],
       [80.],
       [80.],
       [80.],
       [80.],
       [80.],
       [80.],
       [80.],
       [80.],
       [80.],
       [80.],
       [80.],
       [80.],
       [80.],
       [80.],
       [80.],
       [80.],
       [80.],
       [80.],
       [80.],
       [80.],
       [80.],
       [80.],
       [80.],
       [80.],
       [80.],
       [80.],
       [80.],
       [80.],
       [80.],
       [80.],
       [80.],
       [80.],
       [80.],
       [80.],
       [80.],
       [80.],
       [80.],
       [80.],
       [80.],
       [80.],
       [80.],
       [80.],
       [80.],
       [80.],
       [80.],
       [80.],
       [80.],
       [80.],
       [80.],
       [80.],
       [80.],
       [80.],
       [80.],
       [80.],
       [80.],
       [80.],
       [80.],
       [80.],
       [80.],
       [80.],
       [80.],
       [80.],
       [80.],
       [80.],
       [80.],
       [80.],
       [80.],
       [80.],
       [80.],
       [80.],
       [80.],
       [80.],
       [80.],
       [80.],
       [80.],
       [80.],
       [80.],
       [80.],
       [80.],
       [80.],
       [80.],
       [80.],
       [80.],
       [80.],
       [80.],
       [80.],
       [80.],
       [80.],
       [80.],
       [80.],
       [80.],
       [80.],
       [80.],
       [80.],
       [80.],
       [80.],
       [80.],
       [80.],
       [80.],
       [80.],
       [80.],
       [80.],
       [80.],
       [80.],
       [80.],
       [80.],
       [80.],
       [80.],
       [80.],
       [80.],
       [80.],
       [80.],
       [80.],
       [80.],
       [80.],
       [80.],
       [80.],
       [80.],
       [80.],
       [80.],
       [80.],
       [80.],
       [80.],
       [80.],
       [80.],
       [80.],
       [80.],
       [80.],
       [80.],
       [80.],
       [80.],
       [80.],
       [80.],
       [80.],
       [80.],
       [80.],
       [80.],
       [80.],
       [80.],
       [80.],
       [80.],
       [80.],
       [80.],
       [80.],
       [80.],
       [80.],
       [80.],
       [80.],
       [80.],
       [80.],
       [80.],
       [80.],
       [80.],
       [80.],
       [80.],
       [80.],
       [80.],
       [80.],
       [80.],
       [80.],
       [80.],
       [80.],
       [80.],
       [80.],
       [80.],
       [80.],
       [80.],
       [80.],
       [80.],
       [80.],
       [80.],
       [80.],
       [80.],
       [80.],
       [80.],
       [80.],
       [80.],
       [80.],
       [80.],
       [80.],
       [80.],
       [80.],
       [80.],
       [80.],
       [80.],
       [80.],
       [80.],
       [80.],
       [80.],
       [80.],
       [80.],
       [80.],
       [80.],
       [80.],
       [80.],
       [80.],
       [80.],
       [80.],
       [80.],
       [80.],
       [80.],
       [80.],
       [80.],
       [80.],
       [80.],
       [80.],
       [80.],
       [80.],
       [80.],
       [80.],
       [80.],
       [80.],
       [80.],
       [80.],
       [80.],
       [80.],
       [80.],
       [80.],
       [80.],
       [80.],
       [80.],
       [80.],
       [80.],
       [80.],
       [80.],
       [80.],
       [80.],
       [80.],
       [80.],
       [80.],
       [80.],
       [80.],
       [80.],
       [80.],
       [80.],
       [80.],
       [80.],
       [80.],
       [80.],
       [80.],
       [80.],
       [80.],
       [80.],
       [80.],
       [80.],
       [80.],
       [80.],
       [80.],
       [80.],
       [80.],
       [80.],
       [80.],
       [80.],
       [80.],
       [80.],
       [80.],
       [80.],
       [80.],
       [80.],
       [80.],
       [80.],
       [80.],
       [80.],
       [80.],
       [80.],
       [80.],
       [80.],
       [80.],
       [80.],
       [80.],
       [80.],
       [80.],
       [80.],
       [80.],
       [80.],
       [80.],
       [80.],
       [80.],
       [80.],
       [80.],
       [80.],
       [80.],
       [80.],
       [80.],
       [80.],
       [80.],
       [80.],
       [80.],
       [80.],
       [80.],
       [80.],
       [80.],
       [80.],
       [80.],
       [80.],
       [80.],
       [80.],
       [80.],
       [80.],
       [80.],
       [80.],
       [80.],
       [80.],
       [80.],
       [80.],
       [80.],
       [80.],
       [80.],
       [80.],
       [80.],
       [80.],
       [80.],
       [80.],
       [80.],
       [80.],
       [80.],
       [80.],
       [80.],
       [80.],
       [80.],
       [80.]]), 'dt': 0.01, 'N': 400, 'l': 1e-05}","{'Q': 78.94736842105263, 'gbar': 8.421052631578947, 'T': 10000, 'supervisor': array([[-1.89214982e-17],
       [ 4.44288287e-04],
       [ 8.88576529e-04],
       ...,
       [-1.33286468e-03],
       [-8.88576529e-04],
       [-4.44288287e-04]]), 'BIAS': array([[80.],
       [80.],
       [80.],
       [80.],
       [80.],
       [80.],
       [80.],
       [80.],
       [80.],
       [80.],
       [80.],
       [80.],
       [80.],
       [80.],
       [80.],
       [80.],
       [80.],
       [80.],
       [80.],
       [80.],
       [80.],
       [80.],
       [80.],
       [80.],
       [80.],
       [80.],
       [80.],
       [80.],
       [80.],
       [80.],
       [80.],
       [80.],
       [80.],
       [80.],
       [80.],
       [80.],
       [80.],
       [80.],
       [80.],
       [80.],
       [80.],
       [80.],
       [80.],
       [80.],
       [80.],
       [80.],
       [80.],
       [80.],
       [80.],
       [80.],
       [80.],
       [80.],
       [80.],
       [80.],
       [80.],
       [80.],
       [80.],
       [80.],
       [80.],
       [80.],
       [80.],
       [80.],
       [80.],
       [80.],
       [80.],
       [80.],
       [80.],
       [80.],
       [80.],
       [80.],
       [80.],
       [80.],
       [80.],
       [80.],
       [80.],
       [80.],
       [80.],
       [80.],
       [80.],
       [80.],
       [80.],
       [80.],
       [80.],
       [80.],
       [80.],
       [80.],
       [80.],
       [80.],
       [80.],
       [80.],
       [80.],
       [80.],
       [80.],
       [80.],
       [80.],
       [80.],
       [80.],
       [80.],
       [80.],
       [80.],
       [80.],
       [80.],
       [80.],
       [80.],
       [80.],
       [80.],
       [80.],
       [80.],
       [80.],
       [80.],
       [80.],
       [80.],
       [80.],
       [80.],
       [80.],
       [80.],
       [80.],
       [80.],
       [80.],
       [80.],
       [80.],
       [80.],
       [80.],
       [80.],
       [80.],
       [80.],
       [80.],
       [80.],
       [80.],
       [80.],
       [80.],
       [80.],
       [80.],
       [80.],
       [80.],
       [80.],
       [80.],
       [80.],
       [80.],
       [80.],
       [80.],
       [80.],
       [80.],
       [80.],
       [80.],
       [80.],
       [80.],
       [80.],
       [80.],
       [80.],
       [80.],
       [80.],
       [80.],
       [80.],
       [80.],
       [80.],
       [80.],
       [80.],
       [80.],
       [80.],
       [80.],
       [80.],
       [80.],
       [80.],
       [80.],
       [80.],
       [80.],
       [80.],
       [80.],
       [80.],
       [80.],
       [80.],
       [80.],
       [80.],
       [80.],
       [80.],
       [80.],
       [80.],
       [80.],
       [80.],
       [80.],
       [80.],
       [80.],
       [80.],
       [80.],
       [80.],
       [80.],
       [80.],
       [80.],
       [80.],
       [80.],
       [80.],
       [80.],
       [80.],
       [80.],
       [80.],
       [80.],
       [80.],
       [80.],
       [80.],
       [80.],
       [80.],
       [80.],
       [80.],
       [80.],
       [80.],
       [80.],
       [80.],
       [80.],
       [80.],
       [80.],
       [80.],
       [80.],
       [80.],
       [80.],
       [80.],
       [80.],
       [80.],
       [80.],
       [80.],
       [80.],
       [80.],
       [80.],
       [80.],
       [80.],
       [80.],
       [80.],
       [80.],
       [80.],
       [80.],
       [80.],
       [80.],
       [80.],
       [80.],
       [80.],
       [80.],
       [80.],
       [80.],
       [80.],
       [80.],
       [80.],
       [80.],
       [80.],
       [80.],
       [80.],
       [80.],
       [80.],
       [80.],
       [80.],
       [80.],
       [80.],
       [80.],
       [80.],
       [80.],
       [80.],
       [80.],
       [80.],
       [80.],
       [80.],
       [80.],
       [80.],
       [80.],
       [80.],
       [80.],
       [80.],
       [80.],
       [80.],
       [80.],
       [80.],
       [80.],
       [80.],
       [80.],
       [80.],
       [80.],
       [80.],
       [80.],
       [80.],
       [80.],
       [80.],
       [80.],
       [80.],
       [80.],
       [80.],
       [80.],
       [80.],
       [80.],
       [80.],
       [80.],
       [80.],
       [80.],
       [80.],
       [80.],
       [80.],
       [80.],
       [80.],
       [80.],
       [80.],
       [80.],
       [80.],
       [80.],
       [80.],
       [80.],
       [80.],
       [80.],
       [80.],
       [80.],
       [80.],
       [80.],
       [80.],
       [80.],
       [80.],
       [80.],
       [80.],
       [80.],
       [80.],
       [80.],
       [80.],
       [80.],
       [80.],
       [80.],
       [80.],
       [80.],
       [80.],
       [80.],
       [80.],
       [80.],
       [80.],
       [80.],
       [80.],
       [80.],
       [80.],
       [80.],
       [80.],
       [80.],
       [80.],
       [80.],
       [80.],
       [80.],
       [80.],
       [80.],
       [80.],
       [80.],
       [80.],
       [80.],
       [80.],
       [80.],
       [80.],
       [80.],
       [80.],
       [80.],
       [80.],
       [80.],
       [80.],
       [80.],
       [80.],
       [80.],
       [80.],
       [80.],
       [80.],
       [80.],
       [80.],
       [80.],
       [80.],
       [80.],
       [80.],
       [80.],
       [80.],
       [80.],
       [80.],
       [80.],
       [80.],
       [80.],
       [80.],
       [80.],
       [80.],
       [80.],
       [80.],
       [80.],
       [80.],
       [80.],
       [80.],
       [80.],
       [80.],
       [80.],
       [80.],
       [80.],
       [80.],
       [80.],
       [80.],
       [80.],
       [80.],
       [80.],
       [80.],
       [80.],
       [80.],
       [80.],
       [80.],
       [80.],
       [80.],
       [80.]]), 'dt': 0.01, 'N': 400, 'l': 1e-05}","{'Q': 78.94736842105263, 'gbar': 9.473684210526315, 'T': 10000, 'supervisor': array([[-1.89214982e-17],
       [ 4.44288287e-04],
       [ 8.88576529e-04],
       ...,
       [-1.33286468e-03],
       [-8.88576529e-04],
       [-4.44288287e-04]]), 'BIAS': array([[80.],
       [80.],
       [80.],
       [80.],
       [80.],
       [80.],
       [80.],
       [80.],
       [80.],
       [80.],
       [80.],
       [80.],
       [80.],
       [80.],
       [80.],
       [80.],
       [80.],
       [80.],
       [80.],
       [80.],
       [80.],
       [80.],
       [80.],
       [80.],
       [80.],
       [80.],
       [80.],
       [80.],
       [80.],
       [80.],
       [80.],
       [80.],
       [80.],
       [80.],
       [80.],
       [80.],
       [80.],
       [80.],
       [80.],
       [80.],
       [80.],
       [80.],
       [80.],
       [80.],
       [80.],
       [80.],
       [80.],
       [80.],
       [80.],
       [80.],
       [80.],
       [80.],
       [80.],
       [80.],
       [80.],
       [80.],
       [80.],
       [80.],
       [80.],
       [80.],
       [80.],
       [80.],
       [80.],
       [80.],
       [80.],
       [80.],
       [80.],
       [80.],
       [80.],
       [80.],
       [80.],
       [80.],
       [80.],
       [80.],
       [80.],
       [80.],
       [80.],
       [80.],
       [80.],
       [80.],
       [80.],
       [80.],
       [80.],
       [80.],
       [80.],
       [80.],
       [80.],
       [80.],
       [80.],
       [80.],
       [80.],
       [80.],
       [80.],
       [80.],
       [80.],
       [80.],
       [80.],
       [80.],
       [80.],
       [80.],
       [80.],
       [80.],
       [80.],
       [80.],
       [80.],
       [80.],
       [80.],
       [80.],
       [80.],
       [80.],
       [80.],
       [80.],
       [80.],
       [80.],
       [80.],
       [80.],
       [80.],
       [80.],
       [80.],
       [80.],
       [80.],
       [80.],
       [80.],
       [80.],
       [80.],
       [80.],
       [80.],
       [80.],
       [80.],
       [80.],
       [80.],
       [80.],
       [80.],
       [80.],
       [80.],
       [80.],
       [80.],
       [80.],
       [80.],
       [80.],
       [80.],
       [80.],
       [80.],
       [80.],
       [80.],
       [80.],
       [80.],
       [80.],
       [80.],
       [80.],
       [80.],
       [80.],
       [80.],
       [80.],
       [80.],
       [80.],
       [80.],
       [80.],
       [80.],
       [80.],
       [80.],
       [80.],
       [80.],
       [80.],
       [80.],
       [80.],
       [80.],
       [80.],
       [80.],
       [80.],
       [80.],
       [80.],
       [80.],
       [80.],
       [80.],
       [80.],
       [80.],
       [80.],
       [80.],
       [80.],
       [80.],
       [80.],
       [80.],
       [80.],
       [80.],
       [80.],
       [80.],
       [80.],
       [80.],
       [80.],
       [80.],
       [80.],
       [80.],
       [80.],
       [80.],
       [80.],
       [80.],
       [80.],
       [80.],
       [80.],
       [80.],
       [80.],
       [80.],
       [80.],
       [80.],
       [80.],
       [80.],
       [80.],
       [80.],
       [80.],
       [80.],
       [80.],
       [80.],
       [80.],
       [80.],
       [80.],
       [80.],
       [80.],
       [80.],
       [80.],
       [80.],
       [80.],
       [80.],
       [80.],
       [80.],
       [80.],
       [80.],
       [80.],
       [80.],
       [80.],
       [80.],
       [80.],
       [80.],
       [80.],
       [80.],
       [80.],
       [80.],
       [80.],
       [80.],
       [80.],
       [80.],
       [80.],
       [80.],
       [80.],
       [80.],
       [80.],
       [80.],
       [80.],
       [80.],
       [80.],
       [80.],
       [80.],
       [80.],
       [80.],
       [80.],
       [80.],
       [80.],
       [80.],
       [80.],
       [80.],
       [80.],
       [80.],
       [80.],
       [80.],
       [80.],
       [80.],
       [80.],
       [80.],
       [80.],
       [80.],
       [80.],
       [80.],
       [80.],
       [80.],
       [80.],
       [80.],
       [80.],
       [80.],
       [80.],
       [80.],
       [80.],
       [80.],
       [80.],
       [80.],
       [80.],
       [80.],
       [80.],
       [80.],
       [80.],
       [80.],
       [80.],
       [80.],
       [80.],
       [80.],
       [80.],
       [80.],
       [80.],
       [80.],
       [80.],
       [80.],
       [80.],
       [80.],
       [80.],
       [80.],
       [80.],
       [80.],
       [80.],
       [80.],
       [80.],
       [80.],
       [80.],
       [80.],
       [80.],
       [80.],
       [80.],
       [80.],
       [80.],
       [80.],
       [80.],
       [80.],
       [80.],
       [80.],
       [80.],
       [80.],
       [80.],
       [80.],
       [80.],
       [80.],
       [80.],
       [80.],
       [80.],
       [80.],
       [80.],
       [80.],
       [80.],
       [80.],
       [80.],
       [80.],
       [80.],
       [80.],
       [80.],
       [80.],
       [80.],
       [80.],
       [80.],
       [80.],
       [80.],
       [80.],
       [80.],
       [80.],
       [80.],
       [80.],
       [80.],
       [80.],
       [80.],
       [80.],
       [80.],
       [80.],
       [80.],
       [80.],
       [80.],
       [80.],
       [80.],
       [80.],
       [80.],
       [80.],
       [80.],
       [80.],
       [80.],
       [80.],
       [80.],
       [80.],
       [80.],
       [80.],
       [80.],
       [80.],
       [80.],
       [80.],
       [80.],
       [80.],
       [80.],
       [80.],
       [80.],
       [80.],
       [80.],
       [80.],
       [80.],
       [80.],
       [80.],
       [80.],
       [80.],
       [80.],
       [80.],
       [80.],
       [80.],
       [80.],
       [80.],
       [80.],
       [80.],
       [80.]]), 'dt': 0.01, 'N': 400, 'l': 1e-05}","{'Q': 78.94736842105263, 'gbar': 10.526315789473683, 'T': 10000, 'supervisor': array([[-1.89214982e-17],
       [ 4.44288287e-04],
       [ 8.88576529e-04],
       ...,
       [-1.33286468e-03],
       [-8.88576529e-04],
       [-4.44288287e-04]]), 'BIAS': array([[80.],
       [80.],
       [80.],
       [80.],
       [80.],
       [80.],
       [80.],
       [80.],
       [80.],
       [80.],
       [80.],
       [80.],
       [80.],
       [80.],
       [80.],
       [80.],
       [80.],
       [80.],
       [80.],
       [80.],
       [80.],
       [80.],
       [80.],
       [80.],
       [80.],
       [80.],
       [80.],
       [80.],
       [80.],
       [80.],
       [80.],
       [80.],
       [80.],
       [80.],
       [80.],
       [80.],
       [80.],
       [80.],
       [80.],
       [80.],
       [80.],
       [80.],
       [80.],
       [80.],
       [80.],
       [80.],
       [80.],
       [80.],
       [80.],
       [80.],
       [80.],
       [80.],
       [80.],
       [80.],
       [80.],
       [80.],
       [80.],
       [80.],
       [80.],
       [80.],
       [80.],
       [80.],
       [80.],
       [80.],
       [80.],
       [80.],
       [80.],
       [80.],
       [80.],
       [80.],
       [80.],
       [80.],
       [80.],
       [80.],
       [80.],
       [80.],
       [80.],
       [80.],
       [80.],
       [80.],
       [80.],
       [80.],
       [80.],
       [80.],
       [80.],
       [80.],
       [80.],
       [80.],
       [80.],
       [80.],
       [80.],
       [80.],
       [80.],
       [80.],
       [80.],
       [80.],
       [80.],
       [80.],
       [80.],
       [80.],
       [80.],
       [80.],
       [80.],
       [80.],
       [80.],
       [80.],
       [80.],
       [80.],
       [80.],
       [80.],
       [80.],
       [80.],
       [80.],
       [80.],
       [80.],
       [80.],
       [80.],
       [80.],
       [80.],
       [80.],
       [80.],
       [80.],
       [80.],
       [80.],
       [80.],
       [80.],
       [80.],
       [80.],
       [80.],
       [80.],
       [80.],
       [80.],
       [80.],
       [80.],
       [80.],
       [80.],
       [80.],
       [80.],
       [80.],
       [80.],
       [80.],
       [80.],
       [80.],
       [80.],
       [80.],
       [80.],
       [80.],
       [80.],
       [80.],
       [80.],
       [80.],
       [80.],
       [80.],
       [80.],
       [80.],
       [80.],
       [80.],
       [80.],
       [80.],
       [80.],
       [80.],
       [80.],
       [80.],
       [80.],
       [80.],
       [80.],
       [80.],
       [80.],
       [80.],
       [80.],
       [80.],
       [80.],
       [80.],
       [80.],
       [80.],
       [80.],
       [80.],
       [80.],
       [80.],
       [80.],
       [80.],
       [80.],
       [80.],
       [80.],
       [80.],
       [80.],
       [80.],
       [80.],
       [80.],
       [80.],
       [80.],
       [80.],
       [80.],
       [80.],
       [80.],
       [80.],
       [80.],
       [80.],
       [80.],
       [80.],
       [80.],
       [80.],
       [80.],
       [80.],
       [80.],
       [80.],
       [80.],
       [80.],
       [80.],
       [80.],
       [80.],
       [80.],
       [80.],
       [80.],
       [80.],
       [80.],
       [80.],
       [80.],
       [80.],
       [80.],
       [80.],
       [80.],
       [80.],
       [80.],
       [80.],
       [80.],
       [80.],
       [80.],
       [80.],
       [80.],
       [80.],
       [80.],
       [80.],
       [80.],
       [80.],
       [80.],
       [80.],
       [80.],
       [80.],
       [80.],
       [80.],
       [80.],
       [80.],
       [80.],
       [80.],
       [80.],
       [80.],
       [80.],
       [80.],
       [80.],
       [80.],
       [80.],
       [80.],
       [80.],
       [80.],
       [80.],
       [80.],
       [80.],
       [80.],
       [80.],
       [80.],
       [80.],
       [80.],
       [80.],
       [80.],
       [80.],
       [80.],
       [80.],
       [80.],
       [80.],
       [80.],
       [80.],
       [80.],
       [80.],
       [80.],
       [80.],
       [80.],
       [80.],
       [80.],
       [80.],
       [80.],
       [80.],
       [80.],
       [80.],
       [80.],
       [80.],
       [80.],
       [80.],
       [80.],
       [80.],
       [80.],
       [80.],
       [80.],
       [80.],
       [80.],
       [80.],
       [80.],
       [80.],
       [80.],
       [80.],
       [80.],
       [80.],
       [80.],
       [80.],
       [80.],
       [80.],
       [80.],
       [80.],
       [80.],
       [80.],
       [80.],
       [80.],
       [80.],
       [80.],
       [80.],
       [80.],
       [80.],
       [80.],
       [80.],
       [80.],
       [80.],
       [80.],
       [80.],
       [80.],
       [80.],
       [80.],
       [80.],
       [80.],
       [80.],
       [80.],
       [80.],
       [80.],
       [80.],
       [80.],
       [80.],
       [80.],
       [80.],
       [80.],
       [80.],
       [80.],
       [80.],
       [80.],
       [80.],
       [80.],
       [80.],
       [80.],
       [80.],
       [80.],
       [80.],
       [80.],
       [80.],
       [80.],
       [80.],
       [80.],
       [80.],
       [80.],
       [80.],
       [80.],
       [80.],
       [80.],
       [80.],
       [80.],
       [80.],
       [80.],
       [80.],
       [80.],
       [80.],
       [80.],
       [80.],
       [80.],
       [80.],
       [80.],
       [80.],
       [80.],
       [80.],
       [80.],
       [80.],
       [80.],
       [80.],
       [80.],
       [80.],
       [80.],
       [80.],
       [80.],
       [80.],
       [80.],
       [80.],
       [80.],
       [80.],
       [80.],
       [80.],
       [80.],
       [80.],
       [80.],
       [80.],
       [80.],
       [80.],
       [80.],
       [80.],
       [80.]]), 'dt': 0.01, 'N': 400, 'l': 1e-05}","{'Q': 78.94736842105263, 'gbar': 11.578947368421051, 'T': 10000, 'supervisor': array([[-1.89214982e-17],
       [ 4.44288287e-04],
       [ 8.88576529e-04],
       ...,
       [-1.33286468e-03],
       [-8.88576529e-04],
       [-4.44288287e-04]]), 'BIAS': array([[80.],
       [80.],
       [80.],
       [80.],
       [80.],
       [80.],
       [80.],
       [80.],
       [80.],
       [80.],
       [80.],
       [80.],
       [80.],
       [80.],
       [80.],
       [80.],
       [80.],
       [80.],
       [80.],
       [80.],
       [80.],
       [80.],
       [80.],
       [80.],
       [80.],
       [80.],
       [80.],
       [80.],
       [80.],
       [80.],
       [80.],
       [80.],
       [80.],
       [80.],
       [80.],
       [80.],
       [80.],
       [80.],
       [80.],
       [80.],
       [80.],
       [80.],
       [80.],
       [80.],
       [80.],
       [80.],
       [80.],
       [80.],
       [80.],
       [80.],
       [80.],
       [80.],
       [80.],
       [80.],
       [80.],
       [80.],
       [80.],
       [80.],
       [80.],
       [80.],
       [80.],
       [80.],
       [80.],
       [80.],
       [80.],
       [80.],
       [80.],
       [80.],
       [80.],
       [80.],
       [80.],
       [80.],
       [80.],
       [80.],
       [80.],
       [80.],
       [80.],
       [80.],
       [80.],
       [80.],
       [80.],
       [80.],
       [80.],
       [80.],
       [80.],
       [80.],
       [80.],
       [80.],
       [80.],
       [80.],
       [80.],
       [80.],
       [80.],
       [80.],
       [80.],
       [80.],
       [80.],
       [80.],
       [80.],
       [80.],
       [80.],
       [80.],
       [80.],
       [80.],
       [80.],
       [80.],
       [80.],
       [80.],
       [80.],
       [80.],
       [80.],
       [80.],
       [80.],
       [80.],
       [80.],
       [80.],
       [80.],
       [80.],
       [80.],
       [80.],
       [80.],
       [80.],
       [80.],
       [80.],
       [80.],
       [80.],
       [80.],
       [80.],
       [80.],
       [80.],
       [80.],
       [80.],
       [80.],
       [80.],
       [80.],
       [80.],
       [80.],
       [80.],
       [80.],
       [80.],
       [80.],
       [80.],
       [80.],
       [80.],
       [80.],
       [80.],
       [80.],
       [80.],
       [80.],
       [80.],
       [80.],
       [80.],
       [80.],
       [80.],
       [80.],
       [80.],
       [80.],
       [80.],
       [80.],
       [80.],
       [80.],
       [80.],
       [80.],
       [80.],
       [80.],
       [80.],
       [80.],
       [80.],
       [80.],
       [80.],
       [80.],
       [80.],
       [80.],
       [80.],
       [80.],
       [80.],
       [80.],
       [80.],
       [80.],
       [80.],
       [80.],
       [80.],
       [80.],
       [80.],
       [80.],
       [80.],
       [80.],
       [80.],
       [80.],
       [80.],
       [80.],
       [80.],
       [80.],
       [80.],
       [80.],
       [80.],
       [80.],
       [80.],
       [80.],
       [80.],
       [80.],
       [80.],
       [80.],
       [80.],
       [80.],
       [80.],
       [80.],
       [80.],
       [80.],
       [80.],
       [80.],
       [80.],
       [80.],
       [80.],
       [80.],
       [80.],
       [80.],
       [80.],
       [80.],
       [80.],
       [80.],
       [80.],
       [80.],
       [80.],
       [80.],
       [80.],
       [80.],
       [80.],
       [80.],
       [80.],
       [80.],
       [80.],
       [80.],
       [80.],
       [80.],
       [80.],
       [80.],
       [80.],
       [80.],
       [80.],
       [80.],
       [80.],
       [80.],
       [80.],
       [80.],
       [80.],
       [80.],
       [80.],
       [80.],
       [80.],
       [80.],
       [80.],
       [80.],
       [80.],
       [80.],
       [80.],
       [80.],
       [80.],
       [80.],
       [80.],
       [80.],
       [80.],
       [80.],
       [80.],
       [80.],
       [80.],
       [80.],
       [80.],
       [80.],
       [80.],
       [80.],
       [80.],
       [80.],
       [80.],
       [80.],
       [80.],
       [80.],
       [80.],
       [80.],
       [80.],
       [80.],
       [80.],
       [80.],
       [80.],
       [80.],
       [80.],
       [80.],
       [80.],
       [80.],
       [80.],
       [80.],
       [80.],
       [80.],
       [80.],
       [80.],
       [80.],
       [80.],
       [80.],
       [80.],
       [80.],
       [80.],
       [80.],
       [80.],
       [80.],
       [80.],
       [80.],
       [80.],
       [80.],
       [80.],
       [80.],
       [80.],
       [80.],
       [80.],
       [80.],
       [80.],
       [80.],
       [80.],
       [80.],
       [80.],
       [80.],
       [80.],
       [80.],
       [80.],
       [80.],
       [80.],
       [80.],
       [80.],
       [80.],
       [80.],
       [80.],
       [80.],
       [80.],
       [80.],
       [80.],
       [80.],
       [80.],
       [80.],
       [80.],
       [80.],
       [80.],
       [80.],
       [80.],
       [80.],
       [80.],
       [80.],
       [80.],
       [80.],
       [80.],
       [80.],
       [80.],
       [80.],
       [80.],
       [80.],
       [80.],
       [80.],
       [80.],
       [80.],
       [80.],
       [80.],
       [80.],
       [80.],
       [80.],
       [80.],
       [80.],
       [80.],
       [80.],
       [80.],
       [80.],
       [80.],
       [80.],
       [80.],
       [80.],
       [80.],
       [80.],
       [80.],
       [80.],
       [80.],
       [80.],
       [80.],
       [80.],
       [80.],
       [80.],
       [80.],
       [80.],
       [80.],
       [80.],
       [80.],
       [80.],
       [80.],
       [80.],
       [80.],
       [80.],
       [80.],
       [80.],
       [80.],
       [80.],
       [80.],
       [80.],
       [80.],
       [80.]]), 'dt': 0.01, 'N': 400, 'l': 1e-05}","{'Q': 78.94736842105263, 'gbar': 12.631578947368421, 'T': 10000, 'supervisor': array([[-1.89214982e-17],
       [ 4.44288287e-04],
       [ 8.88576529e-04],
       ...,
       [-1.33286468e-03],
       [-8.88576529e-04],
       [-4.44288287e-04]]), 'BIAS': array([[80.],
       [80.],
       [80.],
       [80.],
       [80.],
       [80.],
       [80.],
       [80.],
       [80.],
       [80.],
       [80.],
       [80.],
       [80.],
       [80.],
       [80.],
       [80.],
       [80.],
       [80.],
       [80.],
       [80.],
       [80.],
       [80.],
       [80.],
       [80.],
       [80.],
       [80.],
       [80.],
       [80.],
       [80.],
       [80.],
       [80.],
       [80.],
       [80.],
       [80.],
       [80.],
       [80.],
       [80.],
       [80.],
       [80.],
       [80.],
       [80.],
       [80.],
       [80.],
       [80.],
       [80.],
       [80.],
       [80.],
       [80.],
       [80.],
       [80.],
       [80.],
       [80.],
       [80.],
       [80.],
       [80.],
       [80.],
       [80.],
       [80.],
       [80.],
       [80.],
       [80.],
       [80.],
       [80.],
       [80.],
       [80.],
       [80.],
       [80.],
       [80.],
       [80.],
       [80.],
       [80.],
       [80.],
       [80.],
       [80.],
       [80.],
       [80.],
       [80.],
       [80.],
       [80.],
       [80.],
       [80.],
       [80.],
       [80.],
       [80.],
       [80.],
       [80.],
       [80.],
       [80.],
       [80.],
       [80.],
       [80.],
       [80.],
       [80.],
       [80.],
       [80.],
       [80.],
       [80.],
       [80.],
       [80.],
       [80.],
       [80.],
       [80.],
       [80.],
       [80.],
       [80.],
       [80.],
       [80.],
       [80.],
       [80.],
       [80.],
       [80.],
       [80.],
       [80.],
       [80.],
       [80.],
       [80.],
       [80.],
       [80.],
       [80.],
       [80.],
       [80.],
       [80.],
       [80.],
       [80.],
       [80.],
       [80.],
       [80.],
       [80.],
       [80.],
       [80.],
       [80.],
       [80.],
       [80.],
       [80.],
       [80.],
       [80.],
       [80.],
       [80.],
       [80.],
       [80.],
       [80.],
       [80.],
       [80.],
       [80.],
       [80.],
       [80.],
       [80.],
       [80.],
       [80.],
       [80.],
       [80.],
       [80.],
       [80.],
       [80.],
       [80.],
       [80.],
       [80.],
       [80.],
       [80.],
       [80.],
       [80.],
       [80.],
       [80.],
       [80.],
       [80.],
       [80.],
       [80.],
       [80.],
       [80.],
       [80.],
       [80.],
       [80.],
       [80.],
       [80.],
       [80.],
       [80.],
       [80.],
       [80.],
       [80.],
       [80.],
       [80.],
       [80.],
       [80.],
       [80.],
       [80.],
       [80.],
       [80.],
       [80.],
       [80.],
       [80.],
       [80.],
       [80.],
       [80.],
       [80.],
       [80.],
       [80.],
       [80.],
       [80.],
       [80.],
       [80.],
       [80.],
       [80.],
       [80.],
       [80.],
       [80.],
       [80.],
       [80.],
       [80.],
       [80.],
       [80.],
       [80.],
       [80.],
       [80.],
       [80.],
       [80.],
       [80.],
       [80.],
       [80.],
       [80.],
       [80.],
       [80.],
       [80.],
       [80.],
       [80.],
       [80.],
       [80.],
       [80.],
       [80.],
       [80.],
       [80.],
       [80.],
       [80.],
       [80.],
       [80.],
       [80.],
       [80.],
       [80.],
       [80.],
       [80.],
       [80.],
       [80.],
       [80.],
       [80.],
       [80.],
       [80.],
       [80.],
       [80.],
       [80.],
       [80.],
       [80.],
       [80.],
       [80.],
       [80.],
       [80.],
       [80.],
       [80.],
       [80.],
       [80.],
       [80.],
       [80.],
       [80.],
       [80.],
       [80.],
       [80.],
       [80.],
       [80.],
       [80.],
       [80.],
       [80.],
       [80.],
       [80.],
       [80.],
       [80.],
       [80.],
       [80.],
       [80.],
       [80.],
       [80.],
       [80.],
       [80.],
       [80.],
       [80.],
       [80.],
       [80.],
       [80.],
       [80.],
       [80.],
       [80.],
       [80.],
       [80.],
       [80.],
       [80.],
       [80.],
       [80.],
       [80.],
       [80.],
       [80.],
       [80.],
       [80.],
       [80.],
       [80.],
       [80.],
       [80.],
       [80.],
       [80.],
       [80.],
       [80.],
       [80.],
       [80.],
       [80.],
       [80.],
       [80.],
       [80.],
       [80.],
       [80.],
       [80.],
       [80.],
       [80.],
       [80.],
       [80.],
       [80.],
       [80.],
       [80.],
       [80.],
       [80.],
       [80.],
       [80.],
       [80.],
       [80.],
       [80.],
       [80.],
       [80.],
       [80.],
       [80.],
       [80.],
       [80.],
       [80.],
       [80.],
       [80.],
       [80.],
       [80.],
       [80.],
       [80.],
       [80.],
       [80.],
       [80.],
       [80.],
       [80.],
       [80.],
       [80.],
       [80.],
       [80.],
       [80.],
       [80.],
       [80.],
       [80.],
       [80.],
       [80.],
       [80.],
       [80.],
       [80.],
       [80.],
       [80.],
       [80.],
       [80.],
       [80.],
       [80.],
       [80.],
       [80.],
       [80.],
       [80.],
       [80.],
       [80.],
       [80.],
       [80.],
       [80.],
       [80.],
       [80.],
       [80.],
       [80.],
       [80.],
       [80.],
       [80.],
       [80.],
       [80.],
       [80.],
       [80.],
       [80.],
       [80.],
       [80.],
       [80.],
       [80.],
       [80.],
       [80.],
       [80.],
       [80.],
       [80.],
       [80.],
       [80.],
       [80.]]), 'dt': 0.01, 'N': 400, 'l': 1e-05}","{'Q': 78.94736842105263, 'gbar': 13.68421052631579, 'T': 10000, 'supervisor': array([[-1.89214982e-17],
       [ 4.44288287e-04],
       [ 8.88576529e-04],
       ...,
       [-1.33286468e-03],
       [-8.88576529e-04],
       [-4.44288287e-04]]), 'BIAS': array([[80.],
       [80.],
       [80.],
       [80.],
       [80.],
       [80.],
       [80.],
       [80.],
       [80.],
       [80.],
       [80.],
       [80.],
       [80.],
       [80.],
       [80.],
       [80.],
       [80.],
       [80.],
       [80.],
       [80.],
       [80.],
       [80.],
       [80.],
       [80.],
       [80.],
       [80.],
       [80.],
       [80.],
       [80.],
       [80.],
       [80.],
       [80.],
       [80.],
       [80.],
       [80.],
       [80.],
       [80.],
       [80.],
       [80.],
       [80.],
       [80.],
       [80.],
       [80.],
       [80.],
       [80.],
       [80.],
       [80.],
       [80.],
       [80.],
       [80.],
       [80.],
       [80.],
       [80.],
       [80.],
       [80.],
       [80.],
       [80.],
       [80.],
       [80.],
       [80.],
       [80.],
       [80.],
       [80.],
       [80.],
       [80.],
       [80.],
       [80.],
       [80.],
       [80.],
       [80.],
       [80.],
       [80.],
       [80.],
       [80.],
       [80.],
       [80.],
       [80.],
       [80.],
       [80.],
       [80.],
       [80.],
       [80.],
       [80.],
       [80.],
       [80.],
       [80.],
       [80.],
       [80.],
       [80.],
       [80.],
       [80.],
       [80.],
       [80.],
       [80.],
       [80.],
       [80.],
       [80.],
       [80.],
       [80.],
       [80.],
       [80.],
       [80.],
       [80.],
       [80.],
       [80.],
       [80.],
       [80.],
       [80.],
       [80.],
       [80.],
       [80.],
       [80.],
       [80.],
       [80.],
       [80.],
       [80.],
       [80.],
       [80.],
       [80.],
       [80.],
       [80.],
       [80.],
       [80.],
       [80.],
       [80.],
       [80.],
       [80.],
       [80.],
       [80.],
       [80.],
       [80.],
       [80.],
       [80.],
       [80.],
       [80.],
       [80.],
       [80.],
       [80.],
       [80.],
       [80.],
       [80.],
       [80.],
       [80.],
       [80.],
       [80.],
       [80.],
       [80.],
       [80.],
       [80.],
       [80.],
       [80.],
       [80.],
       [80.],
       [80.],
       [80.],
       [80.],
       [80.],
       [80.],
       [80.],
       [80.],
       [80.],
       [80.],
       [80.],
       [80.],
       [80.],
       [80.],
       [80.],
       [80.],
       [80.],
       [80.],
       [80.],
       [80.],
       [80.],
       [80.],
       [80.],
       [80.],
       [80.],
       [80.],
       [80.],
       [80.],
       [80.],
       [80.],
       [80.],
       [80.],
       [80.],
       [80.],
       [80.],
       [80.],
       [80.],
       [80.],
       [80.],
       [80.],
       [80.],
       [80.],
       [80.],
       [80.],
       [80.],
       [80.],
       [80.],
       [80.],
       [80.],
       [80.],
       [80.],
       [80.],
       [80.],
       [80.],
       [80.],
       [80.],
       [80.],
       [80.],
       [80.],
       [80.],
       [80.],
       [80.],
       [80.],
       [80.],
       [80.],
       [80.],
       [80.],
       [80.],
       [80.],
       [80.],
       [80.],
       [80.],
       [80.],
       [80.],
       [80.],
       [80.],
       [80.],
       [80.],
       [80.],
       [80.],
       [80.],
       [80.],
       [80.],
       [80.],
       [80.],
       [80.],
       [80.],
       [80.],
       [80.],
       [80.],
       [80.],
       [80.],
       [80.],
       [80.],
       [80.],
       [80.],
       [80.],
       [80.],
       [80.],
       [80.],
       [80.],
       [80.],
       [80.],
       [80.],
       [80.],
       [80.],
       [80.],
       [80.],
       [80.],
       [80.],
       [80.],
       [80.],
       [80.],
       [80.],
       [80.],
       [80.],
       [80.],
       [80.],
       [80.],
       [80.],
       [80.],
       [80.],
       [80.],
       [80.],
       [80.],
       [80.],
       [80.],
       [80.],
       [80.],
       [80.],
       [80.],
       [80.],
       [80.],
       [80.],
       [80.],
       [80.],
       [80.],
       [80.],
       [80.],
       [80.],
       [80.],
       [80.],
       [80.],
       [80.],
       [80.],
       [80.],
       [80.],
       [80.],
       [80.],
       [80.],
       [80.],
       [80.],
       [80.],
       [80.],
       [80.],
       [80.],
       [80.],
       [80.],
       [80.],
       [80.],
       [80.],
       [80.],
       [80.],
       [80.],
       [80.],
       [80.],
       [80.],
       [80.],
       [80.],
       [80.],
       [80.],
       [80.],
       [80.],
       [80.],
       [80.],
       [80.],
       [80.],
       [80.],
       [80.],
       [80.],
       [80.],
       [80.],
       [80.],
       [80.],
       [80.],
       [80.],
       [80.],
       [80.],
       [80.],
       [80.],
       [80.],
       [80.],
       [80.],
       [80.],
       [80.],
       [80.],
       [80.],
       [80.],
       [80.],
       [80.],
       [80.],
       [80.],
       [80.],
       [80.],
       [80.],
       [80.],
       [80.],
       [80.],
       [80.],
       [80.],
       [80.],
       [80.],
       [80.],
       [80.],
       [80.],
       [80.],
       [80.],
       [80.],
       [80.],
       [80.],
       [80.],
       [80.],
       [80.],
       [80.],
       [80.],
       [80.],
       [80.],
       [80.],
       [80.],
       [80.],
       [80.],
       [80.],
       [80.],
       [80.],
       [80.],
       [80.],
       [80.],
       [80.],
       [80.],
       [80.],
       [80.],
       [80.],
       [80.],
       [80.],
       [80.],
       [80.],
       [80.],
       [80.]]), 'dt': 0.01, 'N': 400, 'l': 1e-05}","{'Q': 78.94736842105263, 'gbar': 14.736842105263158, 'T': 10000, 'supervisor': array([[-1.89214982e-17],
       [ 4.44288287e-04],
       [ 8.88576529e-04],
       ...,
       [-1.33286468e-03],
       [-8.88576529e-04],
       [-4.44288287e-04]]), 'BIAS': array([[80.],
       [80.],
       [80.],
       [80.],
       [80.],
       [80.],
       [80.],
       [80.],
       [80.],
       [80.],
       [80.],
       [80.],
       [80.],
       [80.],
       [80.],
       [80.],
       [80.],
       [80.],
       [80.],
       [80.],
       [80.],
       [80.],
       [80.],
       [80.],
       [80.],
       [80.],
       [80.],
       [80.],
       [80.],
       [80.],
       [80.],
       [80.],
       [80.],
       [80.],
       [80.],
       [80.],
       [80.],
       [80.],
       [80.],
       [80.],
       [80.],
       [80.],
       [80.],
       [80.],
       [80.],
       [80.],
       [80.],
       [80.],
       [80.],
       [80.],
       [80.],
       [80.],
       [80.],
       [80.],
       [80.],
       [80.],
       [80.],
       [80.],
       [80.],
       [80.],
       [80.],
       [80.],
       [80.],
       [80.],
       [80.],
       [80.],
       [80.],
       [80.],
       [80.],
       [80.],
       [80.],
       [80.],
       [80.],
       [80.],
       [80.],
       [80.],
       [80.],
       [80.],
       [80.],
       [80.],
       [80.],
       [80.],
       [80.],
       [80.],
       [80.],
       [80.],
       [80.],
       [80.],
       [80.],
       [80.],
       [80.],
       [80.],
       [80.],
       [80.],
       [80.],
       [80.],
       [80.],
       [80.],
       [80.],
       [80.],
       [80.],
       [80.],
       [80.],
       [80.],
       [80.],
       [80.],
       [80.],
       [80.],
       [80.],
       [80.],
       [80.],
       [80.],
       [80.],
       [80.],
       [80.],
       [80.],
       [80.],
       [80.],
       [80.],
       [80.],
       [80.],
       [80.],
       [80.],
       [80.],
       [80.],
       [80.],
       [80.],
       [80.],
       [80.],
       [80.],
       [80.],
       [80.],
       [80.],
       [80.],
       [80.],
       [80.],
       [80.],
       [80.],
       [80.],
       [80.],
       [80.],
       [80.],
       [80.],
       [80.],
       [80.],
       [80.],
       [80.],
       [80.],
       [80.],
       [80.],
       [80.],
       [80.],
       [80.],
       [80.],
       [80.],
       [80.],
       [80.],
       [80.],
       [80.],
       [80.],
       [80.],
       [80.],
       [80.],
       [80.],
       [80.],
       [80.],
       [80.],
       [80.],
       [80.],
       [80.],
       [80.],
       [80.],
       [80.],
       [80.],
       [80.],
       [80.],
       [80.],
       [80.],
       [80.],
       [80.],
       [80.],
       [80.],
       [80.],
       [80.],
       [80.],
       [80.],
       [80.],
       [80.],
       [80.],
       [80.],
       [80.],
       [80.],
       [80.],
       [80.],
       [80.],
       [80.],
       [80.],
       [80.],
       [80.],
       [80.],
       [80.],
       [80.],
       [80.],
       [80.],
       [80.],
       [80.],
       [80.],
       [80.],
       [80.],
       [80.],
       [80.],
       [80.],
       [80.],
       [80.],
       [80.],
       [80.],
       [80.],
       [80.],
       [80.],
       [80.],
       [80.],
       [80.],
       [80.],
       [80.],
       [80.],
       [80.],
       [80.],
       [80.],
       [80.],
       [80.],
       [80.],
       [80.],
       [80.],
       [80.],
       [80.],
       [80.],
       [80.],
       [80.],
       [80.],
       [80.],
       [80.],
       [80.],
       [80.],
       [80.],
       [80.],
       [80.],
       [80.],
       [80.],
       [80.],
       [80.],
       [80.],
       [80.],
       [80.],
       [80.],
       [80.],
       [80.],
       [80.],
       [80.],
       [80.],
       [80.],
       [80.],
       [80.],
       [80.],
       [80.],
       [80.],
       [80.],
       [80.],
       [80.],
       [80.],
       [80.],
       [80.],
       [80.],
       [80.],
       [80.],
       [80.],
       [80.],
       [80.],
       [80.],
       [80.],
       [80.],
       [80.],
       [80.],
       [80.],
       [80.],
       [80.],
       [80.],
       [80.],
       [80.],
       [80.],
       [80.],
       [80.],
       [80.],
       [80.],
       [80.],
       [80.],
       [80.],
       [80.],
       [80.],
       [80.],
       [80.],
       [80.],
       [80.],
       [80.],
       [80.],
       [80.],
       [80.],
       [80.],
       [80.],
       [80.],
       [80.],
       [80.],
       [80.],
       [80.],
       [80.],
       [80.],
       [80.],
       [80.],
       [80.],
       [80.],
       [80.],
       [80.],
       [80.],
       [80.],
       [80.],
       [80.],
       [80.],
       [80.],
       [80.],
       [80.],
       [80.],
       [80.],
       [80.],
       [80.],
       [80.],
       [80.],
       [80.],
       [80.],
       [80.],
       [80.],
       [80.],
       [80.],
       [80.],
       [80.],
       [80.],
       [80.],
       [80.],
       [80.],
       [80.],
       [80.],
       [80.],
       [80.],
       [80.],
       [80.],
       [80.],
       [80.],
       [80.],
       [80.],
       [80.],
       [80.],
       [80.],
       [80.],
       [80.],
       [80.],
       [80.],
       [80.],
       [80.],
       [80.],
       [80.],
       [80.],
       [80.],
       [80.],
       [80.],
       [80.],
       [80.],
       [80.],
       [80.],
       [80.],
       [80.],
       [80.],
       [80.],
       [80.],
       [80.],
       [80.],
       [80.],
       [80.],
       [80.],
       [80.],
       [80.],
       [80.],
       [80.],
       [80.],
       [80.],
       [80.],
       [80.],
       [80.],
       [80.],
       [80.],
       [80.],
       [80.],
       [80.]]), 'dt': 0.01, 'N': 400, 'l': 1e-05}","{'Q': 78.94736842105263, 'gbar': 15.789473684210526, 'T': 10000, 'supervisor': array([[-1.89214982e-17],
       [ 4.44288287e-04],
       [ 8.88576529e-04],
       ...,
       [-1.33286468e-03],
       [-8.88576529e-04],
       [-4.44288287e-04]]), 'BIAS': array([[80.],
       [80.],
       [80.],
       [80.],
       [80.],
       [80.],
       [80.],
       [80.],
       [80.],
       [80.],
       [80.],
       [80.],
       [80.],
       [80.],
       [80.],
       [80.],
       [80.],
       [80.],
       [80.],
       [80.],
       [80.],
       [80.],
       [80.],
       [80.],
       [80.],
       [80.],
       [80.],
       [80.],
       [80.],
       [80.],
       [80.],
       [80.],
       [80.],
       [80.],
       [80.],
       [80.],
       [80.],
       [80.],
       [80.],
       [80.],
       [80.],
       [80.],
       [80.],
       [80.],
       [80.],
       [80.],
       [80.],
       [80.],
       [80.],
       [80.],
       [80.],
       [80.],
       [80.],
       [80.],
       [80.],
       [80.],
       [80.],
       [80.],
       [80.],
       [80.],
       [80.],
       [80.],
       [80.],
       [80.],
       [80.],
       [80.],
       [80.],
       [80.],
       [80.],
       [80.],
       [80.],
       [80.],
       [80.],
       [80.],
       [80.],
       [80.],
       [80.],
       [80.],
       [80.],
       [80.],
       [80.],
       [80.],
       [80.],
       [80.],
       [80.],
       [80.],
       [80.],
       [80.],
       [80.],
       [80.],
       [80.],
       [80.],
       [80.],
       [80.],
       [80.],
       [80.],
       [80.],
       [80.],
       [80.],
       [80.],
       [80.],
       [80.],
       [80.],
       [80.],
       [80.],
       [80.],
       [80.],
       [80.],
       [80.],
       [80.],
       [80.],
       [80.],
       [80.],
       [80.],
       [80.],
       [80.],
       [80.],
       [80.],
       [80.],
       [80.],
       [80.],
       [80.],
       [80.],
       [80.],
       [80.],
       [80.],
       [80.],
       [80.],
       [80.],
       [80.],
       [80.],
       [80.],
       [80.],
       [80.],
       [80.],
       [80.],
       [80.],
       [80.],
       [80.],
       [80.],
       [80.],
       [80.],
       [80.],
       [80.],
       [80.],
       [80.],
       [80.],
       [80.],
       [80.],
       [80.],
       [80.],
       [80.],
       [80.],
       [80.],
       [80.],
       [80.],
       [80.],
       [80.],
       [80.],
       [80.],
       [80.],
       [80.],
       [80.],
       [80.],
       [80.],
       [80.],
       [80.],
       [80.],
       [80.],
       [80.],
       [80.],
       [80.],
       [80.],
       [80.],
       [80.],
       [80.],
       [80.],
       [80.],
       [80.],
       [80.],
       [80.],
       [80.],
       [80.],
       [80.],
       [80.],
       [80.],
       [80.],
       [80.],
       [80.],
       [80.],
       [80.],
       [80.],
       [80.],
       [80.],
       [80.],
       [80.],
       [80.],
       [80.],
       [80.],
       [80.],
       [80.],
       [80.],
       [80.],
       [80.],
       [80.],
       [80.],
       [80.],
       [80.],
       [80.],
       [80.],
       [80.],
       [80.],
       [80.],
       [80.],
       [80.],
       [80.],
       [80.],
       [80.],
       [80.],
       [80.],
       [80.],
       [80.],
       [80.],
       [80.],
       [80.],
       [80.],
       [80.],
       [80.],
       [80.],
       [80.],
       [80.],
       [80.],
       [80.],
       [80.],
       [80.],
       [80.],
       [80.],
       [80.],
       [80.],
       [80.],
       [80.],
       [80.],
       [80.],
       [80.],
       [80.],
       [80.],
       [80.],
       [80.],
       [80.],
       [80.],
       [80.],
       [80.],
       [80.],
       [80.],
       [80.],
       [80.],
       [80.],
       [80.],
       [80.],
       [80.],
       [80.],
       [80.],
       [80.],
       [80.],
       [80.],
       [80.],
       [80.],
       [80.],
       [80.],
       [80.],
       [80.],
       [80.],
       [80.],
       [80.],
       [80.],
       [80.],
       [80.],
       [80.],
       [80.],
       [80.],
       [80.],
       [80.],
       [80.],
       [80.],
       [80.],
       [80.],
       [80.],
       [80.],
       [80.],
       [80.],
       [80.],
       [80.],
       [80.],
       [80.],
       [80.],
       [80.],
       [80.],
       [80.],
       [80.],
       [80.],
       [80.],
       [80.],
       [80.],
       [80.],
       [80.],
       [80.],
       [80.],
       [80.],
       [80.],
       [80.],
       [80.],
       [80.],
       [80.],
       [80.],
       [80.],
       [80.],
       [80.],
       [80.],
       [80.],
       [80.],
       [80.],
       [80.],
       [80.],
       [80.],
       [80.],
       [80.],
       [80.],
       [80.],
       [80.],
       [80.],
       [80.],
       [80.],
       [80.],
       [80.],
       [80.],
       [80.],
       [80.],
       [80.],
       [80.],
       [80.],
       [80.],
       [80.],
       [80.],
       [80.],
       [80.],
       [80.],
       [80.],
       [80.],
       [80.],
       [80.],
       [80.],
       [80.],
       [80.],
       [80.],
       [80.],
       [80.],
       [80.],
       [80.],
       [80.],
       [80.],
       [80.],
       [80.],
       [80.],
       [80.],
       [80.],
       [80.],
       [80.],
       [80.],
       [80.],
       [80.],
       [80.],
       [80.],
       [80.],
       [80.],
       [80.],
       [80.],
       [80.],
       [80.],
       [80.],
       [80.],
       [80.],
       [80.],
       [80.],
       [80.],
       [80.],
       [80.],
       [80.],
       [80.],
       [80.],
       [80.],
       [80.],
       [80.],
       [80.],
       [80.],
       [80.],
       [80.],
       [80.],
       [80.],
       [80.],
       [80.]]), 'dt': 0.01, 'N': 400, 'l': 1e-05}","{'Q': 78.94736842105263, 'gbar': 16.842105263157894, 'T': 10000, 'supervisor': array([[-1.89214982e-17],
       [ 4.44288287e-04],
       [ 8.88576529e-04],
       ...,
       [-1.33286468e-03],
       [-8.88576529e-04],
       [-4.44288287e-04]]), 'BIAS': array([[80.],
       [80.],
       [80.],
       [80.],
       [80.],
       [80.],
       [80.],
       [80.],
       [80.],
       [80.],
       [80.],
       [80.],
       [80.],
       [80.],
       [80.],
       [80.],
       [80.],
       [80.],
       [80.],
       [80.],
       [80.],
       [80.],
       [80.],
       [80.],
       [80.],
       [80.],
       [80.],
       [80.],
       [80.],
       [80.],
       [80.],
       [80.],
       [80.],
       [80.],
       [80.],
       [80.],
       [80.],
       [80.],
       [80.],
       [80.],
       [80.],
       [80.],
       [80.],
       [80.],
       [80.],
       [80.],
       [80.],
       [80.],
       [80.],
       [80.],
       [80.],
       [80.],
       [80.],
       [80.],
       [80.],
       [80.],
       [80.],
       [80.],
       [80.],
       [80.],
       [80.],
       [80.],
       [80.],
       [80.],
       [80.],
       [80.],
       [80.],
       [80.],
       [80.],
       [80.],
       [80.],
       [80.],
       [80.],
       [80.],
       [80.],
       [80.],
       [80.],
       [80.],
       [80.],
       [80.],
       [80.],
       [80.],
       [80.],
       [80.],
       [80.],
       [80.],
       [80.],
       [80.],
       [80.],
       [80.],
       [80.],
       [80.],
       [80.],
       [80.],
       [80.],
       [80.],
       [80.],
       [80.],
       [80.],
       [80.],
       [80.],
       [80.],
       [80.],
       [80.],
       [80.],
       [80.],
       [80.],
       [80.],
       [80.],
       [80.],
       [80.],
       [80.],
       [80.],
       [80.],
       [80.],
       [80.],
       [80.],
       [80.],
       [80.],
       [80.],
       [80.],
       [80.],
       [80.],
       [80.],
       [80.],
       [80.],
       [80.],
       [80.],
       [80.],
       [80.],
       [80.],
       [80.],
       [80.],
       [80.],
       [80.],
       [80.],
       [80.],
       [80.],
       [80.],
       [80.],
       [80.],
       [80.],
       [80.],
       [80.],
       [80.],
       [80.],
       [80.],
       [80.],
       [80.],
       [80.],
       [80.],
       [80.],
       [80.],
       [80.],
       [80.],
       [80.],
       [80.],
       [80.],
       [80.],
       [80.],
       [80.],
       [80.],
       [80.],
       [80.],
       [80.],
       [80.],
       [80.],
       [80.],
       [80.],
       [80.],
       [80.],
       [80.],
       [80.],
       [80.],
       [80.],
       [80.],
       [80.],
       [80.],
       [80.],
       [80.],
       [80.],
       [80.],
       [80.],
       [80.],
       [80.],
       [80.],
       [80.],
       [80.],
       [80.],
       [80.],
       [80.],
       [80.],
       [80.],
       [80.],
       [80.],
       [80.],
       [80.],
       [80.],
       [80.],
       [80.],
       [80.],
       [80.],
       [80.],
       [80.],
       [80.],
       [80.],
       [80.],
       [80.],
       [80.],
       [80.],
       [80.],
       [80.],
       [80.],
       [80.],
       [80.],
       [80.],
       [80.],
       [80.],
       [80.],
       [80.],
       [80.],
       [80.],
       [80.],
       [80.],
       [80.],
       [80.],
       [80.],
       [80.],
       [80.],
       [80.],
       [80.],
       [80.],
       [80.],
       [80.],
       [80.],
       [80.],
       [80.],
       [80.],
       [80.],
       [80.],
       [80.],
       [80.],
       [80.],
       [80.],
       [80.],
       [80.],
       [80.],
       [80.],
       [80.],
       [80.],
       [80.],
       [80.],
       [80.],
       [80.],
       [80.],
       [80.],
       [80.],
       [80.],
       [80.],
       [80.],
       [80.],
       [80.],
       [80.],
       [80.],
       [80.],
       [80.],
       [80.],
       [80.],
       [80.],
       [80.],
       [80.],
       [80.],
       [80.],
       [80.],
       [80.],
       [80.],
       [80.],
       [80.],
       [80.],
       [80.],
       [80.],
       [80.],
       [80.],
       [80.],
       [80.],
       [80.],
       [80.],
       [80.],
       [80.],
       [80.],
       [80.],
       [80.],
       [80.],
       [80.],
       [80.],
       [80.],
       [80.],
       [80.],
       [80.],
       [80.],
       [80.],
       [80.],
       [80.],
       [80.],
       [80.],
       [80.],
       [80.],
       [80.],
       [80.],
       [80.],
       [80.],
       [80.],
       [80.],
       [80.],
       [80.],
       [80.],
       [80.],
       [80.],
       [80.],
       [80.],
       [80.],
       [80.],
       [80.],
       [80.],
       [80.],
       [80.],
       [80.],
       [80.],
       [80.],
       [80.],
       [80.],
       [80.],
       [80.],
       [80.],
       [80.],
       [80.],
       [80.],
       [80.],
       [80.],
       [80.],
       [80.],
       [80.],
       [80.],
       [80.],
       [80.],
       [80.],
       [80.],
       [80.],
       [80.],
       [80.],
       [80.],
       [80.],
       [80.],
       [80.],
       [80.],
       [80.],
       [80.],
       [80.],
       [80.],
       [80.],
       [80.],
       [80.],
       [80.],
       [80.],
       [80.],
       [80.],
       [80.],
       [80.],
       [80.],
       [80.],
       [80.],
       [80.],
       [80.],
       [80.],
       [80.],
       [80.],
       [80.],
       [80.],
       [80.],
       [80.],
       [80.],
       [80.],
       [80.],
       [80.],
       [80.],
       [80.],
       [80.],
       [80.],
       [80.],
       [80.],
       [80.],
       [80.],
       [80.],
       [80.],
       [80.],
       [80.],
       [80.],
       [80.],
       [80.],
       [80.]]), 'dt': 0.01, 'N': 400, 'l': 1e-05}","{'Q': 78.94736842105263, 'gbar': 17.894736842105264, 'T': 10000, 'supervisor': array([[-1.89214982e-17],
       [ 4.44288287e-04],
       [ 8.88576529e-04],
       ...,
       [-1.33286468e-03],
       [-8.88576529e-04],
       [-4.44288287e-04]]), 'BIAS': array([[80.],
       [80.],
       [80.],
       [80.],
       [80.],
       [80.],
       [80.],
       [80.],
       [80.],
       [80.],
       [80.],
       [80.],
       [80.],
       [80.],
       [80.],
       [80.],
       [80.],
       [80.],
       [80.],
       [80.],
       [80.],
       [80.],
       [80.],
       [80.],
       [80.],
       [80.],
       [80.],
       [80.],
       [80.],
       [80.],
       [80.],
       [80.],
       [80.],
       [80.],
       [80.],
       [80.],
       [80.],
       [80.],
       [80.],
       [80.],
       [80.],
       [80.],
       [80.],
       [80.],
       [80.],
       [80.],
       [80.],
       [80.],
       [80.],
       [80.],
       [80.],
       [80.],
       [80.],
       [80.],
       [80.],
       [80.],
       [80.],
       [80.],
       [80.],
       [80.],
       [80.],
       [80.],
       [80.],
       [80.],
       [80.],
       [80.],
       [80.],
       [80.],
       [80.],
       [80.],
       [80.],
       [80.],
       [80.],
       [80.],
       [80.],
       [80.],
       [80.],
       [80.],
       [80.],
       [80.],
       [80.],
       [80.],
       [80.],
       [80.],
       [80.],
       [80.],
       [80.],
       [80.],
       [80.],
       [80.],
       [80.],
       [80.],
       [80.],
       [80.],
       [80.],
       [80.],
       [80.],
       [80.],
       [80.],
       [80.],
       [80.],
       [80.],
       [80.],
       [80.],
       [80.],
       [80.],
       [80.],
       [80.],
       [80.],
       [80.],
       [80.],
       [80.],
       [80.],
       [80.],
       [80.],
       [80.],
       [80.],
       [80.],
       [80.],
       [80.],
       [80.],
       [80.],
       [80.],
       [80.],
       [80.],
       [80.],
       [80.],
       [80.],
       [80.],
       [80.],
       [80.],
       [80.],
       [80.],
       [80.],
       [80.],
       [80.],
       [80.],
       [80.],
       [80.],
       [80.],
       [80.],
       [80.],
       [80.],
       [80.],
       [80.],
       [80.],
       [80.],
       [80.],
       [80.],
       [80.],
       [80.],
       [80.],
       [80.],
       [80.],
       [80.],
       [80.],
       [80.],
       [80.],
       [80.],
       [80.],
       [80.],
       [80.],
       [80.],
       [80.],
       [80.],
       [80.],
       [80.],
       [80.],
       [80.],
       [80.],
       [80.],
       [80.],
       [80.],
       [80.],
       [80.],
       [80.],
       [80.],
       [80.],
       [80.],
       [80.],
       [80.],
       [80.],
       [80.],
       [80.],
       [80.],
       [80.],
       [80.],
       [80.],
       [80.],
       [80.],
       [80.],
       [80.],
       [80.],
       [80.],
       [80.],
       [80.],
       [80.],
       [80.],
       [80.],
       [80.],
       [80.],
       [80.],
       [80.],
       [80.],
       [80.],
       [80.],
       [80.],
       [80.],
       [80.],
       [80.],
       [80.],
       [80.],
       [80.],
       [80.],
       [80.],
       [80.],
       [80.],
       [80.],
       [80.],
       [80.],
       [80.],
       [80.],
       [80.],
       [80.],
       [80.],
       [80.],
       [80.],
       [80.],
       [80.],
       [80.],
       [80.],
       [80.],
       [80.],
       [80.],
       [80.],
       [80.],
       [80.],
       [80.],
       [80.],
       [80.],
       [80.],
       [80.],
       [80.],
       [80.],
       [80.],
       [80.],
       [80.],
       [80.],
       [80.],
       [80.],
       [80.],
       [80.],
       [80.],
       [80.],
       [80.],
       [80.],
       [80.],
       [80.],
       [80.],
       [80.],
       [80.],
       [80.],
       [80.],
       [80.],
       [80.],
       [80.],
       [80.],
       [80.],
       [80.],
       [80.],
       [80.],
       [80.],
       [80.],
       [80.],
       [80.],
       [80.],
       [80.],
       [80.],
       [80.],
       [80.],
       [80.],
       [80.],
       [80.],
       [80.],
       [80.],
       [80.],
       [80.],
       [80.],
       [80.],
       [80.],
       [80.],
       [80.],
       [80.],
       [80.],
       [80.],
       [80.],
       [80.],
       [80.],
       [80.],
       [80.],
       [80.],
       [80.],
       [80.],
       [80.],
       [80.],
       [80.],
       [80.],
       [80.],
       [80.],
       [80.],
       [80.],
       [80.],
       [80.],
       [80.],
       [80.],
       [80.],
       [80.],
       [80.],
       [80.],
       [80.],
       [80.],
       [80.],
       [80.],
       [80.],
       [80.],
       [80.],
       [80.],
       [80.],
       [80.],
       [80.],
       [80.],
       [80.],
       [80.],
       [80.],
       [80.],
       [80.],
       [80.],
       [80.],
       [80.],
       [80.],
       [80.],
       [80.],
       [80.],
       [80.],
       [80.],
       [80.],
       [80.],
       [80.],
       [80.],
       [80.],
       [80.],
       [80.],
       [80.],
       [80.],
       [80.],
       [80.],
       [80.],
       [80.],
       [80.],
       [80.],
       [80.],
       [80.],
       [80.],
       [80.],
       [80.],
       [80.],
       [80.],
       [80.],
       [80.],
       [80.],
       [80.],
       [80.],
       [80.],
       [80.],
       [80.],
       [80.],
       [80.],
       [80.],
       [80.],
       [80.],
       [80.],
       [80.],
       [80.],
       [80.],
       [80.],
       [80.],
       [80.],
       [80.],
       [80.],
       [80.],
       [80.],
       [80.],
       [80.],
       [80.],
       [80.],
       [80.],
       [80.],
       [80.],
       [80.],
       [80.]]), 'dt': 0.01, 'N': 400, 'l': 1e-05}","{'Q': 78.94736842105263, 'gbar': 18.94736842105263, 'T': 10000, 'supervisor': array([[-1.89214982e-17],
       [ 4.44288287e-04],
       [ 8.88576529e-04],
       ...,
       [-1.33286468e-03],
       [-8.88576529e-04],
       [-4.44288287e-04]]), 'BIAS': array([[80.],
       [80.],
       [80.],
       [80.],
       [80.],
       [80.],
       [80.],
       [80.],
       [80.],
       [80.],
       [80.],
       [80.],
       [80.],
       [80.],
       [80.],
       [80.],
       [80.],
       [80.],
       [80.],
       [80.],
       [80.],
       [80.],
       [80.],
       [80.],
       [80.],
       [80.],
       [80.],
       [80.],
       [80.],
       [80.],
       [80.],
       [80.],
       [80.],
       [80.],
       [80.],
       [80.],
       [80.],
       [80.],
       [80.],
       [80.],
       [80.],
       [80.],
       [80.],
       [80.],
       [80.],
       [80.],
       [80.],
       [80.],
       [80.],
       [80.],
       [80.],
       [80.],
       [80.],
       [80.],
       [80.],
       [80.],
       [80.],
       [80.],
       [80.],
       [80.],
       [80.],
       [80.],
       [80.],
       [80.],
       [80.],
       [80.],
       [80.],
       [80.],
       [80.],
       [80.],
       [80.],
       [80.],
       [80.],
       [80.],
       [80.],
       [80.],
       [80.],
       [80.],
       [80.],
       [80.],
       [80.],
       [80.],
       [80.],
       [80.],
       [80.],
       [80.],
       [80.],
       [80.],
       [80.],
       [80.],
       [80.],
       [80.],
       [80.],
       [80.],
       [80.],
       [80.],
       [80.],
       [80.],
       [80.],
       [80.],
       [80.],
       [80.],
       [80.],
       [80.],
       [80.],
       [80.],
       [80.],
       [80.],
       [80.],
       [80.],
       [80.],
       [80.],
       [80.],
       [80.],
       [80.],
       [80.],
       [80.],
       [80.],
       [80.],
       [80.],
       [80.],
       [80.],
       [80.],
       [80.],
       [80.],
       [80.],
       [80.],
       [80.],
       [80.],
       [80.],
       [80.],
       [80.],
       [80.],
       [80.],
       [80.],
       [80.],
       [80.],
       [80.],
       [80.],
       [80.],
       [80.],
       [80.],
       [80.],
       [80.],
       [80.],
       [80.],
       [80.],
       [80.],
       [80.],
       [80.],
       [80.],
       [80.],
       [80.],
       [80.],
       [80.],
       [80.],
       [80.],
       [80.],
       [80.],
       [80.],
       [80.],
       [80.],
       [80.],
       [80.],
       [80.],
       [80.],
       [80.],
       [80.],
       [80.],
       [80.],
       [80.],
       [80.],
       [80.],
       [80.],
       [80.],
       [80.],
       [80.],
       [80.],
       [80.],
       [80.],
       [80.],
       [80.],
       [80.],
       [80.],
       [80.],
       [80.],
       [80.],
       [80.],
       [80.],
       [80.],
       [80.],
       [80.],
       [80.],
       [80.],
       [80.],
       [80.],
       [80.],
       [80.],
       [80.],
       [80.],
       [80.],
       [80.],
       [80.],
       [80.],
       [80.],
       [80.],
       [80.],
       [80.],
       [80.],
       [80.],
       [80.],
       [80.],
       [80.],
       [80.],
       [80.],
       [80.],
       [80.],
       [80.],
       [80.],
       [80.],
       [80.],
       [80.],
       [80.],
       [80.],
       [80.],
       [80.],
       [80.],
       [80.],
       [80.],
       [80.],
       [80.],
       [80.],
       [80.],
       [80.],
       [80.],
       [80.],
       [80.],
       [80.],
       [80.],
       [80.],
       [80.],
       [80.],
       [80.],
       [80.],
       [80.],
       [80.],
       [80.],
       [80.],
       [80.],
       [80.],
       [80.],
       [80.],
       [80.],
       [80.],
       [80.],
       [80.],
       [80.],
       [80.],
       [80.],
       [80.],
       [80.],
       [80.],
       [80.],
       [80.],
       [80.],
       [80.],
       [80.],
       [80.],
       [80.],
       [80.],
       [80.],
       [80.],
       [80.],
       [80.],
       [80.],
       [80.],
       [80.],
       [80.],
       [80.],
       [80.],
       [80.],
       [80.],
       [80.],
       [80.],
       [80.],
       [80.],
       [80.],
       [80.],
       [80.],
       [80.],
       [80.],
       [80.],
       [80.],
       [80.],
       [80.],
       [80.],
       [80.],
       [80.],
       [80.],
       [80.],
       [80.],
       [80.],
       [80.],
       [80.],
       [80.],
       [80.],
       [80.],
       [80.],
       [80.],
       [80.],
       [80.],
       [80.],
       [80.],
       [80.],
       [80.],
       [80.],
       [80.],
       [80.],
       [80.],
       [80.],
       [80.],
       [80.],
       [80.],
       [80.],
       [80.],
       [80.],
       [80.],
       [80.],
       [80.],
       [80.],
       [80.],
       [80.],
       [80.],
       [80.],
       [80.],
       [80.],
       [80.],
       [80.],
       [80.],
       [80.],
       [80.],
       [80.],
       [80.],
       [80.],
       [80.],
       [80.],
       [80.],
       [80.],
       [80.],
       [80.],
       [80.],
       [80.],
       [80.],
       [80.],
       [80.],
       [80.],
       [80.],
       [80.],
       [80.],
       [80.],
       [80.],
       [80.],
       [80.],
       [80.],
       [80.],
       [80.],
       [80.],
       [80.],
       [80.],
       [80.],
       [80.],
       [80.],
       [80.],
       [80.],
       [80.],
       [80.],
       [80.],
       [80.],
       [80.],
       [80.],
       [80.],
       [80.],
       [80.],
       [80.],
       [80.],
       [80.],
       [80.],
       [80.],
       [80.],
       [80.],
       [80.],
       [80.],
       [80.],
       [80.],
       [80.],
       [80.],
       [80.],
       [80.],
       [80.],
       [80.]]), 'dt': 0.01, 'N': 400, 'l': 1e-05}","{'Q': 78.94736842105263, 'gbar': 20.0, 'T': 10000, 'supervisor': array([[-1.89214982e-17],
       [ 4.44288287e-04],
       [ 8.88576529e-04],
       ...,
       [-1.33286468e-03],
       [-8.88576529e-04],
       [-4.44288287e-04]]), 'BIAS': array([[80.],
       [80.],
       [80.],
       [80.],
       [80.],
       [80.],
       [80.],
       [80.],
       [80.],
       [80.],
       [80.],
       [80.],
       [80.],
       [80.],
       [80.],
       [80.],
       [80.],
       [80.],
       [80.],
       [80.],
       [80.],
       [80.],
       [80.],
       [80.],
       [80.],
       [80.],
       [80.],
       [80.],
       [80.],
       [80.],
       [80.],
       [80.],
       [80.],
       [80.],
       [80.],
       [80.],
       [80.],
       [80.],
       [80.],
       [80.],
       [80.],
       [80.],
       [80.],
       [80.],
       [80.],
       [80.],
       [80.],
       [80.],
       [80.],
       [80.],
       [80.],
       [80.],
       [80.],
       [80.],
       [80.],
       [80.],
       [80.],
       [80.],
       [80.],
       [80.],
       [80.],
       [80.],
       [80.],
       [80.],
       [80.],
       [80.],
       [80.],
       [80.],
       [80.],
       [80.],
       [80.],
       [80.],
       [80.],
       [80.],
       [80.],
       [80.],
       [80.],
       [80.],
       [80.],
       [80.],
       [80.],
       [80.],
       [80.],
       [80.],
       [80.],
       [80.],
       [80.],
       [80.],
       [80.],
       [80.],
       [80.],
       [80.],
       [80.],
       [80.],
       [80.],
       [80.],
       [80.],
       [80.],
       [80.],
       [80.],
       [80.],
       [80.],
       [80.],
       [80.],
       [80.],
       [80.],
       [80.],
       [80.],
       [80.],
       [80.],
       [80.],
       [80.],
       [80.],
       [80.],
       [80.],
       [80.],
       [80.],
       [80.],
       [80.],
       [80.],
       [80.],
       [80.],
       [80.],
       [80.],
       [80.],
       [80.],
       [80.],
       [80.],
       [80.],
       [80.],
       [80.],
       [80.],
       [80.],
       [80.],
       [80.],
       [80.],
       [80.],
       [80.],
       [80.],
       [80.],
       [80.],
       [80.],
       [80.],
       [80.],
       [80.],
       [80.],
       [80.],
       [80.],
       [80.],
       [80.],
       [80.],
       [80.],
       [80.],
       [80.],
       [80.],
       [80.],
       [80.],
       [80.],
       [80.],
       [80.],
       [80.],
       [80.],
       [80.],
       [80.],
       [80.],
       [80.],
       [80.],
       [80.],
       [80.],
       [80.],
       [80.],
       [80.],
       [80.],
       [80.],
       [80.],
       [80.],
       [80.],
       [80.],
       [80.],
       [80.],
       [80.],
       [80.],
       [80.],
       [80.],
       [80.],
       [80.],
       [80.],
       [80.],
       [80.],
       [80.],
       [80.],
       [80.],
       [80.],
       [80.],
       [80.],
       [80.],
       [80.],
       [80.],
       [80.],
       [80.],
       [80.],
       [80.],
       [80.],
       [80.],
       [80.],
       [80.],
       [80.],
       [80.],
       [80.],
       [80.],
       [80.],
       [80.],
       [80.],
       [80.],
       [80.],
       [80.],
       [80.],
       [80.],
       [80.],
       [80.],
       [80.],
       [80.],
       [80.],
       [80.],
       [80.],
       [80.],
       [80.],
       [80.],
       [80.],
       [80.],
       [80.],
       [80.],
       [80.],
       [80.],
       [80.],
       [80.],
       [80.],
       [80.],
       [80.],
       [80.],
       [80.],
       [80.],
       [80.],
       [80.],
       [80.],
       [80.],
       [80.],
       [80.],
       [80.],
       [80.],
       [80.],
       [80.],
       [80.],
       [80.],
       [80.],
       [80.],
       [80.],
       [80.],
       [80.],
       [80.],
       [80.],
       [80.],
       [80.],
       [80.],
       [80.],
       [80.],
       [80.],
       [80.],
       [80.],
       [80.],
       [80.],
       [80.],
       [80.],
       [80.],
       [80.],
       [80.],
       [80.],
       [80.],
       [80.],
       [80.],
       [80.],
       [80.],
       [80.],
       [80.],
       [80.],
       [80.],
       [80.],
       [80.],
       [80.],
       [80.],
       [80.],
       [80.],
       [80.],
       [80.],
       [80.],
       [80.],
       [80.],
       [80.],
       [80.],
       [80.],
       [80.],
       [80.],
       [80.],
       [80.],
       [80.],
       [80.],
       [80.],
       [80.],
       [80.],
       [80.],
       [80.],
       [80.],
       [80.],
       [80.],
       [80.],
       [80.],
       [80.],
       [80.],
       [80.],
       [80.],
       [80.],
       [80.],
       [80.],
       [80.],
       [80.],
       [80.],
       [80.],
       [80.],
       [80.],
       [80.],
       [80.],
       [80.],
       [80.],
       [80.],
       [80.],
       [80.],
       [80.],
       [80.],
       [80.],
       [80.],
       [80.],
       [80.],
       [80.],
       [80.],
       [80.],
       [80.],
       [80.],
       [80.],
       [80.],
       [80.],
       [80.],
       [80.],
       [80.],
       [80.],
       [80.],
       [80.],
       [80.],
       [80.],
       [80.],
       [80.],
       [80.],
       [80.],
       [80.],
       [80.],
       [80.],
       [80.],
       [80.],
       [80.],
       [80.],
       [80.],
       [80.],
       [80.],
       [80.],
       [80.],
       [80.],
       [80.],
       [80.],
       [80.],
       [80.],
       [80.],
       [80.],
       [80.],
       [80.],
       [80.],
       [80.],
       [80.],
       [80.],
       [80.],
       [80.],
       [80.],
       [80.],
       [80.],
       [80.],
       [80.],
       [80.],
       [80.],
       [80.],
       [80.],
       [80.],
       [80.]]), 'dt': 0.01, 'N': 400, 'l': 1e-05}"
"{'Q': 105.26315789473684, 'gbar': 0.0, 'T': 10000, 'supervisor': array([[-1.89214982e-17],
       [ 4.44288287e-04],
       [ 8.88576529e-04],
       ...,
       [-1.33286468e-03],
       [-8.88576529e-04],
       [-4.44288287e-04]]), 'BIAS': array([[80.],
       [80.],
       [80.],
       [80.],
       [80.],
       [80.],
       [80.],
       [80.],
       [80.],
       [80.],
       [80.],
       [80.],
       [80.],
       [80.],
       [80.],
       [80.],
       [80.],
       [80.],
       [80.],
       [80.],
       [80.],
       [80.],
       [80.],
       [80.],
       [80.],
       [80.],
       [80.],
       [80.],
       [80.],
       [80.],
       [80.],
       [80.],
       [80.],
       [80.],
       [80.],
       [80.],
       [80.],
       [80.],
       [80.],
       [80.],
       [80.],
       [80.],
       [80.],
       [80.],
       [80.],
       [80.],
       [80.],
       [80.],
       [80.],
       [80.],
       [80.],
       [80.],
       [80.],
       [80.],
       [80.],
       [80.],
       [80.],
       [80.],
       [80.],
       [80.],
       [80.],
       [80.],
       [80.],
       [80.],
       [80.],
       [80.],
       [80.],
       [80.],
       [80.],
       [80.],
       [80.],
       [80.],
       [80.],
       [80.],
       [80.],
       [80.],
       [80.],
       [80.],
       [80.],
       [80.],
       [80.],
       [80.],
       [80.],
       [80.],
       [80.],
       [80.],
       [80.],
       [80.],
       [80.],
       [80.],
       [80.],
       [80.],
       [80.],
       [80.],
       [80.],
       [80.],
       [80.],
       [80.],
       [80.],
       [80.],
       [80.],
       [80.],
       [80.],
       [80.],
       [80.],
       [80.],
       [80.],
       [80.],
       [80.],
       [80.],
       [80.],
       [80.],
       [80.],
       [80.],
       [80.],
       [80.],
       [80.],
       [80.],
       [80.],
       [80.],
       [80.],
       [80.],
       [80.],
       [80.],
       [80.],
       [80.],
       [80.],
       [80.],
       [80.],
       [80.],
       [80.],
       [80.],
       [80.],
       [80.],
       [80.],
       [80.],
       [80.],
       [80.],
       [80.],
       [80.],
       [80.],
       [80.],
       [80.],
       [80.],
       [80.],
       [80.],
       [80.],
       [80.],
       [80.],
       [80.],
       [80.],
       [80.],
       [80.],
       [80.],
       [80.],
       [80.],
       [80.],
       [80.],
       [80.],
       [80.],
       [80.],
       [80.],
       [80.],
       [80.],
       [80.],
       [80.],
       [80.],
       [80.],
       [80.],
       [80.],
       [80.],
       [80.],
       [80.],
       [80.],
       [80.],
       [80.],
       [80.],
       [80.],
       [80.],
       [80.],
       [80.],
       [80.],
       [80.],
       [80.],
       [80.],
       [80.],
       [80.],
       [80.],
       [80.],
       [80.],
       [80.],
       [80.],
       [80.],
       [80.],
       [80.],
       [80.],
       [80.],
       [80.],
       [80.],
       [80.],
       [80.],
       [80.],
       [80.],
       [80.],
       [80.],
       [80.],
       [80.],
       [80.],
       [80.],
       [80.],
       [80.],
       [80.],
       [80.],
       [80.],
       [80.],
       [80.],
       [80.],
       [80.],
       [80.],
       [80.],
       [80.],
       [80.],
       [80.],
       [80.],
       [80.],
       [80.],
       [80.],
       [80.],
       [80.],
       [80.],
       [80.],
       [80.],
       [80.],
       [80.],
       [80.],
       [80.],
       [80.],
       [80.],
       [80.],
       [80.],
       [80.],
       [80.],
       [80.],
       [80.],
       [80.],
       [80.],
       [80.],
       [80.],
       [80.],
       [80.],
       [80.],
       [80.],
       [80.],
       [80.],
       [80.],
       [80.],
       [80.],
       [80.],
       [80.],
       [80.],
       [80.],
       [80.],
       [80.],
       [80.],
       [80.],
       [80.],
       [80.],
       [80.],
       [80.],
       [80.],
       [80.],
       [80.],
       [80.],
       [80.],
       [80.],
       [80.],
       [80.],
       [80.],
       [80.],
       [80.],
       [80.],
       [80.],
       [80.],
       [80.],
       [80.],
       [80.],
       [80.],
       [80.],
       [80.],
       [80.],
       [80.],
       [80.],
       [80.],
       [80.],
       [80.],
       [80.],
       [80.],
       [80.],
       [80.],
       [80.],
       [80.],
       [80.],
       [80.],
       [80.],
       [80.],
       [80.],
       [80.],
       [80.],
       [80.],
       [80.],
       [80.],
       [80.],
       [80.],
       [80.],
       [80.],
       [80.],
       [80.],
       [80.],
       [80.],
       [80.],
       [80.],
       [80.],
       [80.],
       [80.],
       [80.],
       [80.],
       [80.],
       [80.],
       [80.],
       [80.],
       [80.],
       [80.],
       [80.],
       [80.],
       [80.],
       [80.],
       [80.],
       [80.],
       [80.],
       [80.],
       [80.],
       [80.],
       [80.],
       [80.],
       [80.],
       [80.],
       [80.],
       [80.],
       [80.],
       [80.],
       [80.],
       [80.],
       [80.],
       [80.],
       [80.],
       [80.],
       [80.],
       [80.],
       [80.],
       [80.],
       [80.],
       [80.],
       [80.],
       [80.],
       [80.],
       [80.],
       [80.],
       [80.],
       [80.],
       [80.],
       [80.],
       [80.],
       [80.],
       [80.],
       [80.],
       [80.],
       [80.],
       [80.],
       [80.],
       [80.],
       [80.],
       [80.],
       [80.],
       [80.],
       [80.],
       [80.],
       [80.],
       [80.],
       [80.],
       [80.],
       [80.],
       [80.],
       [80.],
       [80.],
       [80.],
       [80.],
       [80.],
       [80.],
       [80.],
       [80.]]), 'dt': 0.01, 'N': 400, 'l': 1e-05}","{'Q': 105.26315789473684, 'gbar': 1.0526315789473684, 'T': 10000, 'supervisor': array([[-1.89214982e-17],
       [ 4.44288287e-04],
       [ 8.88576529e-04],
       ...,
       [-1.33286468e-03],
       [-8.88576529e-04],
       [-4.44288287e-04]]), 'BIAS': array([[80.],
       [80.],
       [80.],
       [80.],
       [80.],
       [80.],
       [80.],
       [80.],
       [80.],
       [80.],
       [80.],
       [80.],
       [80.],
       [80.],
       [80.],
       [80.],
       [80.],
       [80.],
       [80.],
       [80.],
       [80.],
       [80.],
       [80.],
       [80.],
       [80.],
       [80.],
       [80.],
       [80.],
       [80.],
       [80.],
       [80.],
       [80.],
       [80.],
       [80.],
       [80.],
       [80.],
       [80.],
       [80.],
       [80.],
       [80.],
       [80.],
       [80.],
       [80.],
       [80.],
       [80.],
       [80.],
       [80.],
       [80.],
       [80.],
       [80.],
       [80.],
       [80.],
       [80.],
       [80.],
       [80.],
       [80.],
       [80.],
       [80.],
       [80.],
       [80.],
       [80.],
       [80.],
       [80.],
       [80.],
       [80.],
       [80.],
       [80.],
       [80.],
       [80.],
       [80.],
       [80.],
       [80.],
       [80.],
       [80.],
       [80.],
       [80.],
       [80.],
       [80.],
       [80.],
       [80.],
       [80.],
       [80.],
       [80.],
       [80.],
       [80.],
       [80.],
       [80.],
       [80.],
       [80.],
       [80.],
       [80.],
       [80.],
       [80.],
       [80.],
       [80.],
       [80.],
       [80.],
       [80.],
       [80.],
       [80.],
       [80.],
       [80.],
       [80.],
       [80.],
       [80.],
       [80.],
       [80.],
       [80.],
       [80.],
       [80.],
       [80.],
       [80.],
       [80.],
       [80.],
       [80.],
       [80.],
       [80.],
       [80.],
       [80.],
       [80.],
       [80.],
       [80.],
       [80.],
       [80.],
       [80.],
       [80.],
       [80.],
       [80.],
       [80.],
       [80.],
       [80.],
       [80.],
       [80.],
       [80.],
       [80.],
       [80.],
       [80.],
       [80.],
       [80.],
       [80.],
       [80.],
       [80.],
       [80.],
       [80.],
       [80.],
       [80.],
       [80.],
       [80.],
       [80.],
       [80.],
       [80.],
       [80.],
       [80.],
       [80.],
       [80.],
       [80.],
       [80.],
       [80.],
       [80.],
       [80.],
       [80.],
       [80.],
       [80.],
       [80.],
       [80.],
       [80.],
       [80.],
       [80.],
       [80.],
       [80.],
       [80.],
       [80.],
       [80.],
       [80.],
       [80.],
       [80.],
       [80.],
       [80.],
       [80.],
       [80.],
       [80.],
       [80.],
       [80.],
       [80.],
       [80.],
       [80.],
       [80.],
       [80.],
       [80.],
       [80.],
       [80.],
       [80.],
       [80.],
       [80.],
       [80.],
       [80.],
       [80.],
       [80.],
       [80.],
       [80.],
       [80.],
       [80.],
       [80.],
       [80.],
       [80.],
       [80.],
       [80.],
       [80.],
       [80.],
       [80.],
       [80.],
       [80.],
       [80.],
       [80.],
       [80.],
       [80.],
       [80.],
       [80.],
       [80.],
       [80.],
       [80.],
       [80.],
       [80.],
       [80.],
       [80.],
       [80.],
       [80.],
       [80.],
       [80.],
       [80.],
       [80.],
       [80.],
       [80.],
       [80.],
       [80.],
       [80.],
       [80.],
       [80.],
       [80.],
       [80.],
       [80.],
       [80.],
       [80.],
       [80.],
       [80.],
       [80.],
       [80.],
       [80.],
       [80.],
       [80.],
       [80.],
       [80.],
       [80.],
       [80.],
       [80.],
       [80.],
       [80.],
       [80.],
       [80.],
       [80.],
       [80.],
       [80.],
       [80.],
       [80.],
       [80.],
       [80.],
       [80.],
       [80.],
       [80.],
       [80.],
       [80.],
       [80.],
       [80.],
       [80.],
       [80.],
       [80.],
       [80.],
       [80.],
       [80.],
       [80.],
       [80.],
       [80.],
       [80.],
       [80.],
       [80.],
       [80.],
       [80.],
       [80.],
       [80.],
       [80.],
       [80.],
       [80.],
       [80.],
       [80.],
       [80.],
       [80.],
       [80.],
       [80.],
       [80.],
       [80.],
       [80.],
       [80.],
       [80.],
       [80.],
       [80.],
       [80.],
       [80.],
       [80.],
       [80.],
       [80.],
       [80.],
       [80.],
       [80.],
       [80.],
       [80.],
       [80.],
       [80.],
       [80.],
       [80.],
       [80.],
       [80.],
       [80.],
       [80.],
       [80.],
       [80.],
       [80.],
       [80.],
       [80.],
       [80.],
       [80.],
       [80.],
       [80.],
       [80.],
       [80.],
       [80.],
       [80.],
       [80.],
       [80.],
       [80.],
       [80.],
       [80.],
       [80.],
       [80.],
       [80.],
       [80.],
       [80.],
       [80.],
       [80.],
       [80.],
       [80.],
       [80.],
       [80.],
       [80.],
       [80.],
       [80.],
       [80.],
       [80.],
       [80.],
       [80.],
       [80.],
       [80.],
       [80.],
       [80.],
       [80.],
       [80.],
       [80.],
       [80.],
       [80.],
       [80.],
       [80.],
       [80.],
       [80.],
       [80.],
       [80.],
       [80.],
       [80.],
       [80.],
       [80.],
       [80.],
       [80.],
       [80.],
       [80.],
       [80.],
       [80.],
       [80.],
       [80.],
       [80.],
       [80.],
       [80.],
       [80.],
       [80.],
       [80.],
       [80.],
       [80.],
       [80.],
       [80.],
       [80.],
       [80.],
       [80.],
       [80.]]), 'dt': 0.01, 'N': 400, 'l': 1e-05}","{'Q': 105.26315789473684, 'gbar': 2.1052631578947367, 'T': 10000, 'supervisor': array([[-1.89214982e-17],
       [ 4.44288287e-04],
       [ 8.88576529e-04],
       ...,
       [-1.33286468e-03],
       [-8.88576529e-04],
       [-4.44288287e-04]]), 'BIAS': array([[80.],
       [80.],
       [80.],
       [80.],
       [80.],
       [80.],
       [80.],
       [80.],
       [80.],
       [80.],
       [80.],
       [80.],
       [80.],
       [80.],
       [80.],
       [80.],
       [80.],
       [80.],
       [80.],
       [80.],
       [80.],
       [80.],
       [80.],
       [80.],
       [80.],
       [80.],
       [80.],
       [80.],
       [80.],
       [80.],
       [80.],
       [80.],
       [80.],
       [80.],
       [80.],
       [80.],
       [80.],
       [80.],
       [80.],
       [80.],
       [80.],
       [80.],
       [80.],
       [80.],
       [80.],
       [80.],
       [80.],
       [80.],
       [80.],
       [80.],
       [80.],
       [80.],
       [80.],
       [80.],
       [80.],
       [80.],
       [80.],
       [80.],
       [80.],
       [80.],
       [80.],
       [80.],
       [80.],
       [80.],
       [80.],
       [80.],
       [80.],
       [80.],
       [80.],
       [80.],
       [80.],
       [80.],
       [80.],
       [80.],
       [80.],
       [80.],
       [80.],
       [80.],
       [80.],
       [80.],
       [80.],
       [80.],
       [80.],
       [80.],
       [80.],
       [80.],
       [80.],
       [80.],
       [80.],
       [80.],
       [80.],
       [80.],
       [80.],
       [80.],
       [80.],
       [80.],
       [80.],
       [80.],
       [80.],
       [80.],
       [80.],
       [80.],
       [80.],
       [80.],
       [80.],
       [80.],
       [80.],
       [80.],
       [80.],
       [80.],
       [80.],
       [80.],
       [80.],
       [80.],
       [80.],
       [80.],
       [80.],
       [80.],
       [80.],
       [80.],
       [80.],
       [80.],
       [80.],
       [80.],
       [80.],
       [80.],
       [80.],
       [80.],
       [80.],
       [80.],
       [80.],
       [80.],
       [80.],
       [80.],
       [80.],
       [80.],
       [80.],
       [80.],
       [80.],
       [80.],
       [80.],
       [80.],
       [80.],
       [80.],
       [80.],
       [80.],
       [80.],
       [80.],
       [80.],
       [80.],
       [80.],
       [80.],
       [80.],
       [80.],
       [80.],
       [80.],
       [80.],
       [80.],
       [80.],
       [80.],
       [80.],
       [80.],
       [80.],
       [80.],
       [80.],
       [80.],
       [80.],
       [80.],
       [80.],
       [80.],
       [80.],
       [80.],
       [80.],
       [80.],
       [80.],
       [80.],
       [80.],
       [80.],
       [80.],
       [80.],
       [80.],
       [80.],
       [80.],
       [80.],
       [80.],
       [80.],
       [80.],
       [80.],
       [80.],
       [80.],
       [80.],
       [80.],
       [80.],
       [80.],
       [80.],
       [80.],
       [80.],
       [80.],
       [80.],
       [80.],
       [80.],
       [80.],
       [80.],
       [80.],
       [80.],
       [80.],
       [80.],
       [80.],
       [80.],
       [80.],
       [80.],
       [80.],
       [80.],
       [80.],
       [80.],
       [80.],
       [80.],
       [80.],
       [80.],
       [80.],
       [80.],
       [80.],
       [80.],
       [80.],
       [80.],
       [80.],
       [80.],
       [80.],
       [80.],
       [80.],
       [80.],
       [80.],
       [80.],
       [80.],
       [80.],
       [80.],
       [80.],
       [80.],
       [80.],
       [80.],
       [80.],
       [80.],
       [80.],
       [80.],
       [80.],
       [80.],
       [80.],
       [80.],
       [80.],
       [80.],
       [80.],
       [80.],
       [80.],
       [80.],
       [80.],
       [80.],
       [80.],
       [80.],
       [80.],
       [80.],
       [80.],
       [80.],
       [80.],
       [80.],
       [80.],
       [80.],
       [80.],
       [80.],
       [80.],
       [80.],
       [80.],
       [80.],
       [80.],
       [80.],
       [80.],
       [80.],
       [80.],
       [80.],
       [80.],
       [80.],
       [80.],
       [80.],
       [80.],
       [80.],
       [80.],
       [80.],
       [80.],
       [80.],
       [80.],
       [80.],
       [80.],
       [80.],
       [80.],
       [80.],
       [80.],
       [80.],
       [80.],
       [80.],
       [80.],
       [80.],
       [80.],
       [80.],
       [80.],
       [80.],
       [80.],
       [80.],
       [80.],
       [80.],
       [80.],
       [80.],
       [80.],
       [80.],
       [80.],
       [80.],
       [80.],
       [80.],
       [80.],
       [80.],
       [80.],
       [80.],
       [80.],
       [80.],
       [80.],
       [80.],
       [80.],
       [80.],
       [80.],
       [80.],
       [80.],
       [80.],
       [80.],
       [80.],
       [80.],
       [80.],
       [80.],
       [80.],
       [80.],
       [80.],
       [80.],
       [80.],
       [80.],
       [80.],
       [80.],
       [80.],
       [80.],
       [80.],
       [80.],
       [80.],
       [80.],
       [80.],
       [80.],
       [80.],
       [80.],
       [80.],
       [80.],
       [80.],
       [80.],
       [80.],
       [80.],
       [80.],
       [80.],
       [80.],
       [80.],
       [80.],
       [80.],
       [80.],
       [80.],
       [80.],
       [80.],
       [80.],
       [80.],
       [80.],
       [80.],
       [80.],
       [80.],
       [80.],
       [80.],
       [80.],
       [80.],
       [80.],
       [80.],
       [80.],
       [80.],
       [80.],
       [80.],
       [80.],
       [80.],
       [80.],
       [80.],
       [80.],
       [80.],
       [80.],
       [80.],
       [80.],
       [80.],
       [80.],
       [80.],
       [80.],
       [80.],
       [80.]]), 'dt': 0.01, 'N': 400, 'l': 1e-05}","{'Q': 105.26315789473684, 'gbar': 3.1578947368421053, 'T': 10000, 'supervisor': array([[-1.89214982e-17],
       [ 4.44288287e-04],
       [ 8.88576529e-04],
       ...,
       [-1.33286468e-03],
       [-8.88576529e-04],
       [-4.44288287e-04]]), 'BIAS': array([[80.],
       [80.],
       [80.],
       [80.],
       [80.],
       [80.],
       [80.],
       [80.],
       [80.],
       [80.],
       [80.],
       [80.],
       [80.],
       [80.],
       [80.],
       [80.],
       [80.],
       [80.],
       [80.],
       [80.],
       [80.],
       [80.],
       [80.],
       [80.],
       [80.],
       [80.],
       [80.],
       [80.],
       [80.],
       [80.],
       [80.],
       [80.],
       [80.],
       [80.],
       [80.],
       [80.],
       [80.],
       [80.],
       [80.],
       [80.],
       [80.],
       [80.],
       [80.],
       [80.],
       [80.],
       [80.],
       [80.],
       [80.],
       [80.],
       [80.],
       [80.],
       [80.],
       [80.],
       [80.],
       [80.],
       [80.],
       [80.],
       [80.],
       [80.],
       [80.],
       [80.],
       [80.],
       [80.],
       [80.],
       [80.],
       [80.],
       [80.],
       [80.],
       [80.],
       [80.],
       [80.],
       [80.],
       [80.],
       [80.],
       [80.],
       [80.],
       [80.],
       [80.],
       [80.],
       [80.],
       [80.],
       [80.],
       [80.],
       [80.],
       [80.],
       [80.],
       [80.],
       [80.],
       [80.],
       [80.],
       [80.],
       [80.],
       [80.],
       [80.],
       [80.],
       [80.],
       [80.],
       [80.],
       [80.],
       [80.],
       [80.],
       [80.],
       [80.],
       [80.],
       [80.],
       [80.],
       [80.],
       [80.],
       [80.],
       [80.],
       [80.],
       [80.],
       [80.],
       [80.],
       [80.],
       [80.],
       [80.],
       [80.],
       [80.],
       [80.],
       [80.],
       [80.],
       [80.],
       [80.],
       [80.],
       [80.],
       [80.],
       [80.],
       [80.],
       [80.],
       [80.],
       [80.],
       [80.],
       [80.],
       [80.],
       [80.],
       [80.],
       [80.],
       [80.],
       [80.],
       [80.],
       [80.],
       [80.],
       [80.],
       [80.],
       [80.],
       [80.],
       [80.],
       [80.],
       [80.],
       [80.],
       [80.],
       [80.],
       [80.],
       [80.],
       [80.],
       [80.],
       [80.],
       [80.],
       [80.],
       [80.],
       [80.],
       [80.],
       [80.],
       [80.],
       [80.],
       [80.],
       [80.],
       [80.],
       [80.],
       [80.],
       [80.],
       [80.],
       [80.],
       [80.],
       [80.],
       [80.],
       [80.],
       [80.],
       [80.],
       [80.],
       [80.],
       [80.],
       [80.],
       [80.],
       [80.],
       [80.],
       [80.],
       [80.],
       [80.],
       [80.],
       [80.],
       [80.],
       [80.],
       [80.],
       [80.],
       [80.],
       [80.],
       [80.],
       [80.],
       [80.],
       [80.],
       [80.],
       [80.],
       [80.],
       [80.],
       [80.],
       [80.],
       [80.],
       [80.],
       [80.],
       [80.],
       [80.],
       [80.],
       [80.],
       [80.],
       [80.],
       [80.],
       [80.],
       [80.],
       [80.],
       [80.],
       [80.],
       [80.],
       [80.],
       [80.],
       [80.],
       [80.],
       [80.],
       [80.],
       [80.],
       [80.],
       [80.],
       [80.],
       [80.],
       [80.],
       [80.],
       [80.],
       [80.],
       [80.],
       [80.],
       [80.],
       [80.],
       [80.],
       [80.],
       [80.],
       [80.],
       [80.],
       [80.],
       [80.],
       [80.],
       [80.],
       [80.],
       [80.],
       [80.],
       [80.],
       [80.],
       [80.],
       [80.],
       [80.],
       [80.],
       [80.],
       [80.],
       [80.],
       [80.],
       [80.],
       [80.],
       [80.],
       [80.],
       [80.],
       [80.],
       [80.],
       [80.],
       [80.],
       [80.],
       [80.],
       [80.],
       [80.],
       [80.],
       [80.],
       [80.],
       [80.],
       [80.],
       [80.],
       [80.],
       [80.],
       [80.],
       [80.],
       [80.],
       [80.],
       [80.],
       [80.],
       [80.],
       [80.],
       [80.],
       [80.],
       [80.],
       [80.],
       [80.],
       [80.],
       [80.],
       [80.],
       [80.],
       [80.],
       [80.],
       [80.],
       [80.],
       [80.],
       [80.],
       [80.],
       [80.],
       [80.],
       [80.],
       [80.],
       [80.],
       [80.],
       [80.],
       [80.],
       [80.],
       [80.],
       [80.],
       [80.],
       [80.],
       [80.],
       [80.],
       [80.],
       [80.],
       [80.],
       [80.],
       [80.],
       [80.],
       [80.],
       [80.],
       [80.],
       [80.],
       [80.],
       [80.],
       [80.],
       [80.],
       [80.],
       [80.],
       [80.],
       [80.],
       [80.],
       [80.],
       [80.],
       [80.],
       [80.],
       [80.],
       [80.],
       [80.],
       [80.],
       [80.],
       [80.],
       [80.],
       [80.],
       [80.],
       [80.],
       [80.],
       [80.],
       [80.],
       [80.],
       [80.],
       [80.],
       [80.],
       [80.],
       [80.],
       [80.],
       [80.],
       [80.],
       [80.],
       [80.],
       [80.],
       [80.],
       [80.],
       [80.],
       [80.],
       [80.],
       [80.],
       [80.],
       [80.],
       [80.],
       [80.],
       [80.],
       [80.],
       [80.],
       [80.],
       [80.],
       [80.],
       [80.],
       [80.],
       [80.],
       [80.],
       [80.],
       [80.],
       [80.],
       [80.],
       [80.],
       [80.],
       [80.]]), 'dt': 0.01, 'N': 400, 'l': 1e-05}","{'Q': 105.26315789473684, 'gbar': 4.2105263157894735, 'T': 10000, 'supervisor': array([[-1.89214982e-17],
       [ 4.44288287e-04],
       [ 8.88576529e-04],
       ...,
       [-1.33286468e-03],
       [-8.88576529e-04],
       [-4.44288287e-04]]), 'BIAS': array([[80.],
       [80.],
       [80.],
       [80.],
       [80.],
       [80.],
       [80.],
       [80.],
       [80.],
       [80.],
       [80.],
       [80.],
       [80.],
       [80.],
       [80.],
       [80.],
       [80.],
       [80.],
       [80.],
       [80.],
       [80.],
       [80.],
       [80.],
       [80.],
       [80.],
       [80.],
       [80.],
       [80.],
       [80.],
       [80.],
       [80.],
       [80.],
       [80.],
       [80.],
       [80.],
       [80.],
       [80.],
       [80.],
       [80.],
       [80.],
       [80.],
       [80.],
       [80.],
       [80.],
       [80.],
       [80.],
       [80.],
       [80.],
       [80.],
       [80.],
       [80.],
       [80.],
       [80.],
       [80.],
       [80.],
       [80.],
       [80.],
       [80.],
       [80.],
       [80.],
       [80.],
       [80.],
       [80.],
       [80.],
       [80.],
       [80.],
       [80.],
       [80.],
       [80.],
       [80.],
       [80.],
       [80.],
       [80.],
       [80.],
       [80.],
       [80.],
       [80.],
       [80.],
       [80.],
       [80.],
       [80.],
       [80.],
       [80.],
       [80.],
       [80.],
       [80.],
       [80.],
       [80.],
       [80.],
       [80.],
       [80.],
       [80.],
       [80.],
       [80.],
       [80.],
       [80.],
       [80.],
       [80.],
       [80.],
       [80.],
       [80.],
       [80.],
       [80.],
       [80.],
       [80.],
       [80.],
       [80.],
       [80.],
       [80.],
       [80.],
       [80.],
       [80.],
       [80.],
       [80.],
       [80.],
       [80.],
       [80.],
       [80.],
       [80.],
       [80.],
       [80.],
       [80.],
       [80.],
       [80.],
       [80.],
       [80.],
       [80.],
       [80.],
       [80.],
       [80.],
       [80.],
       [80.],
       [80.],
       [80.],
       [80.],
       [80.],
       [80.],
       [80.],
       [80.],
       [80.],
       [80.],
       [80.],
       [80.],
       [80.],
       [80.],
       [80.],
       [80.],
       [80.],
       [80.],
       [80.],
       [80.],
       [80.],
       [80.],
       [80.],
       [80.],
       [80.],
       [80.],
       [80.],
       [80.],
       [80.],
       [80.],
       [80.],
       [80.],
       [80.],
       [80.],
       [80.],
       [80.],
       [80.],
       [80.],
       [80.],
       [80.],
       [80.],
       [80.],
       [80.],
       [80.],
       [80.],
       [80.],
       [80.],
       [80.],
       [80.],
       [80.],
       [80.],
       [80.],
       [80.],
       [80.],
       [80.],
       [80.],
       [80.],
       [80.],
       [80.],
       [80.],
       [80.],
       [80.],
       [80.],
       [80.],
       [80.],
       [80.],
       [80.],
       [80.],
       [80.],
       [80.],
       [80.],
       [80.],
       [80.],
       [80.],
       [80.],
       [80.],
       [80.],
       [80.],
       [80.],
       [80.],
       [80.],
       [80.],
       [80.],
       [80.],
       [80.],
       [80.],
       [80.],
       [80.],
       [80.],
       [80.],
       [80.],
       [80.],
       [80.],
       [80.],
       [80.],
       [80.],
       [80.],
       [80.],
       [80.],
       [80.],
       [80.],
       [80.],
       [80.],
       [80.],
       [80.],
       [80.],
       [80.],
       [80.],
       [80.],
       [80.],
       [80.],
       [80.],
       [80.],
       [80.],
       [80.],
       [80.],
       [80.],
       [80.],
       [80.],
       [80.],
       [80.],
       [80.],
       [80.],
       [80.],
       [80.],
       [80.],
       [80.],
       [80.],
       [80.],
       [80.],
       [80.],
       [80.],
       [80.],
       [80.],
       [80.],
       [80.],
       [80.],
       [80.],
       [80.],
       [80.],
       [80.],
       [80.],
       [80.],
       [80.],
       [80.],
       [80.],
       [80.],
       [80.],
       [80.],
       [80.],
       [80.],
       [80.],
       [80.],
       [80.],
       [80.],
       [80.],
       [80.],
       [80.],
       [80.],
       [80.],
       [80.],
       [80.],
       [80.],
       [80.],
       [80.],
       [80.],
       [80.],
       [80.],
       [80.],
       [80.],
       [80.],
       [80.],
       [80.],
       [80.],
       [80.],
       [80.],
       [80.],
       [80.],
       [80.],
       [80.],
       [80.],
       [80.],
       [80.],
       [80.],
       [80.],
       [80.],
       [80.],
       [80.],
       [80.],
       [80.],
       [80.],
       [80.],
       [80.],
       [80.],
       [80.],
       [80.],
       [80.],
       [80.],
       [80.],
       [80.],
       [80.],
       [80.],
       [80.],
       [80.],
       [80.],
       [80.],
       [80.],
       [80.],
       [80.],
       [80.],
       [80.],
       [80.],
       [80.],
       [80.],
       [80.],
       [80.],
       [80.],
       [80.],
       [80.],
       [80.],
       [80.],
       [80.],
       [80.],
       [80.],
       [80.],
       [80.],
       [80.],
       [80.],
       [80.],
       [80.],
       [80.],
       [80.],
       [80.],
       [80.],
       [80.],
       [80.],
       [80.],
       [80.],
       [80.],
       [80.],
       [80.],
       [80.],
       [80.],
       [80.],
       [80.],
       [80.],
       [80.],
       [80.],
       [80.],
       [80.],
       [80.],
       [80.],
       [80.],
       [80.],
       [80.],
       [80.],
       [80.],
       [80.],
       [80.],
       [80.],
       [80.],
       [80.],
       [80.],
       [80.],
       [80.],
       [80.],
       [80.],
       [80.],
       [80.]]), 'dt': 0.01, 'N': 400, 'l': 1e-05}","{'Q': 105.26315789473684, 'gbar': 5.263157894736842, 'T': 10000, 'supervisor': array([[-1.89214982e-17],
       [ 4.44288287e-04],
       [ 8.88576529e-04],
       ...,
       [-1.33286468e-03],
       [-8.88576529e-04],
       [-4.44288287e-04]]), 'BIAS': array([[80.],
       [80.],
       [80.],
       [80.],
       [80.],
       [80.],
       [80.],
       [80.],
       [80.],
       [80.],
       [80.],
       [80.],
       [80.],
       [80.],
       [80.],
       [80.],
       [80.],
       [80.],
       [80.],
       [80.],
       [80.],
       [80.],
       [80.],
       [80.],
       [80.],
       [80.],
       [80.],
       [80.],
       [80.],
       [80.],
       [80.],
       [80.],
       [80.],
       [80.],
       [80.],
       [80.],
       [80.],
       [80.],
       [80.],
       [80.],
       [80.],
       [80.],
       [80.],
       [80.],
       [80.],
       [80.],
       [80.],
       [80.],
       [80.],
       [80.],
       [80.],
       [80.],
       [80.],
       [80.],
       [80.],
       [80.],
       [80.],
       [80.],
       [80.],
       [80.],
       [80.],
       [80.],
       [80.],
       [80.],
       [80.],
       [80.],
       [80.],
       [80.],
       [80.],
       [80.],
       [80.],
       [80.],
       [80.],
       [80.],
       [80.],
       [80.],
       [80.],
       [80.],
       [80.],
       [80.],
       [80.],
       [80.],
       [80.],
       [80.],
       [80.],
       [80.],
       [80.],
       [80.],
       [80.],
       [80.],
       [80.],
       [80.],
       [80.],
       [80.],
       [80.],
       [80.],
       [80.],
       [80.],
       [80.],
       [80.],
       [80.],
       [80.],
       [80.],
       [80.],
       [80.],
       [80.],
       [80.],
       [80.],
       [80.],
       [80.],
       [80.],
       [80.],
       [80.],
       [80.],
       [80.],
       [80.],
       [80.],
       [80.],
       [80.],
       [80.],
       [80.],
       [80.],
       [80.],
       [80.],
       [80.],
       [80.],
       [80.],
       [80.],
       [80.],
       [80.],
       [80.],
       [80.],
       [80.],
       [80.],
       [80.],
       [80.],
       [80.],
       [80.],
       [80.],
       [80.],
       [80.],
       [80.],
       [80.],
       [80.],
       [80.],
       [80.],
       [80.],
       [80.],
       [80.],
       [80.],
       [80.],
       [80.],
       [80.],
       [80.],
       [80.],
       [80.],
       [80.],
       [80.],
       [80.],
       [80.],
       [80.],
       [80.],
       [80.],
       [80.],
       [80.],
       [80.],
       [80.],
       [80.],
       [80.],
       [80.],
       [80.],
       [80.],
       [80.],
       [80.],
       [80.],
       [80.],
       [80.],
       [80.],
       [80.],
       [80.],
       [80.],
       [80.],
       [80.],
       [80.],
       [80.],
       [80.],
       [80.],
       [80.],
       [80.],
       [80.],
       [80.],
       [80.],
       [80.],
       [80.],
       [80.],
       [80.],
       [80.],
       [80.],
       [80.],
       [80.],
       [80.],
       [80.],
       [80.],
       [80.],
       [80.],
       [80.],
       [80.],
       [80.],
       [80.],
       [80.],
       [80.],
       [80.],
       [80.],
       [80.],
       [80.],
       [80.],
       [80.],
       [80.],
       [80.],
       [80.],
       [80.],
       [80.],
       [80.],
       [80.],
       [80.],
       [80.],
       [80.],
       [80.],
       [80.],
       [80.],
       [80.],
       [80.],
       [80.],
       [80.],
       [80.],
       [80.],
       [80.],
       [80.],
       [80.],
       [80.],
       [80.],
       [80.],
       [80.],
       [80.],
       [80.],
       [80.],
       [80.],
       [80.],
       [80.],
       [80.],
       [80.],
       [80.],
       [80.],
       [80.],
       [80.],
       [80.],
       [80.],
       [80.],
       [80.],
       [80.],
       [80.],
       [80.],
       [80.],
       [80.],
       [80.],
       [80.],
       [80.],
       [80.],
       [80.],
       [80.],
       [80.],
       [80.],
       [80.],
       [80.],
       [80.],
       [80.],
       [80.],
       [80.],
       [80.],
       [80.],
       [80.],
       [80.],
       [80.],
       [80.],
       [80.],
       [80.],
       [80.],
       [80.],
       [80.],
       [80.],
       [80.],
       [80.],
       [80.],
       [80.],
       [80.],
       [80.],
       [80.],
       [80.],
       [80.],
       [80.],
       [80.],
       [80.],
       [80.],
       [80.],
       [80.],
       [80.],
       [80.],
       [80.],
       [80.],
       [80.],
       [80.],
       [80.],
       [80.],
       [80.],
       [80.],
       [80.],
       [80.],
       [80.],
       [80.],
       [80.],
       [80.],
       [80.],
       [80.],
       [80.],
       [80.],
       [80.],
       [80.],
       [80.],
       [80.],
       [80.],
       [80.],
       [80.],
       [80.],
       [80.],
       [80.],
       [80.],
       [80.],
       [80.],
       [80.],
       [80.],
       [80.],
       [80.],
       [80.],
       [80.],
       [80.],
       [80.],
       [80.],
       [80.],
       [80.],
       [80.],
       [80.],
       [80.],
       [80.],
       [80.],
       [80.],
       [80.],
       [80.],
       [80.],
       [80.],
       [80.],
       [80.],
       [80.],
       [80.],
       [80.],
       [80.],
       [80.],
       [80.],
       [80.],
       [80.],
       [80.],
       [80.],
       [80.],
       [80.],
       [80.],
       [80.],
       [80.],
       [80.],
       [80.],
       [80.],
       [80.],
       [80.],
       [80.],
       [80.],
       [80.],
       [80.],
       [80.],
       [80.],
       [80.],
       [80.],
       [80.],
       [80.],
       [80.],
       [80.],
       [80.],
       [80.],
       [80.],
       [80.],
       [80.],
       [80.],
       [80.]]), 'dt': 0.01, 'N': 400, 'l': 1e-05}","{'Q': 105.26315789473684, 'gbar': 6.315789473684211, 'T': 10000, 'supervisor': array([[-1.89214982e-17],
       [ 4.44288287e-04],
       [ 8.88576529e-04],
       ...,
       [-1.33286468e-03],
       [-8.88576529e-04],
       [-4.44288287e-04]]), 'BIAS': array([[80.],
       [80.],
       [80.],
       [80.],
       [80.],
       [80.],
       [80.],
       [80.],
       [80.],
       [80.],
       [80.],
       [80.],
       [80.],
       [80.],
       [80.],
       [80.],
       [80.],
       [80.],
       [80.],
       [80.],
       [80.],
       [80.],
       [80.],
       [80.],
       [80.],
       [80.],
       [80.],
       [80.],
       [80.],
       [80.],
       [80.],
       [80.],
       [80.],
       [80.],
       [80.],
       [80.],
       [80.],
       [80.],
       [80.],
       [80.],
       [80.],
       [80.],
       [80.],
       [80.],
       [80.],
       [80.],
       [80.],
       [80.],
       [80.],
       [80.],
       [80.],
       [80.],
       [80.],
       [80.],
       [80.],
       [80.],
       [80.],
       [80.],
       [80.],
       [80.],
       [80.],
       [80.],
       [80.],
       [80.],
       [80.],
       [80.],
       [80.],
       [80.],
       [80.],
       [80.],
       [80.],
       [80.],
       [80.],
       [80.],
       [80.],
       [80.],
       [80.],
       [80.],
       [80.],
       [80.],
       [80.],
       [80.],
       [80.],
       [80.],
       [80.],
       [80.],
       [80.],
       [80.],
       [80.],
       [80.],
       [80.],
       [80.],
       [80.],
       [80.],
       [80.],
       [80.],
       [80.],
       [80.],
       [80.],
       [80.],
       [80.],
       [80.],
       [80.],
       [80.],
       [80.],
       [80.],
       [80.],
       [80.],
       [80.],
       [80.],
       [80.],
       [80.],
       [80.],
       [80.],
       [80.],
       [80.],
       [80.],
       [80.],
       [80.],
       [80.],
       [80.],
       [80.],
       [80.],
       [80.],
       [80.],
       [80.],
       [80.],
       [80.],
       [80.],
       [80.],
       [80.],
       [80.],
       [80.],
       [80.],
       [80.],
       [80.],
       [80.],
       [80.],
       [80.],
       [80.],
       [80.],
       [80.],
       [80.],
       [80.],
       [80.],
       [80.],
       [80.],
       [80.],
       [80.],
       [80.],
       [80.],
       [80.],
       [80.],
       [80.],
       [80.],
       [80.],
       [80.],
       [80.],
       [80.],
       [80.],
       [80.],
       [80.],
       [80.],
       [80.],
       [80.],
       [80.],
       [80.],
       [80.],
       [80.],
       [80.],
       [80.],
       [80.],
       [80.],
       [80.],
       [80.],
       [80.],
       [80.],
       [80.],
       [80.],
       [80.],
       [80.],
       [80.],
       [80.],
       [80.],
       [80.],
       [80.],
       [80.],
       [80.],
       [80.],
       [80.],
       [80.],
       [80.],
       [80.],
       [80.],
       [80.],
       [80.],
       [80.],
       [80.],
       [80.],
       [80.],
       [80.],
       [80.],
       [80.],
       [80.],
       [80.],
       [80.],
       [80.],
       [80.],
       [80.],
       [80.],
       [80.],
       [80.],
       [80.],
       [80.],
       [80.],
       [80.],
       [80.],
       [80.],
       [80.],
       [80.],
       [80.],
       [80.],
       [80.],
       [80.],
       [80.],
       [80.],
       [80.],
       [80.],
       [80.],
       [80.],
       [80.],
       [80.],
       [80.],
       [80.],
       [80.],
       [80.],
       [80.],
       [80.],
       [80.],
       [80.],
       [80.],
       [80.],
       [80.],
       [80.],
       [80.],
       [80.],
       [80.],
       [80.],
       [80.],
       [80.],
       [80.],
       [80.],
       [80.],
       [80.],
       [80.],
       [80.],
       [80.],
       [80.],
       [80.],
       [80.],
       [80.],
       [80.],
       [80.],
       [80.],
       [80.],
       [80.],
       [80.],
       [80.],
       [80.],
       [80.],
       [80.],
       [80.],
       [80.],
       [80.],
       [80.],
       [80.],
       [80.],
       [80.],
       [80.],
       [80.],
       [80.],
       [80.],
       [80.],
       [80.],
       [80.],
       [80.],
       [80.],
       [80.],
       [80.],
       [80.],
       [80.],
       [80.],
       [80.],
       [80.],
       [80.],
       [80.],
       [80.],
       [80.],
       [80.],
       [80.],
       [80.],
       [80.],
       [80.],
       [80.],
       [80.],
       [80.],
       [80.],
       [80.],
       [80.],
       [80.],
       [80.],
       [80.],
       [80.],
       [80.],
       [80.],
       [80.],
       [80.],
       [80.],
       [80.],
       [80.],
       [80.],
       [80.],
       [80.],
       [80.],
       [80.],
       [80.],
       [80.],
       [80.],
       [80.],
       [80.],
       [80.],
       [80.],
       [80.],
       [80.],
       [80.],
       [80.],
       [80.],
       [80.],
       [80.],
       [80.],
       [80.],
       [80.],
       [80.],
       [80.],
       [80.],
       [80.],
       [80.],
       [80.],
       [80.],
       [80.],
       [80.],
       [80.],
       [80.],
       [80.],
       [80.],
       [80.],
       [80.],
       [80.],
       [80.],
       [80.],
       [80.],
       [80.],
       [80.],
       [80.],
       [80.],
       [80.],
       [80.],
       [80.],
       [80.],
       [80.],
       [80.],
       [80.],
       [80.],
       [80.],
       [80.],
       [80.],
       [80.],
       [80.],
       [80.],
       [80.],
       [80.],
       [80.],
       [80.],
       [80.],
       [80.],
       [80.],
       [80.],
       [80.],
       [80.],
       [80.],
       [80.],
       [80.],
       [80.],
       [80.],
       [80.],
       [80.],
       [80.],
       [80.],
       [80.],
       [80.]]), 'dt': 0.01, 'N': 400, 'l': 1e-05}","{'Q': 105.26315789473684, 'gbar': 7.368421052631579, 'T': 10000, 'supervisor': array([[-1.89214982e-17],
       [ 4.44288287e-04],
       [ 8.88576529e-04],
       ...,
       [-1.33286468e-03],
       [-8.88576529e-04],
       [-4.44288287e-04]]), 'BIAS': array([[80.],
       [80.],
       [80.],
       [80.],
       [80.],
       [80.],
       [80.],
       [80.],
       [80.],
       [80.],
       [80.],
       [80.],
       [80.],
       [80.],
       [80.],
       [80.],
       [80.],
       [80.],
       [80.],
       [80.],
       [80.],
       [80.],
       [80.],
       [80.],
       [80.],
       [80.],
       [80.],
       [80.],
       [80.],
       [80.],
       [80.],
       [80.],
       [80.],
       [80.],
       [80.],
       [80.],
       [80.],
       [80.],
       [80.],
       [80.],
       [80.],
       [80.],
       [80.],
       [80.],
       [80.],
       [80.],
       [80.],
       [80.],
       [80.],
       [80.],
       [80.],
       [80.],
       [80.],
       [80.],
       [80.],
       [80.],
       [80.],
       [80.],
       [80.],
       [80.],
       [80.],
       [80.],
       [80.],
       [80.],
       [80.],
       [80.],
       [80.],
       [80.],
       [80.],
       [80.],
       [80.],
       [80.],
       [80.],
       [80.],
       [80.],
       [80.],
       [80.],
       [80.],
       [80.],
       [80.],
       [80.],
       [80.],
       [80.],
       [80.],
       [80.],
       [80.],
       [80.],
       [80.],
       [80.],
       [80.],
       [80.],
       [80.],
       [80.],
       [80.],
       [80.],
       [80.],
       [80.],
       [80.],
       [80.],
       [80.],
       [80.],
       [80.],
       [80.],
       [80.],
       [80.],
       [80.],
       [80.],
       [80.],
       [80.],
       [80.],
       [80.],
       [80.],
       [80.],
       [80.],
       [80.],
       [80.],
       [80.],
       [80.],
       [80.],
       [80.],
       [80.],
       [80.],
       [80.],
       [80.],
       [80.],
       [80.],
       [80.],
       [80.],
       [80.],
       [80.],
       [80.],
       [80.],
       [80.],
       [80.],
       [80.],
       [80.],
       [80.],
       [80.],
       [80.],
       [80.],
       [80.],
       [80.],
       [80.],
       [80.],
       [80.],
       [80.],
       [80.],
       [80.],
       [80.],
       [80.],
       [80.],
       [80.],
       [80.],
       [80.],
       [80.],
       [80.],
       [80.],
       [80.],
       [80.],
       [80.],
       [80.],
       [80.],
       [80.],
       [80.],
       [80.],
       [80.],
       [80.],
       [80.],
       [80.],
       [80.],
       [80.],
       [80.],
       [80.],
       [80.],
       [80.],
       [80.],
       [80.],
       [80.],
       [80.],
       [80.],
       [80.],
       [80.],
       [80.],
       [80.],
       [80.],
       [80.],
       [80.],
       [80.],
       [80.],
       [80.],
       [80.],
       [80.],
       [80.],
       [80.],
       [80.],
       [80.],
       [80.],
       [80.],
       [80.],
       [80.],
       [80.],
       [80.],
       [80.],
       [80.],
       [80.],
       [80.],
       [80.],
       [80.],
       [80.],
       [80.],
       [80.],
       [80.],
       [80.],
       [80.],
       [80.],
       [80.],
       [80.],
       [80.],
       [80.],
       [80.],
       [80.],
       [80.],
       [80.],
       [80.],
       [80.],
       [80.],
       [80.],
       [80.],
       [80.],
       [80.],
       [80.],
       [80.],
       [80.],
       [80.],
       [80.],
       [80.],
       [80.],
       [80.],
       [80.],
       [80.],
       [80.],
       [80.],
       [80.],
       [80.],
       [80.],
       [80.],
       [80.],
       [80.],
       [80.],
       [80.],
       [80.],
       [80.],
       [80.],
       [80.],
       [80.],
       [80.],
       [80.],
       [80.],
       [80.],
       [80.],
       [80.],
       [80.],
       [80.],
       [80.],
       [80.],
       [80.],
       [80.],
       [80.],
       [80.],
       [80.],
       [80.],
       [80.],
       [80.],
       [80.],
       [80.],
       [80.],
       [80.],
       [80.],
       [80.],
       [80.],
       [80.],
       [80.],
       [80.],
       [80.],
       [80.],
       [80.],
       [80.],
       [80.],
       [80.],
       [80.],
       [80.],
       [80.],
       [80.],
       [80.],
       [80.],
       [80.],
       [80.],
       [80.],
       [80.],
       [80.],
       [80.],
       [80.],
       [80.],
       [80.],
       [80.],
       [80.],
       [80.],
       [80.],
       [80.],
       [80.],
       [80.],
       [80.],
       [80.],
       [80.],
       [80.],
       [80.],
       [80.],
       [80.],
       [80.],
       [80.],
       [80.],
       [80.],
       [80.],
       [80.],
       [80.],
       [80.],
       [80.],
       [80.],
       [80.],
       [80.],
       [80.],
       [80.],
       [80.],
       [80.],
       [80.],
       [80.],
       [80.],
       [80.],
       [80.],
       [80.],
       [80.],
       [80.],
       [80.],
       [80.],
       [80.],
       [80.],
       [80.],
       [80.],
       [80.],
       [80.],
       [80.],
       [80.],
       [80.],
       [80.],
       [80.],
       [80.],
       [80.],
       [80.],
       [80.],
       [80.],
       [80.],
       [80.],
       [80.],
       [80.],
       [80.],
       [80.],
       [80.],
       [80.],
       [80.],
       [80.],
       [80.],
       [80.],
       [80.],
       [80.],
       [80.],
       [80.],
       [80.],
       [80.],
       [80.],
       [80.],
       [80.],
       [80.],
       [80.],
       [80.],
       [80.],
       [80.],
       [80.],
       [80.],
       [80.],
       [80.],
       [80.],
       [80.],
       [80.],
       [80.],
       [80.],
       [80.],
       [80.],
       [80.],
       [80.],
       [80.]]), 'dt': 0.01, 'N': 400, 'l': 1e-05}","{'Q': 105.26315789473684, 'gbar': 8.421052631578947, 'T': 10000, 'supervisor': array([[-1.89214982e-17],
       [ 4.44288287e-04],
       [ 8.88576529e-04],
       ...,
       [-1.33286468e-03],
       [-8.88576529e-04],
       [-4.44288287e-04]]), 'BIAS': array([[80.],
       [80.],
       [80.],
       [80.],
       [80.],
       [80.],
       [80.],
       [80.],
       [80.],
       [80.],
       [80.],
       [80.],
       [80.],
       [80.],
       [80.],
       [80.],
       [80.],
       [80.],
       [80.],
       [80.],
       [80.],
       [80.],
       [80.],
       [80.],
       [80.],
       [80.],
       [80.],
       [80.],
       [80.],
       [80.],
       [80.],
       [80.],
       [80.],
       [80.],
       [80.],
       [80.],
       [80.],
       [80.],
       [80.],
       [80.],
       [80.],
       [80.],
       [80.],
       [80.],
       [80.],
       [80.],
       [80.],
       [80.],
       [80.],
       [80.],
       [80.],
       [80.],
       [80.],
       [80.],
       [80.],
       [80.],
       [80.],
       [80.],
       [80.],
       [80.],
       [80.],
       [80.],
       [80.],
       [80.],
       [80.],
       [80.],
       [80.],
       [80.],
       [80.],
       [80.],
       [80.],
       [80.],
       [80.],
       [80.],
       [80.],
       [80.],
       [80.],
       [80.],
       [80.],
       [80.],
       [80.],
       [80.],
       [80.],
       [80.],
       [80.],
       [80.],
       [80.],
       [80.],
       [80.],
       [80.],
       [80.],
       [80.],
       [80.],
       [80.],
       [80.],
       [80.],
       [80.],
       [80.],
       [80.],
       [80.],
       [80.],
       [80.],
       [80.],
       [80.],
       [80.],
       [80.],
       [80.],
       [80.],
       [80.],
       [80.],
       [80.],
       [80.],
       [80.],
       [80.],
       [80.],
       [80.],
       [80.],
       [80.],
       [80.],
       [80.],
       [80.],
       [80.],
       [80.],
       [80.],
       [80.],
       [80.],
       [80.],
       [80.],
       [80.],
       [80.],
       [80.],
       [80.],
       [80.],
       [80.],
       [80.],
       [80.],
       [80.],
       [80.],
       [80.],
       [80.],
       [80.],
       [80.],
       [80.],
       [80.],
       [80.],
       [80.],
       [80.],
       [80.],
       [80.],
       [80.],
       [80.],
       [80.],
       [80.],
       [80.],
       [80.],
       [80.],
       [80.],
       [80.],
       [80.],
       [80.],
       [80.],
       [80.],
       [80.],
       [80.],
       [80.],
       [80.],
       [80.],
       [80.],
       [80.],
       [80.],
       [80.],
       [80.],
       [80.],
       [80.],
       [80.],
       [80.],
       [80.],
       [80.],
       [80.],
       [80.],
       [80.],
       [80.],
       [80.],
       [80.],
       [80.],
       [80.],
       [80.],
       [80.],
       [80.],
       [80.],
       [80.],
       [80.],
       [80.],
       [80.],
       [80.],
       [80.],
       [80.],
       [80.],
       [80.],
       [80.],
       [80.],
       [80.],
       [80.],
       [80.],
       [80.],
       [80.],
       [80.],
       [80.],
       [80.],
       [80.],
       [80.],
       [80.],
       [80.],
       [80.],
       [80.],
       [80.],
       [80.],
       [80.],
       [80.],
       [80.],
       [80.],
       [80.],
       [80.],
       [80.],
       [80.],
       [80.],
       [80.],
       [80.],
       [80.],
       [80.],
       [80.],
       [80.],
       [80.],
       [80.],
       [80.],
       [80.],
       [80.],
       [80.],
       [80.],
       [80.],
       [80.],
       [80.],
       [80.],
       [80.],
       [80.],
       [80.],
       [80.],
       [80.],
       [80.],
       [80.],
       [80.],
       [80.],
       [80.],
       [80.],
       [80.],
       [80.],
       [80.],
       [80.],
       [80.],
       [80.],
       [80.],
       [80.],
       [80.],
       [80.],
       [80.],
       [80.],
       [80.],
       [80.],
       [80.],
       [80.],
       [80.],
       [80.],
       [80.],
       [80.],
       [80.],
       [80.],
       [80.],
       [80.],
       [80.],
       [80.],
       [80.],
       [80.],
       [80.],
       [80.],
       [80.],
       [80.],
       [80.],
       [80.],
       [80.],
       [80.],
       [80.],
       [80.],
       [80.],
       [80.],
       [80.],
       [80.],
       [80.],
       [80.],
       [80.],
       [80.],
       [80.],
       [80.],
       [80.],
       [80.],
       [80.],
       [80.],
       [80.],
       [80.],
       [80.],
       [80.],
       [80.],
       [80.],
       [80.],
       [80.],
       [80.],
       [80.],
       [80.],
       [80.],
       [80.],
       [80.],
       [80.],
       [80.],
       [80.],
       [80.],
       [80.],
       [80.],
       [80.],
       [80.],
       [80.],
       [80.],
       [80.],
       [80.],
       [80.],
       [80.],
       [80.],
       [80.],
       [80.],
       [80.],
       [80.],
       [80.],
       [80.],
       [80.],
       [80.],
       [80.],
       [80.],
       [80.],
       [80.],
       [80.],
       [80.],
       [80.],
       [80.],
       [80.],
       [80.],
       [80.],
       [80.],
       [80.],
       [80.],
       [80.],
       [80.],
       [80.],
       [80.],
       [80.],
       [80.],
       [80.],
       [80.],
       [80.],
       [80.],
       [80.],
       [80.],
       [80.],
       [80.],
       [80.],
       [80.],
       [80.],
       [80.],
       [80.],
       [80.],
       [80.],
       [80.],
       [80.],
       [80.],
       [80.],
       [80.],
       [80.],
       [80.],
       [80.],
       [80.],
       [80.],
       [80.],
       [80.],
       [80.],
       [80.],
       [80.],
       [80.],
       [80.],
       [80.],
       [80.],
       [80.],
       [80.],
       [80.]]), 'dt': 0.01, 'N': 400, 'l': 1e-05}","{'Q': 105.26315789473684, 'gbar': 9.473684210526315, 'T': 10000, 'supervisor': array([[-1.89214982e-17],
       [ 4.44288287e-04],
       [ 8.88576529e-04],
       ...,
       [-1.33286468e-03],
       [-8.88576529e-04],
       [-4.44288287e-04]]), 'BIAS': array([[80.],
       [80.],
       [80.],
       [80.],
       [80.],
       [80.],
       [80.],
       [80.],
       [80.],
       [80.],
       [80.],
       [80.],
       [80.],
       [80.],
       [80.],
       [80.],
       [80.],
       [80.],
       [80.],
       [80.],
       [80.],
       [80.],
       [80.],
       [80.],
       [80.],
       [80.],
       [80.],
       [80.],
       [80.],
       [80.],
       [80.],
       [80.],
       [80.],
       [80.],
       [80.],
       [80.],
       [80.],
       [80.],
       [80.],
       [80.],
       [80.],
       [80.],
       [80.],
       [80.],
       [80.],
       [80.],
       [80.],
       [80.],
       [80.],
       [80.],
       [80.],
       [80.],
       [80.],
       [80.],
       [80.],
       [80.],
       [80.],
       [80.],
       [80.],
       [80.],
       [80.],
       [80.],
       [80.],
       [80.],
       [80.],
       [80.],
       [80.],
       [80.],
       [80.],
       [80.],
       [80.],
       [80.],
       [80.],
       [80.],
       [80.],
       [80.],
       [80.],
       [80.],
       [80.],
       [80.],
       [80.],
       [80.],
       [80.],
       [80.],
       [80.],
       [80.],
       [80.],
       [80.],
       [80.],
       [80.],
       [80.],
       [80.],
       [80.],
       [80.],
       [80.],
       [80.],
       [80.],
       [80.],
       [80.],
       [80.],
       [80.],
       [80.],
       [80.],
       [80.],
       [80.],
       [80.],
       [80.],
       [80.],
       [80.],
       [80.],
       [80.],
       [80.],
       [80.],
       [80.],
       [80.],
       [80.],
       [80.],
       [80.],
       [80.],
       [80.],
       [80.],
       [80.],
       [80.],
       [80.],
       [80.],
       [80.],
       [80.],
       [80.],
       [80.],
       [80.],
       [80.],
       [80.],
       [80.],
       [80.],
       [80.],
       [80.],
       [80.],
       [80.],
       [80.],
       [80.],
       [80.],
       [80.],
       [80.],
       [80.],
       [80.],
       [80.],
       [80.],
       [80.],
       [80.],
       [80.],
       [80.],
       [80.],
       [80.],
       [80.],
       [80.],
       [80.],
       [80.],
       [80.],
       [80.],
       [80.],
       [80.],
       [80.],
       [80.],
       [80.],
       [80.],
       [80.],
       [80.],
       [80.],
       [80.],
       [80.],
       [80.],
       [80.],
       [80.],
       [80.],
       [80.],
       [80.],
       [80.],
       [80.],
       [80.],
       [80.],
       [80.],
       [80.],
       [80.],
       [80.],
       [80.],
       [80.],
       [80.],
       [80.],
       [80.],
       [80.],
       [80.],
       [80.],
       [80.],
       [80.],
       [80.],
       [80.],
       [80.],
       [80.],
       [80.],
       [80.],
       [80.],
       [80.],
       [80.],
       [80.],
       [80.],
       [80.],
       [80.],
       [80.],
       [80.],
       [80.],
       [80.],
       [80.],
       [80.],
       [80.],
       [80.],
       [80.],
       [80.],
       [80.],
       [80.],
       [80.],
       [80.],
       [80.],
       [80.],
       [80.],
       [80.],
       [80.],
       [80.],
       [80.],
       [80.],
       [80.],
       [80.],
       [80.],
       [80.],
       [80.],
       [80.],
       [80.],
       [80.],
       [80.],
       [80.],
       [80.],
       [80.],
       [80.],
       [80.],
       [80.],
       [80.],
       [80.],
       [80.],
       [80.],
       [80.],
       [80.],
       [80.],
       [80.],
       [80.],
       [80.],
       [80.],
       [80.],
       [80.],
       [80.],
       [80.],
       [80.],
       [80.],
       [80.],
       [80.],
       [80.],
       [80.],
       [80.],
       [80.],
       [80.],
       [80.],
       [80.],
       [80.],
       [80.],
       [80.],
       [80.],
       [80.],
       [80.],
       [80.],
       [80.],
       [80.],
       [80.],
       [80.],
       [80.],
       [80.],
       [80.],
       [80.],
       [80.],
       [80.],
       [80.],
       [80.],
       [80.],
       [80.],
       [80.],
       [80.],
       [80.],
       [80.],
       [80.],
       [80.],
       [80.],
       [80.],
       [80.],
       [80.],
       [80.],
       [80.],
       [80.],
       [80.],
       [80.],
       [80.],
       [80.],
       [80.],
       [80.],
       [80.],
       [80.],
       [80.],
       [80.],
       [80.],
       [80.],
       [80.],
       [80.],
       [80.],
       [80.],
       [80.],
       [80.],
       [80.],
       [80.],
       [80.],
       [80.],
       [80.],
       [80.],
       [80.],
       [80.],
       [80.],
       [80.],
       [80.],
       [80.],
       [80.],
       [80.],
       [80.],
       [80.],
       [80.],
       [80.],
       [80.],
       [80.],
       [80.],
       [80.],
       [80.],
       [80.],
       [80.],
       [80.],
       [80.],
       [80.],
       [80.],
       [80.],
       [80.],
       [80.],
       [80.],
       [80.],
       [80.],
       [80.],
       [80.],
       [80.],
       [80.],
       [80.],
       [80.],
       [80.],
       [80.],
       [80.],
       [80.],
       [80.],
       [80.],
       [80.],
       [80.],
       [80.],
       [80.],
       [80.],
       [80.],
       [80.],
       [80.],
       [80.],
       [80.],
       [80.],
       [80.],
       [80.],
       [80.],
       [80.],
       [80.],
       [80.],
       [80.],
       [80.],
       [80.],
       [80.],
       [80.],
       [80.],
       [80.],
       [80.],
       [80.],
       [80.],
       [80.],
       [80.],
       [80.],
       [80.]]), 'dt': 0.01, 'N': 400, 'l': 1e-05}","{'Q': 105.26315789473684, 'gbar': 10.526315789473683, 'T': 10000, 'supervisor': array([[-1.89214982e-17],
       [ 4.44288287e-04],
       [ 8.88576529e-04],
       ...,
       [-1.33286468e-03],
       [-8.88576529e-04],
       [-4.44288287e-04]]), 'BIAS': array([[80.],
       [80.],
       [80.],
       [80.],
       [80.],
       [80.],
       [80.],
       [80.],
       [80.],
       [80.],
       [80.],
       [80.],
       [80.],
       [80.],
       [80.],
       [80.],
       [80.],
       [80.],
       [80.],
       [80.],
       [80.],
       [80.],
       [80.],
       [80.],
       [80.],
       [80.],
       [80.],
       [80.],
       [80.],
       [80.],
       [80.],
       [80.],
       [80.],
       [80.],
       [80.],
       [80.],
       [80.],
       [80.],
       [80.],
       [80.],
       [80.],
       [80.],
       [80.],
       [80.],
       [80.],
       [80.],
       [80.],
       [80.],
       [80.],
       [80.],
       [80.],
       [80.],
       [80.],
       [80.],
       [80.],
       [80.],
       [80.],
       [80.],
       [80.],
       [80.],
       [80.],
       [80.],
       [80.],
       [80.],
       [80.],
       [80.],
       [80.],
       [80.],
       [80.],
       [80.],
       [80.],
       [80.],
       [80.],
       [80.],
       [80.],
       [80.],
       [80.],
       [80.],
       [80.],
       [80.],
       [80.],
       [80.],
       [80.],
       [80.],
       [80.],
       [80.],
       [80.],
       [80.],
       [80.],
       [80.],
       [80.],
       [80.],
       [80.],
       [80.],
       [80.],
       [80.],
       [80.],
       [80.],
       [80.],
       [80.],
       [80.],
       [80.],
       [80.],
       [80.],
       [80.],
       [80.],
       [80.],
       [80.],
       [80.],
       [80.],
       [80.],
       [80.],
       [80.],
       [80.],
       [80.],
       [80.],
       [80.],
       [80.],
       [80.],
       [80.],
       [80.],
       [80.],
       [80.],
       [80.],
       [80.],
       [80.],
       [80.],
       [80.],
       [80.],
       [80.],
       [80.],
       [80.],
       [80.],
       [80.],
       [80.],
       [80.],
       [80.],
       [80.],
       [80.],
       [80.],
       [80.],
       [80.],
       [80.],
       [80.],
       [80.],
       [80.],
       [80.],
       [80.],
       [80.],
       [80.],
       [80.],
       [80.],
       [80.],
       [80.],
       [80.],
       [80.],
       [80.],
       [80.],
       [80.],
       [80.],
       [80.],
       [80.],
       [80.],
       [80.],
       [80.],
       [80.],
       [80.],
       [80.],
       [80.],
       [80.],
       [80.],
       [80.],
       [80.],
       [80.],
       [80.],
       [80.],
       [80.],
       [80.],
       [80.],
       [80.],
       [80.],
       [80.],
       [80.],
       [80.],
       [80.],
       [80.],
       [80.],
       [80.],
       [80.],
       [80.],
       [80.],
       [80.],
       [80.],
       [80.],
       [80.],
       [80.],
       [80.],
       [80.],
       [80.],
       [80.],
       [80.],
       [80.],
       [80.],
       [80.],
       [80.],
       [80.],
       [80.],
       [80.],
       [80.],
       [80.],
       [80.],
       [80.],
       [80.],
       [80.],
       [80.],
       [80.],
       [80.],
       [80.],
       [80.],
       [80.],
       [80.],
       [80.],
       [80.],
       [80.],
       [80.],
       [80.],
       [80.],
       [80.],
       [80.],
       [80.],
       [80.],
       [80.],
       [80.],
       [80.],
       [80.],
       [80.],
       [80.],
       [80.],
       [80.],
       [80.],
       [80.],
       [80.],
       [80.],
       [80.],
       [80.],
       [80.],
       [80.],
       [80.],
       [80.],
       [80.],
       [80.],
       [80.],
       [80.],
       [80.],
       [80.],
       [80.],
       [80.],
       [80.],
       [80.],
       [80.],
       [80.],
       [80.],
       [80.],
       [80.],
       [80.],
       [80.],
       [80.],
       [80.],
       [80.],
       [80.],
       [80.],
       [80.],
       [80.],
       [80.],
       [80.],
       [80.],
       [80.],
       [80.],
       [80.],
       [80.],
       [80.],
       [80.],
       [80.],
       [80.],
       [80.],
       [80.],
       [80.],
       [80.],
       [80.],
       [80.],
       [80.],
       [80.],
       [80.],
       [80.],
       [80.],
       [80.],
       [80.],
       [80.],
       [80.],
       [80.],
       [80.],
       [80.],
       [80.],
       [80.],
       [80.],
       [80.],
       [80.],
       [80.],
       [80.],
       [80.],
       [80.],
       [80.],
       [80.],
       [80.],
       [80.],
       [80.],
       [80.],
       [80.],
       [80.],
       [80.],
       [80.],
       [80.],
       [80.],
       [80.],
       [80.],
       [80.],
       [80.],
       [80.],
       [80.],
       [80.],
       [80.],
       [80.],
       [80.],
       [80.],
       [80.],
       [80.],
       [80.],
       [80.],
       [80.],
       [80.],
       [80.],
       [80.],
       [80.],
       [80.],
       [80.],
       [80.],
       [80.],
       [80.],
       [80.],
       [80.],
       [80.],
       [80.],
       [80.],
       [80.],
       [80.],
       [80.],
       [80.],
       [80.],
       [80.],
       [80.],
       [80.],
       [80.],
       [80.],
       [80.],
       [80.],
       [80.],
       [80.],
       [80.],
       [80.],
       [80.],
       [80.],
       [80.],
       [80.],
       [80.],
       [80.],
       [80.],
       [80.],
       [80.],
       [80.],
       [80.],
       [80.],
       [80.],
       [80.],
       [80.],
       [80.],
       [80.],
       [80.],
       [80.],
       [80.],
       [80.],
       [80.],
       [80.],
       [80.],
       [80.],
       [80.],
       [80.],
       [80.],
       [80.],
       [80.],
       [80.]]), 'dt': 0.01, 'N': 400, 'l': 1e-05}","{'Q': 105.26315789473684, 'gbar': 11.578947368421051, 'T': 10000, 'supervisor': array([[-1.89214982e-17],
       [ 4.44288287e-04],
       [ 8.88576529e-04],
       ...,
       [-1.33286468e-03],
       [-8.88576529e-04],
       [-4.44288287e-04]]), 'BIAS': array([[80.],
       [80.],
       [80.],
       [80.],
       [80.],
       [80.],
       [80.],
       [80.],
       [80.],
       [80.],
       [80.],
       [80.],
       [80.],
       [80.],
       [80.],
       [80.],
       [80.],
       [80.],
       [80.],
       [80.],
       [80.],
       [80.],
       [80.],
       [80.],
       [80.],
       [80.],
       [80.],
       [80.],
       [80.],
       [80.],
       [80.],
       [80.],
       [80.],
       [80.],
       [80.],
       [80.],
       [80.],
       [80.],
       [80.],
       [80.],
       [80.],
       [80.],
       [80.],
       [80.],
       [80.],
       [80.],
       [80.],
       [80.],
       [80.],
       [80.],
       [80.],
       [80.],
       [80.],
       [80.],
       [80.],
       [80.],
       [80.],
       [80.],
       [80.],
       [80.],
       [80.],
       [80.],
       [80.],
       [80.],
       [80.],
       [80.],
       [80.],
       [80.],
       [80.],
       [80.],
       [80.],
       [80.],
       [80.],
       [80.],
       [80.],
       [80.],
       [80.],
       [80.],
       [80.],
       [80.],
       [80.],
       [80.],
       [80.],
       [80.],
       [80.],
       [80.],
       [80.],
       [80.],
       [80.],
       [80.],
       [80.],
       [80.],
       [80.],
       [80.],
       [80.],
       [80.],
       [80.],
       [80.],
       [80.],
       [80.],
       [80.],
       [80.],
       [80.],
       [80.],
       [80.],
       [80.],
       [80.],
       [80.],
       [80.],
       [80.],
       [80.],
       [80.],
       [80.],
       [80.],
       [80.],
       [80.],
       [80.],
       [80.],
       [80.],
       [80.],
       [80.],
       [80.],
       [80.],
       [80.],
       [80.],
       [80.],
       [80.],
       [80.],
       [80.],
       [80.],
       [80.],
       [80.],
       [80.],
       [80.],
       [80.],
       [80.],
       [80.],
       [80.],
       [80.],
       [80.],
       [80.],
       [80.],
       [80.],
       [80.],
       [80.],
       [80.],
       [80.],
       [80.],
       [80.],
       [80.],
       [80.],
       [80.],
       [80.],
       [80.],
       [80.],
       [80.],
       [80.],
       [80.],
       [80.],
       [80.],
       [80.],
       [80.],
       [80.],
       [80.],
       [80.],
       [80.],
       [80.],
       [80.],
       [80.],
       [80.],
       [80.],
       [80.],
       [80.],
       [80.],
       [80.],
       [80.],
       [80.],
       [80.],
       [80.],
       [80.],
       [80.],
       [80.],
       [80.],
       [80.],
       [80.],
       [80.],
       [80.],
       [80.],
       [80.],
       [80.],
       [80.],
       [80.],
       [80.],
       [80.],
       [80.],
       [80.],
       [80.],
       [80.],
       [80.],
       [80.],
       [80.],
       [80.],
       [80.],
       [80.],
       [80.],
       [80.],
       [80.],
       [80.],
       [80.],
       [80.],
       [80.],
       [80.],
       [80.],
       [80.],
       [80.],
       [80.],
       [80.],
       [80.],
       [80.],
       [80.],
       [80.],
       [80.],
       [80.],
       [80.],
       [80.],
       [80.],
       [80.],
       [80.],
       [80.],
       [80.],
       [80.],
       [80.],
       [80.],
       [80.],
       [80.],
       [80.],
       [80.],
       [80.],
       [80.],
       [80.],
       [80.],
       [80.],
       [80.],
       [80.],
       [80.],
       [80.],
       [80.],
       [80.],
       [80.],
       [80.],
       [80.],
       [80.],
       [80.],
       [80.],
       [80.],
       [80.],
       [80.],
       [80.],
       [80.],
       [80.],
       [80.],
       [80.],
       [80.],
       [80.],
       [80.],
       [80.],
       [80.],
       [80.],
       [80.],
       [80.],
       [80.],
       [80.],
       [80.],
       [80.],
       [80.],
       [80.],
       [80.],
       [80.],
       [80.],
       [80.],
       [80.],
       [80.],
       [80.],
       [80.],
       [80.],
       [80.],
       [80.],
       [80.],
       [80.],
       [80.],
       [80.],
       [80.],
       [80.],
       [80.],
       [80.],
       [80.],
       [80.],
       [80.],
       [80.],
       [80.],
       [80.],
       [80.],
       [80.],
       [80.],
       [80.],
       [80.],
       [80.],
       [80.],
       [80.],
       [80.],
       [80.],
       [80.],
       [80.],
       [80.],
       [80.],
       [80.],
       [80.],
       [80.],
       [80.],
       [80.],
       [80.],
       [80.],
       [80.],
       [80.],
       [80.],
       [80.],
       [80.],
       [80.],
       [80.],
       [80.],
       [80.],
       [80.],
       [80.],
       [80.],
       [80.],
       [80.],
       [80.],
       [80.],
       [80.],
       [80.],
       [80.],
       [80.],
       [80.],
       [80.],
       [80.],
       [80.],
       [80.],
       [80.],
       [80.],
       [80.],
       [80.],
       [80.],
       [80.],
       [80.],
       [80.],
       [80.],
       [80.],
       [80.],
       [80.],
       [80.],
       [80.],
       [80.],
       [80.],
       [80.],
       [80.],
       [80.],
       [80.],
       [80.],
       [80.],
       [80.],
       [80.],
       [80.],
       [80.],
       [80.],
       [80.],
       [80.],
       [80.],
       [80.],
       [80.],
       [80.],
       [80.],
       [80.],
       [80.],
       [80.],
       [80.],
       [80.],
       [80.],
       [80.],
       [80.],
       [80.],
       [80.],
       [80.],
       [80.],
       [80.],
       [80.],
       [80.],
       [80.],
       [80.],
       [80.],
       [80.]]), 'dt': 0.01, 'N': 400, 'l': 1e-05}","{'Q': 105.26315789473684, 'gbar': 12.631578947368421, 'T': 10000, 'supervisor': array([[-1.89214982e-17],
       [ 4.44288287e-04],
       [ 8.88576529e-04],
       ...,
       [-1.33286468e-03],
       [-8.88576529e-04],
       [-4.44288287e-04]]), 'BIAS': array([[80.],
       [80.],
       [80.],
       [80.],
       [80.],
       [80.],
       [80.],
       [80.],
       [80.],
       [80.],
       [80.],
       [80.],
       [80.],
       [80.],
       [80.],
       [80.],
       [80.],
       [80.],
       [80.],
       [80.],
       [80.],
       [80.],
       [80.],
       [80.],
       [80.],
       [80.],
       [80.],
       [80.],
       [80.],
       [80.],
       [80.],
       [80.],
       [80.],
       [80.],
       [80.],
       [80.],
       [80.],
       [80.],
       [80.],
       [80.],
       [80.],
       [80.],
       [80.],
       [80.],
       [80.],
       [80.],
       [80.],
       [80.],
       [80.],
       [80.],
       [80.],
       [80.],
       [80.],
       [80.],
       [80.],
       [80.],
       [80.],
       [80.],
       [80.],
       [80.],
       [80.],
       [80.],
       [80.],
       [80.],
       [80.],
       [80.],
       [80.],
       [80.],
       [80.],
       [80.],
       [80.],
       [80.],
       [80.],
       [80.],
       [80.],
       [80.],
       [80.],
       [80.],
       [80.],
       [80.],
       [80.],
       [80.],
       [80.],
       [80.],
       [80.],
       [80.],
       [80.],
       [80.],
       [80.],
       [80.],
       [80.],
       [80.],
       [80.],
       [80.],
       [80.],
       [80.],
       [80.],
       [80.],
       [80.],
       [80.],
       [80.],
       [80.],
       [80.],
       [80.],
       [80.],
       [80.],
       [80.],
       [80.],
       [80.],
       [80.],
       [80.],
       [80.],
       [80.],
       [80.],
       [80.],
       [80.],
       [80.],
       [80.],
       [80.],
       [80.],
       [80.],
       [80.],
       [80.],
       [80.],
       [80.],
       [80.],
       [80.],
       [80.],
       [80.],
       [80.],
       [80.],
       [80.],
       [80.],
       [80.],
       [80.],
       [80.],
       [80.],
       [80.],
       [80.],
       [80.],
       [80.],
       [80.],
       [80.],
       [80.],
       [80.],
       [80.],
       [80.],
       [80.],
       [80.],
       [80.],
       [80.],
       [80.],
       [80.],
       [80.],
       [80.],
       [80.],
       [80.],
       [80.],
       [80.],
       [80.],
       [80.],
       [80.],
       [80.],
       [80.],
       [80.],
       [80.],
       [80.],
       [80.],
       [80.],
       [80.],
       [80.],
       [80.],
       [80.],
       [80.],
       [80.],
       [80.],
       [80.],
       [80.],
       [80.],
       [80.],
       [80.],
       [80.],
       [80.],
       [80.],
       [80.],
       [80.],
       [80.],
       [80.],
       [80.],
       [80.],
       [80.],
       [80.],
       [80.],
       [80.],
       [80.],
       [80.],
       [80.],
       [80.],
       [80.],
       [80.],
       [80.],
       [80.],
       [80.],
       [80.],
       [80.],
       [80.],
       [80.],
       [80.],
       [80.],
       [80.],
       [80.],
       [80.],
       [80.],
       [80.],
       [80.],
       [80.],
       [80.],
       [80.],
       [80.],
       [80.],
       [80.],
       [80.],
       [80.],
       [80.],
       [80.],
       [80.],
       [80.],
       [80.],
       [80.],
       [80.],
       [80.],
       [80.],
       [80.],
       [80.],
       [80.],
       [80.],
       [80.],
       [80.],
       [80.],
       [80.],
       [80.],
       [80.],
       [80.],
       [80.],
       [80.],
       [80.],
       [80.],
       [80.],
       [80.],
       [80.],
       [80.],
       [80.],
       [80.],
       [80.],
       [80.],
       [80.],
       [80.],
       [80.],
       [80.],
       [80.],
       [80.],
       [80.],
       [80.],
       [80.],
       [80.],
       [80.],
       [80.],
       [80.],
       [80.],
       [80.],
       [80.],
       [80.],
       [80.],
       [80.],
       [80.],
       [80.],
       [80.],
       [80.],
       [80.],
       [80.],
       [80.],
       [80.],
       [80.],
       [80.],
       [80.],
       [80.],
       [80.],
       [80.],
       [80.],
       [80.],
       [80.],
       [80.],
       [80.],
       [80.],
       [80.],
       [80.],
       [80.],
       [80.],
       [80.],
       [80.],
       [80.],
       [80.],
       [80.],
       [80.],
       [80.],
       [80.],
       [80.],
       [80.],
       [80.],
       [80.],
       [80.],
       [80.],
       [80.],
       [80.],
       [80.],
       [80.],
       [80.],
       [80.],
       [80.],
       [80.],
       [80.],
       [80.],
       [80.],
       [80.],
       [80.],
       [80.],
       [80.],
       [80.],
       [80.],
       [80.],
       [80.],
       [80.],
       [80.],
       [80.],
       [80.],
       [80.],
       [80.],
       [80.],
       [80.],
       [80.],
       [80.],
       [80.],
       [80.],
       [80.],
       [80.],
       [80.],
       [80.],
       [80.],
       [80.],
       [80.],
       [80.],
       [80.],
       [80.],
       [80.],
       [80.],
       [80.],
       [80.],
       [80.],
       [80.],
       [80.],
       [80.],
       [80.],
       [80.],
       [80.],
       [80.],
       [80.],
       [80.],
       [80.],
       [80.],
       [80.],
       [80.],
       [80.],
       [80.],
       [80.],
       [80.],
       [80.],
       [80.],
       [80.],
       [80.],
       [80.],
       [80.],
       [80.],
       [80.],
       [80.],
       [80.],
       [80.],
       [80.],
       [80.],
       [80.],
       [80.],
       [80.],
       [80.],
       [80.],
       [80.],
       [80.],
       [80.],
       [80.],
       [80.],
       [80.],
       [80.]]), 'dt': 0.01, 'N': 400, 'l': 1e-05}","{'Q': 105.26315789473684, 'gbar': 13.68421052631579, 'T': 10000, 'supervisor': array([[-1.89214982e-17],
       [ 4.44288287e-04],
       [ 8.88576529e-04],
       ...,
       [-1.33286468e-03],
       [-8.88576529e-04],
       [-4.44288287e-04]]), 'BIAS': array([[80.],
       [80.],
       [80.],
       [80.],
       [80.],
       [80.],
       [80.],
       [80.],
       [80.],
       [80.],
       [80.],
       [80.],
       [80.],
       [80.],
       [80.],
       [80.],
       [80.],
       [80.],
       [80.],
       [80.],
       [80.],
       [80.],
       [80.],
       [80.],
       [80.],
       [80.],
       [80.],
       [80.],
       [80.],
       [80.],
       [80.],
       [80.],
       [80.],
       [80.],
       [80.],
       [80.],
       [80.],
       [80.],
       [80.],
       [80.],
       [80.],
       [80.],
       [80.],
       [80.],
       [80.],
       [80.],
       [80.],
       [80.],
       [80.],
       [80.],
       [80.],
       [80.],
       [80.],
       [80.],
       [80.],
       [80.],
       [80.],
       [80.],
       [80.],
       [80.],
       [80.],
       [80.],
       [80.],
       [80.],
       [80.],
       [80.],
       [80.],
       [80.],
       [80.],
       [80.],
       [80.],
       [80.],
       [80.],
       [80.],
       [80.],
       [80.],
       [80.],
       [80.],
       [80.],
       [80.],
       [80.],
       [80.],
       [80.],
       [80.],
       [80.],
       [80.],
       [80.],
       [80.],
       [80.],
       [80.],
       [80.],
       [80.],
       [80.],
       [80.],
       [80.],
       [80.],
       [80.],
       [80.],
       [80.],
       [80.],
       [80.],
       [80.],
       [80.],
       [80.],
       [80.],
       [80.],
       [80.],
       [80.],
       [80.],
       [80.],
       [80.],
       [80.],
       [80.],
       [80.],
       [80.],
       [80.],
       [80.],
       [80.],
       [80.],
       [80.],
       [80.],
       [80.],
       [80.],
       [80.],
       [80.],
       [80.],
       [80.],
       [80.],
       [80.],
       [80.],
       [80.],
       [80.],
       [80.],
       [80.],
       [80.],
       [80.],
       [80.],
       [80.],
       [80.],
       [80.],
       [80.],
       [80.],
       [80.],
       [80.],
       [80.],
       [80.],
       [80.],
       [80.],
       [80.],
       [80.],
       [80.],
       [80.],
       [80.],
       [80.],
       [80.],
       [80.],
       [80.],
       [80.],
       [80.],
       [80.],
       [80.],
       [80.],
       [80.],
       [80.],
       [80.],
       [80.],
       [80.],
       [80.],
       [80.],
       [80.],
       [80.],
       [80.],
       [80.],
       [80.],
       [80.],
       [80.],
       [80.],
       [80.],
       [80.],
       [80.],
       [80.],
       [80.],
       [80.],
       [80.],
       [80.],
       [80.],
       [80.],
       [80.],
       [80.],
       [80.],
       [80.],
       [80.],
       [80.],
       [80.],
       [80.],
       [80.],
       [80.],
       [80.],
       [80.],
       [80.],
       [80.],
       [80.],
       [80.],
       [80.],
       [80.],
       [80.],
       [80.],
       [80.],
       [80.],
       [80.],
       [80.],
       [80.],
       [80.],
       [80.],
       [80.],
       [80.],
       [80.],
       [80.],
       [80.],
       [80.],
       [80.],
       [80.],
       [80.],
       [80.],
       [80.],
       [80.],
       [80.],
       [80.],
       [80.],
       [80.],
       [80.],
       [80.],
       [80.],
       [80.],
       [80.],
       [80.],
       [80.],
       [80.],
       [80.],
       [80.],
       [80.],
       [80.],
       [80.],
       [80.],
       [80.],
       [80.],
       [80.],
       [80.],
       [80.],
       [80.],
       [80.],
       [80.],
       [80.],
       [80.],
       [80.],
       [80.],
       [80.],
       [80.],
       [80.],
       [80.],
       [80.],
       [80.],
       [80.],
       [80.],
       [80.],
       [80.],
       [80.],
       [80.],
       [80.],
       [80.],
       [80.],
       [80.],
       [80.],
       [80.],
       [80.],
       [80.],
       [80.],
       [80.],
       [80.],
       [80.],
       [80.],
       [80.],
       [80.],
       [80.],
       [80.],
       [80.],
       [80.],
       [80.],
       [80.],
       [80.],
       [80.],
       [80.],
       [80.],
       [80.],
       [80.],
       [80.],
       [80.],
       [80.],
       [80.],
       [80.],
       [80.],
       [80.],
       [80.],
       [80.],
       [80.],
       [80.],
       [80.],
       [80.],
       [80.],
       [80.],
       [80.],
       [80.],
       [80.],
       [80.],
       [80.],
       [80.],
       [80.],
       [80.],
       [80.],
       [80.],
       [80.],
       [80.],
       [80.],
       [80.],
       [80.],
       [80.],
       [80.],
       [80.],
       [80.],
       [80.],
       [80.],
       [80.],
       [80.],
       [80.],
       [80.],
       [80.],
       [80.],
       [80.],
       [80.],
       [80.],
       [80.],
       [80.],
       [80.],
       [80.],
       [80.],
       [80.],
       [80.],
       [80.],
       [80.],
       [80.],
       [80.],
       [80.],
       [80.],
       [80.],
       [80.],
       [80.],
       [80.],
       [80.],
       [80.],
       [80.],
       [80.],
       [80.],
       [80.],
       [80.],
       [80.],
       [80.],
       [80.],
       [80.],
       [80.],
       [80.],
       [80.],
       [80.],
       [80.],
       [80.],
       [80.],
       [80.],
       [80.],
       [80.],
       [80.],
       [80.],
       [80.],
       [80.],
       [80.],
       [80.],
       [80.],
       [80.],
       [80.],
       [80.],
       [80.],
       [80.],
       [80.],
       [80.],
       [80.],
       [80.],
       [80.],
       [80.],
       [80.],
       [80.],
       [80.],
       [80.]]), 'dt': 0.01, 'N': 400, 'l': 1e-05}","{'Q': 105.26315789473684, 'gbar': 14.736842105263158, 'T': 10000, 'supervisor': array([[-1.89214982e-17],
       [ 4.44288287e-04],
       [ 8.88576529e-04],
       ...,
       [-1.33286468e-03],
       [-8.88576529e-04],
       [-4.44288287e-04]]), 'BIAS': array([[80.],
       [80.],
       [80.],
       [80.],
       [80.],
       [80.],
       [80.],
       [80.],
       [80.],
       [80.],
       [80.],
       [80.],
       [80.],
       [80.],
       [80.],
       [80.],
       [80.],
       [80.],
       [80.],
       [80.],
       [80.],
       [80.],
       [80.],
       [80.],
       [80.],
       [80.],
       [80.],
       [80.],
       [80.],
       [80.],
       [80.],
       [80.],
       [80.],
       [80.],
       [80.],
       [80.],
       [80.],
       [80.],
       [80.],
       [80.],
       [80.],
       [80.],
       [80.],
       [80.],
       [80.],
       [80.],
       [80.],
       [80.],
       [80.],
       [80.],
       [80.],
       [80.],
       [80.],
       [80.],
       [80.],
       [80.],
       [80.],
       [80.],
       [80.],
       [80.],
       [80.],
       [80.],
       [80.],
       [80.],
       [80.],
       [80.],
       [80.],
       [80.],
       [80.],
       [80.],
       [80.],
       [80.],
       [80.],
       [80.],
       [80.],
       [80.],
       [80.],
       [80.],
       [80.],
       [80.],
       [80.],
       [80.],
       [80.],
       [80.],
       [80.],
       [80.],
       [80.],
       [80.],
       [80.],
       [80.],
       [80.],
       [80.],
       [80.],
       [80.],
       [80.],
       [80.],
       [80.],
       [80.],
       [80.],
       [80.],
       [80.],
       [80.],
       [80.],
       [80.],
       [80.],
       [80.],
       [80.],
       [80.],
       [80.],
       [80.],
       [80.],
       [80.],
       [80.],
       [80.],
       [80.],
       [80.],
       [80.],
       [80.],
       [80.],
       [80.],
       [80.],
       [80.],
       [80.],
       [80.],
       [80.],
       [80.],
       [80.],
       [80.],
       [80.],
       [80.],
       [80.],
       [80.],
       [80.],
       [80.],
       [80.],
       [80.],
       [80.],
       [80.],
       [80.],
       [80.],
       [80.],
       [80.],
       [80.],
       [80.],
       [80.],
       [80.],
       [80.],
       [80.],
       [80.],
       [80.],
       [80.],
       [80.],
       [80.],
       [80.],
       [80.],
       [80.],
       [80.],
       [80.],
       [80.],
       [80.],
       [80.],
       [80.],
       [80.],
       [80.],
       [80.],
       [80.],
       [80.],
       [80.],
       [80.],
       [80.],
       [80.],
       [80.],
       [80.],
       [80.],
       [80.],
       [80.],
       [80.],
       [80.],
       [80.],
       [80.],
       [80.],
       [80.],
       [80.],
       [80.],
       [80.],
       [80.],
       [80.],
       [80.],
       [80.],
       [80.],
       [80.],
       [80.],
       [80.],
       [80.],
       [80.],
       [80.],
       [80.],
       [80.],
       [80.],
       [80.],
       [80.],
       [80.],
       [80.],
       [80.],
       [80.],
       [80.],
       [80.],
       [80.],
       [80.],
       [80.],
       [80.],
       [80.],
       [80.],
       [80.],
       [80.],
       [80.],
       [80.],
       [80.],
       [80.],
       [80.],
       [80.],
       [80.],
       [80.],
       [80.],
       [80.],
       [80.],
       [80.],
       [80.],
       [80.],
       [80.],
       [80.],
       [80.],
       [80.],
       [80.],
       [80.],
       [80.],
       [80.],
       [80.],
       [80.],
       [80.],
       [80.],
       [80.],
       [80.],
       [80.],
       [80.],
       [80.],
       [80.],
       [80.],
       [80.],
       [80.],
       [80.],
       [80.],
       [80.],
       [80.],
       [80.],
       [80.],
       [80.],
       [80.],
       [80.],
       [80.],
       [80.],
       [80.],
       [80.],
       [80.],
       [80.],
       [80.],
       [80.],
       [80.],
       [80.],
       [80.],
       [80.],
       [80.],
       [80.],
       [80.],
       [80.],
       [80.],
       [80.],
       [80.],
       [80.],
       [80.],
       [80.],
       [80.],
       [80.],
       [80.],
       [80.],
       [80.],
       [80.],
       [80.],
       [80.],
       [80.],
       [80.],
       [80.],
       [80.],
       [80.],
       [80.],
       [80.],
       [80.],
       [80.],
       [80.],
       [80.],
       [80.],
       [80.],
       [80.],
       [80.],
       [80.],
       [80.],
       [80.],
       [80.],
       [80.],
       [80.],
       [80.],
       [80.],
       [80.],
       [80.],
       [80.],
       [80.],
       [80.],
       [80.],
       [80.],
       [80.],
       [80.],
       [80.],
       [80.],
       [80.],
       [80.],
       [80.],
       [80.],
       [80.],
       [80.],
       [80.],
       [80.],
       [80.],
       [80.],
       [80.],
       [80.],
       [80.],
       [80.],
       [80.],
       [80.],
       [80.],
       [80.],
       [80.],
       [80.],
       [80.],
       [80.],
       [80.],
       [80.],
       [80.],
       [80.],
       [80.],
       [80.],
       [80.],
       [80.],
       [80.],
       [80.],
       [80.],
       [80.],
       [80.],
       [80.],
       [80.],
       [80.],
       [80.],
       [80.],
       [80.],
       [80.],
       [80.],
       [80.],
       [80.],
       [80.],
       [80.],
       [80.],
       [80.],
       [80.],
       [80.],
       [80.],
       [80.],
       [80.],
       [80.],
       [80.],
       [80.],
       [80.],
       [80.],
       [80.],
       [80.],
       [80.],
       [80.],
       [80.],
       [80.],
       [80.],
       [80.],
       [80.],
       [80.],
       [80.],
       [80.],
       [80.],
       [80.],
       [80.],
       [80.],
       [80.],
       [80.]]), 'dt': 0.01, 'N': 400, 'l': 1e-05}","{'Q': 105.26315789473684, 'gbar': 15.789473684210526, 'T': 10000, 'supervisor': array([[-1.89214982e-17],
       [ 4.44288287e-04],
       [ 8.88576529e-04],
       ...,
       [-1.33286468e-03],
       [-8.88576529e-04],
       [-4.44288287e-04]]), 'BIAS': array([[80.],
       [80.],
       [80.],
       [80.],
       [80.],
       [80.],
       [80.],
       [80.],
       [80.],
       [80.],
       [80.],
       [80.],
       [80.],
       [80.],
       [80.],
       [80.],
       [80.],
       [80.],
       [80.],
       [80.],
       [80.],
       [80.],
       [80.],
       [80.],
       [80.],
       [80.],
       [80.],
       [80.],
       [80.],
       [80.],
       [80.],
       [80.],
       [80.],
       [80.],
       [80.],
       [80.],
       [80.],
       [80.],
       [80.],
       [80.],
       [80.],
       [80.],
       [80.],
       [80.],
       [80.],
       [80.],
       [80.],
       [80.],
       [80.],
       [80.],
       [80.],
       [80.],
       [80.],
       [80.],
       [80.],
       [80.],
       [80.],
       [80.],
       [80.],
       [80.],
       [80.],
       [80.],
       [80.],
       [80.],
       [80.],
       [80.],
       [80.],
       [80.],
       [80.],
       [80.],
       [80.],
       [80.],
       [80.],
       [80.],
       [80.],
       [80.],
       [80.],
       [80.],
       [80.],
       [80.],
       [80.],
       [80.],
       [80.],
       [80.],
       [80.],
       [80.],
       [80.],
       [80.],
       [80.],
       [80.],
       [80.],
       [80.],
       [80.],
       [80.],
       [80.],
       [80.],
       [80.],
       [80.],
       [80.],
       [80.],
       [80.],
       [80.],
       [80.],
       [80.],
       [80.],
       [80.],
       [80.],
       [80.],
       [80.],
       [80.],
       [80.],
       [80.],
       [80.],
       [80.],
       [80.],
       [80.],
       [80.],
       [80.],
       [80.],
       [80.],
       [80.],
       [80.],
       [80.],
       [80.],
       [80.],
       [80.],
       [80.],
       [80.],
       [80.],
       [80.],
       [80.],
       [80.],
       [80.],
       [80.],
       [80.],
       [80.],
       [80.],
       [80.],
       [80.],
       [80.],
       [80.],
       [80.],
       [80.],
       [80.],
       [80.],
       [80.],
       [80.],
       [80.],
       [80.],
       [80.],
       [80.],
       [80.],
       [80.],
       [80.],
       [80.],
       [80.],
       [80.],
       [80.],
       [80.],
       [80.],
       [80.],
       [80.],
       [80.],
       [80.],
       [80.],
       [80.],
       [80.],
       [80.],
       [80.],
       [80.],
       [80.],
       [80.],
       [80.],
       [80.],
       [80.],
       [80.],
       [80.],
       [80.],
       [80.],
       [80.],
       [80.],
       [80.],
       [80.],
       [80.],
       [80.],
       [80.],
       [80.],
       [80.],
       [80.],
       [80.],
       [80.],
       [80.],
       [80.],
       [80.],
       [80.],
       [80.],
       [80.],
       [80.],
       [80.],
       [80.],
       [80.],
       [80.],
       [80.],
       [80.],
       [80.],
       [80.],
       [80.],
       [80.],
       [80.],
       [80.],
       [80.],
       [80.],
       [80.],
       [80.],
       [80.],
       [80.],
       [80.],
       [80.],
       [80.],
       [80.],
       [80.],
       [80.],
       [80.],
       [80.],
       [80.],
       [80.],
       [80.],
       [80.],
       [80.],
       [80.],
       [80.],
       [80.],
       [80.],
       [80.],
       [80.],
       [80.],
       [80.],
       [80.],
       [80.],
       [80.],
       [80.],
       [80.],
       [80.],
       [80.],
       [80.],
       [80.],
       [80.],
       [80.],
       [80.],
       [80.],
       [80.],
       [80.],
       [80.],
       [80.],
       [80.],
       [80.],
       [80.],
       [80.],
       [80.],
       [80.],
       [80.],
       [80.],
       [80.],
       [80.],
       [80.],
       [80.],
       [80.],
       [80.],
       [80.],
       [80.],
       [80.],
       [80.],
       [80.],
       [80.],
       [80.],
       [80.],
       [80.],
       [80.],
       [80.],
       [80.],
       [80.],
       [80.],
       [80.],
       [80.],
       [80.],
       [80.],
       [80.],
       [80.],
       [80.],
       [80.],
       [80.],
       [80.],
       [80.],
       [80.],
       [80.],
       [80.],
       [80.],
       [80.],
       [80.],
       [80.],
       [80.],
       [80.],
       [80.],
       [80.],
       [80.],
       [80.],
       [80.],
       [80.],
       [80.],
       [80.],
       [80.],
       [80.],
       [80.],
       [80.],
       [80.],
       [80.],
       [80.],
       [80.],
       [80.],
       [80.],
       [80.],
       [80.],
       [80.],
       [80.],
       [80.],
       [80.],
       [80.],
       [80.],
       [80.],
       [80.],
       [80.],
       [80.],
       [80.],
       [80.],
       [80.],
       [80.],
       [80.],
       [80.],
       [80.],
       [80.],
       [80.],
       [80.],
       [80.],
       [80.],
       [80.],
       [80.],
       [80.],
       [80.],
       [80.],
       [80.],
       [80.],
       [80.],
       [80.],
       [80.],
       [80.],
       [80.],
       [80.],
       [80.],
       [80.],
       [80.],
       [80.],
       [80.],
       [80.],
       [80.],
       [80.],
       [80.],
       [80.],
       [80.],
       [80.],
       [80.],
       [80.],
       [80.],
       [80.],
       [80.],
       [80.],
       [80.],
       [80.],
       [80.],
       [80.],
       [80.],
       [80.],
       [80.],
       [80.],
       [80.],
       [80.],
       [80.],
       [80.],
       [80.],
       [80.],
       [80.],
       [80.],
       [80.],
       [80.],
       [80.],
       [80.],
       [80.],
       [80.],
       [80.],
       [80.],
       [80.]]), 'dt': 0.01, 'N': 400, 'l': 1e-05}","{'Q': 105.26315789473684, 'gbar': 16.842105263157894, 'T': 10000, 'supervisor': array([[-1.89214982e-17],
       [ 4.44288287e-04],
       [ 8.88576529e-04],
       ...,
       [-1.33286468e-03],
       [-8.88576529e-04],
       [-4.44288287e-04]]), 'BIAS': array([[80.],
       [80.],
       [80.],
       [80.],
       [80.],
       [80.],
       [80.],
       [80.],
       [80.],
       [80.],
       [80.],
       [80.],
       [80.],
       [80.],
       [80.],
       [80.],
       [80.],
       [80.],
       [80.],
       [80.],
       [80.],
       [80.],
       [80.],
       [80.],
       [80.],
       [80.],
       [80.],
       [80.],
       [80.],
       [80.],
       [80.],
       [80.],
       [80.],
       [80.],
       [80.],
       [80.],
       [80.],
       [80.],
       [80.],
       [80.],
       [80.],
       [80.],
       [80.],
       [80.],
       [80.],
       [80.],
       [80.],
       [80.],
       [80.],
       [80.],
       [80.],
       [80.],
       [80.],
       [80.],
       [80.],
       [80.],
       [80.],
       [80.],
       [80.],
       [80.],
       [80.],
       [80.],
       [80.],
       [80.],
       [80.],
       [80.],
       [80.],
       [80.],
       [80.],
       [80.],
       [80.],
       [80.],
       [80.],
       [80.],
       [80.],
       [80.],
       [80.],
       [80.],
       [80.],
       [80.],
       [80.],
       [80.],
       [80.],
       [80.],
       [80.],
       [80.],
       [80.],
       [80.],
       [80.],
       [80.],
       [80.],
       [80.],
       [80.],
       [80.],
       [80.],
       [80.],
       [80.],
       [80.],
       [80.],
       [80.],
       [80.],
       [80.],
       [80.],
       [80.],
       [80.],
       [80.],
       [80.],
       [80.],
       [80.],
       [80.],
       [80.],
       [80.],
       [80.],
       [80.],
       [80.],
       [80.],
       [80.],
       [80.],
       [80.],
       [80.],
       [80.],
       [80.],
       [80.],
       [80.],
       [80.],
       [80.],
       [80.],
       [80.],
       [80.],
       [80.],
       [80.],
       [80.],
       [80.],
       [80.],
       [80.],
       [80.],
       [80.],
       [80.],
       [80.],
       [80.],
       [80.],
       [80.],
       [80.],
       [80.],
       [80.],
       [80.],
       [80.],
       [80.],
       [80.],
       [80.],
       [80.],
       [80.],
       [80.],
       [80.],
       [80.],
       [80.],
       [80.],
       [80.],
       [80.],
       [80.],
       [80.],
       [80.],
       [80.],
       [80.],
       [80.],
       [80.],
       [80.],
       [80.],
       [80.],
       [80.],
       [80.],
       [80.],
       [80.],
       [80.],
       [80.],
       [80.],
       [80.],
       [80.],
       [80.],
       [80.],
       [80.],
       [80.],
       [80.],
       [80.],
       [80.],
       [80.],
       [80.],
       [80.],
       [80.],
       [80.],
       [80.],
       [80.],
       [80.],
       [80.],
       [80.],
       [80.],
       [80.],
       [80.],
       [80.],
       [80.],
       [80.],
       [80.],
       [80.],
       [80.],
       [80.],
       [80.],
       [80.],
       [80.],
       [80.],
       [80.],
       [80.],
       [80.],
       [80.],
       [80.],
       [80.],
       [80.],
       [80.],
       [80.],
       [80.],
       [80.],
       [80.],
       [80.],
       [80.],
       [80.],
       [80.],
       [80.],
       [80.],
       [80.],
       [80.],
       [80.],
       [80.],
       [80.],
       [80.],
       [80.],
       [80.],
       [80.],
       [80.],
       [80.],
       [80.],
       [80.],
       [80.],
       [80.],
       [80.],
       [80.],
       [80.],
       [80.],
       [80.],
       [80.],
       [80.],
       [80.],
       [80.],
       [80.],
       [80.],
       [80.],
       [80.],
       [80.],
       [80.],
       [80.],
       [80.],
       [80.],
       [80.],
       [80.],
       [80.],
       [80.],
       [80.],
       [80.],
       [80.],
       [80.],
       [80.],
       [80.],
       [80.],
       [80.],
       [80.],
       [80.],
       [80.],
       [80.],
       [80.],
       [80.],
       [80.],
       [80.],
       [80.],
       [80.],
       [80.],
       [80.],
       [80.],
       [80.],
       [80.],
       [80.],
       [80.],
       [80.],
       [80.],
       [80.],
       [80.],
       [80.],
       [80.],
       [80.],
       [80.],
       [80.],
       [80.],
       [80.],
       [80.],
       [80.],
       [80.],
       [80.],
       [80.],
       [80.],
       [80.],
       [80.],
       [80.],
       [80.],
       [80.],
       [80.],
       [80.],
       [80.],
       [80.],
       [80.],
       [80.],
       [80.],
       [80.],
       [80.],
       [80.],
       [80.],
       [80.],
       [80.],
       [80.],
       [80.],
       [80.],
       [80.],
       [80.],
       [80.],
       [80.],
       [80.],
       [80.],
       [80.],
       [80.],
       [80.],
       [80.],
       [80.],
       [80.],
       [80.],
       [80.],
       [80.],
       [80.],
       [80.],
       [80.],
       [80.],
       [80.],
       [80.],
       [80.],
       [80.],
       [80.],
       [80.],
       [80.],
       [80.],
       [80.],
       [80.],
       [80.],
       [80.],
       [80.],
       [80.],
       [80.],
       [80.],
       [80.],
       [80.],
       [80.],
       [80.],
       [80.],
       [80.],
       [80.],
       [80.],
       [80.],
       [80.],
       [80.],
       [80.],
       [80.],
       [80.],
       [80.],
       [80.],
       [80.],
       [80.],
       [80.],
       [80.],
       [80.],
       [80.],
       [80.],
       [80.],
       [80.],
       [80.],
       [80.],
       [80.],
       [80.],
       [80.],
       [80.],
       [80.],
       [80.],
       [80.],
       [80.],
       [80.],
       [80.],
       [80.]]), 'dt': 0.01, 'N': 400, 'l': 1e-05}","{'Q': 105.26315789473684, 'gbar': 17.894736842105264, 'T': 10000, 'supervisor': array([[-1.89214982e-17],
       [ 4.44288287e-04],
       [ 8.88576529e-04],
       ...,
       [-1.33286468e-03],
       [-8.88576529e-04],
       [-4.44288287e-04]]), 'BIAS': array([[80.],
       [80.],
       [80.],
       [80.],
       [80.],
       [80.],
       [80.],
       [80.],
       [80.],
       [80.],
       [80.],
       [80.],
       [80.],
       [80.],
       [80.],
       [80.],
       [80.],
       [80.],
       [80.],
       [80.],
       [80.],
       [80.],
       [80.],
       [80.],
       [80.],
       [80.],
       [80.],
       [80.],
       [80.],
       [80.],
       [80.],
       [80.],
       [80.],
       [80.],
       [80.],
       [80.],
       [80.],
       [80.],
       [80.],
       [80.],
       [80.],
       [80.],
       [80.],
       [80.],
       [80.],
       [80.],
       [80.],
       [80.],
       [80.],
       [80.],
       [80.],
       [80.],
       [80.],
       [80.],
       [80.],
       [80.],
       [80.],
       [80.],
       [80.],
       [80.],
       [80.],
       [80.],
       [80.],
       [80.],
       [80.],
       [80.],
       [80.],
       [80.],
       [80.],
       [80.],
       [80.],
       [80.],
       [80.],
       [80.],
       [80.],
       [80.],
       [80.],
       [80.],
       [80.],
       [80.],
       [80.],
       [80.],
       [80.],
       [80.],
       [80.],
       [80.],
       [80.],
       [80.],
       [80.],
       [80.],
       [80.],
       [80.],
       [80.],
       [80.],
       [80.],
       [80.],
       [80.],
       [80.],
       [80.],
       [80.],
       [80.],
       [80.],
       [80.],
       [80.],
       [80.],
       [80.],
       [80.],
       [80.],
       [80.],
       [80.],
       [80.],
       [80.],
       [80.],
       [80.],
       [80.],
       [80.],
       [80.],
       [80.],
       [80.],
       [80.],
       [80.],
       [80.],
       [80.],
       [80.],
       [80.],
       [80.],
       [80.],
       [80.],
       [80.],
       [80.],
       [80.],
       [80.],
       [80.],
       [80.],
       [80.],
       [80.],
       [80.],
       [80.],
       [80.],
       [80.],
       [80.],
       [80.],
       [80.],
       [80.],
       [80.],
       [80.],
       [80.],
       [80.],
       [80.],
       [80.],
       [80.],
       [80.],
       [80.],
       [80.],
       [80.],
       [80.],
       [80.],
       [80.],
       [80.],
       [80.],
       [80.],
       [80.],
       [80.],
       [80.],
       [80.],
       [80.],
       [80.],
       [80.],
       [80.],
       [80.],
       [80.],
       [80.],
       [80.],
       [80.],
       [80.],
       [80.],
       [80.],
       [80.],
       [80.],
       [80.],
       [80.],
       [80.],
       [80.],
       [80.],
       [80.],
       [80.],
       [80.],
       [80.],
       [80.],
       [80.],
       [80.],
       [80.],
       [80.],
       [80.],
       [80.],
       [80.],
       [80.],
       [80.],
       [80.],
       [80.],
       [80.],
       [80.],
       [80.],
       [80.],
       [80.],
       [80.],
       [80.],
       [80.],
       [80.],
       [80.],
       [80.],
       [80.],
       [80.],
       [80.],
       [80.],
       [80.],
       [80.],
       [80.],
       [80.],
       [80.],
       [80.],
       [80.],
       [80.],
       [80.],
       [80.],
       [80.],
       [80.],
       [80.],
       [80.],
       [80.],
       [80.],
       [80.],
       [80.],
       [80.],
       [80.],
       [80.],
       [80.],
       [80.],
       [80.],
       [80.],
       [80.],
       [80.],
       [80.],
       [80.],
       [80.],
       [80.],
       [80.],
       [80.],
       [80.],
       [80.],
       [80.],
       [80.],
       [80.],
       [80.],
       [80.],
       [80.],
       [80.],
       [80.],
       [80.],
       [80.],
       [80.],
       [80.],
       [80.],
       [80.],
       [80.],
       [80.],
       [80.],
       [80.],
       [80.],
       [80.],
       [80.],
       [80.],
       [80.],
       [80.],
       [80.],
       [80.],
       [80.],
       [80.],
       [80.],
       [80.],
       [80.],
       [80.],
       [80.],
       [80.],
       [80.],
       [80.],
       [80.],
       [80.],
       [80.],
       [80.],
       [80.],
       [80.],
       [80.],
       [80.],
       [80.],
       [80.],
       [80.],
       [80.],
       [80.],
       [80.],
       [80.],
       [80.],
       [80.],
       [80.],
       [80.],
       [80.],
       [80.],
       [80.],
       [80.],
       [80.],
       [80.],
       [80.],
       [80.],
       [80.],
       [80.],
       [80.],
       [80.],
       [80.],
       [80.],
       [80.],
       [80.],
       [80.],
       [80.],
       [80.],
       [80.],
       [80.],
       [80.],
       [80.],
       [80.],
       [80.],
       [80.],
       [80.],
       [80.],
       [80.],
       [80.],
       [80.],
       [80.],
       [80.],
       [80.],
       [80.],
       [80.],
       [80.],
       [80.],
       [80.],
       [80.],
       [80.],
       [80.],
       [80.],
       [80.],
       [80.],
       [80.],
       [80.],
       [80.],
       [80.],
       [80.],
       [80.],
       [80.],
       [80.],
       [80.],
       [80.],
       [80.],
       [80.],
       [80.],
       [80.],
       [80.],
       [80.],
       [80.],
       [80.],
       [80.],
       [80.],
       [80.],
       [80.],
       [80.],
       [80.],
       [80.],
       [80.],
       [80.],
       [80.],
       [80.],
       [80.],
       [80.],
       [80.],
       [80.],
       [80.],
       [80.],
       [80.],
       [80.],
       [80.],
       [80.],
       [80.],
       [80.],
       [80.],
       [80.],
       [80.],
       [80.],
       [80.],
       [80.],
       [80.],
       [80.],
       [80.]]), 'dt': 0.01, 'N': 400, 'l': 1e-05}","{'Q': 105.26315789473684, 'gbar': 18.94736842105263, 'T': 10000, 'supervisor': array([[-1.89214982e-17],
       [ 4.44288287e-04],
       [ 8.88576529e-04],
       ...,
       [-1.33286468e-03],
       [-8.88576529e-04],
       [-4.44288287e-04]]), 'BIAS': array([[80.],
       [80.],
       [80.],
       [80.],
       [80.],
       [80.],
       [80.],
       [80.],
       [80.],
       [80.],
       [80.],
       [80.],
       [80.],
       [80.],
       [80.],
       [80.],
       [80.],
       [80.],
       [80.],
       [80.],
       [80.],
       [80.],
       [80.],
       [80.],
       [80.],
       [80.],
       [80.],
       [80.],
       [80.],
       [80.],
       [80.],
       [80.],
       [80.],
       [80.],
       [80.],
       [80.],
       [80.],
       [80.],
       [80.],
       [80.],
       [80.],
       [80.],
       [80.],
       [80.],
       [80.],
       [80.],
       [80.],
       [80.],
       [80.],
       [80.],
       [80.],
       [80.],
       [80.],
       [80.],
       [80.],
       [80.],
       [80.],
       [80.],
       [80.],
       [80.],
       [80.],
       [80.],
       [80.],
       [80.],
       [80.],
       [80.],
       [80.],
       [80.],
       [80.],
       [80.],
       [80.],
       [80.],
       [80.],
       [80.],
       [80.],
       [80.],
       [80.],
       [80.],
       [80.],
       [80.],
       [80.],
       [80.],
       [80.],
       [80.],
       [80.],
       [80.],
       [80.],
       [80.],
       [80.],
       [80.],
       [80.],
       [80.],
       [80.],
       [80.],
       [80.],
       [80.],
       [80.],
       [80.],
       [80.],
       [80.],
       [80.],
       [80.],
       [80.],
       [80.],
       [80.],
       [80.],
       [80.],
       [80.],
       [80.],
       [80.],
       [80.],
       [80.],
       [80.],
       [80.],
       [80.],
       [80.],
       [80.],
       [80.],
       [80.],
       [80.],
       [80.],
       [80.],
       [80.],
       [80.],
       [80.],
       [80.],
       [80.],
       [80.],
       [80.],
       [80.],
       [80.],
       [80.],
       [80.],
       [80.],
       [80.],
       [80.],
       [80.],
       [80.],
       [80.],
       [80.],
       [80.],
       [80.],
       [80.],
       [80.],
       [80.],
       [80.],
       [80.],
       [80.],
       [80.],
       [80.],
       [80.],
       [80.],
       [80.],
       [80.],
       [80.],
       [80.],
       [80.],
       [80.],
       [80.],
       [80.],
       [80.],
       [80.],
       [80.],
       [80.],
       [80.],
       [80.],
       [80.],
       [80.],
       [80.],
       [80.],
       [80.],
       [80.],
       [80.],
       [80.],
       [80.],
       [80.],
       [80.],
       [80.],
       [80.],
       [80.],
       [80.],
       [80.],
       [80.],
       [80.],
       [80.],
       [80.],
       [80.],
       [80.],
       [80.],
       [80.],
       [80.],
       [80.],
       [80.],
       [80.],
       [80.],
       [80.],
       [80.],
       [80.],
       [80.],
       [80.],
       [80.],
       [80.],
       [80.],
       [80.],
       [80.],
       [80.],
       [80.],
       [80.],
       [80.],
       [80.],
       [80.],
       [80.],
       [80.],
       [80.],
       [80.],
       [80.],
       [80.],
       [80.],
       [80.],
       [80.],
       [80.],
       [80.],
       [80.],
       [80.],
       [80.],
       [80.],
       [80.],
       [80.],
       [80.],
       [80.],
       [80.],
       [80.],
       [80.],
       [80.],
       [80.],
       [80.],
       [80.],
       [80.],
       [80.],
       [80.],
       [80.],
       [80.],
       [80.],
       [80.],
       [80.],
       [80.],
       [80.],
       [80.],
       [80.],
       [80.],
       [80.],
       [80.],
       [80.],
       [80.],
       [80.],
       [80.],
       [80.],
       [80.],
       [80.],
       [80.],
       [80.],
       [80.],
       [80.],
       [80.],
       [80.],
       [80.],
       [80.],
       [80.],
       [80.],
       [80.],
       [80.],
       [80.],
       [80.],
       [80.],
       [80.],
       [80.],
       [80.],
       [80.],
       [80.],
       [80.],
       [80.],
       [80.],
       [80.],
       [80.],
       [80.],
       [80.],
       [80.],
       [80.],
       [80.],
       [80.],
       [80.],
       [80.],
       [80.],
       [80.],
       [80.],
       [80.],
       [80.],
       [80.],
       [80.],
       [80.],
       [80.],
       [80.],
       [80.],
       [80.],
       [80.],
       [80.],
       [80.],
       [80.],
       [80.],
       [80.],
       [80.],
       [80.],
       [80.],
       [80.],
       [80.],
       [80.],
       [80.],
       [80.],
       [80.],
       [80.],
       [80.],
       [80.],
       [80.],
       [80.],
       [80.],
       [80.],
       [80.],
       [80.],
       [80.],
       [80.],
       [80.],
       [80.],
       [80.],
       [80.],
       [80.],
       [80.],
       [80.],
       [80.],
       [80.],
       [80.],
       [80.],
       [80.],
       [80.],
       [80.],
       [80.],
       [80.],
       [80.],
       [80.],
       [80.],
       [80.],
       [80.],
       [80.],
       [80.],
       [80.],
       [80.],
       [80.],
       [80.],
       [80.],
       [80.],
       [80.],
       [80.],
       [80.],
       [80.],
       [80.],
       [80.],
       [80.],
       [80.],
       [80.],
       [80.],
       [80.],
       [80.],
       [80.],
       [80.],
       [80.],
       [80.],
       [80.],
       [80.],
       [80.],
       [80.],
       [80.],
       [80.],
       [80.],
       [80.],
       [80.],
       [80.],
       [80.],
       [80.],
       [80.],
       [80.],
       [80.],
       [80.],
       [80.],
       [80.],
       [80.],
       [80.],
       [80.],
       [80.],
       [80.],
       [80.],
       [80.]]), 'dt': 0.01, 'N': 400, 'l': 1e-05}","{'Q': 105.26315789473684, 'gbar': 20.0, 'T': 10000, 'supervisor': array([[-1.89214982e-17],
       [ 4.44288287e-04],
       [ 8.88576529e-04],
       ...,
       [-1.33286468e-03],
       [-8.88576529e-04],
       [-4.44288287e-04]]), 'BIAS': array([[80.],
       [80.],
       [80.],
       [80.],
       [80.],
       [80.],
       [80.],
       [80.],
       [80.],
       [80.],
       [80.],
       [80.],
       [80.],
       [80.],
       [80.],
       [80.],
       [80.],
       [80.],
       [80.],
       [80.],
       [80.],
       [80.],
       [80.],
       [80.],
       [80.],
       [80.],
       [80.],
       [80.],
       [80.],
       [80.],
       [80.],
       [80.],
       [80.],
       [80.],
       [80.],
       [80.],
       [80.],
       [80.],
       [80.],
       [80.],
       [80.],
       [80.],
       [80.],
       [80.],
       [80.],
       [80.],
       [80.],
       [80.],
       [80.],
       [80.],
       [80.],
       [80.],
       [80.],
       [80.],
       [80.],
       [80.],
       [80.],
       [80.],
       [80.],
       [80.],
       [80.],
       [80.],
       [80.],
       [80.],
       [80.],
       [80.],
       [80.],
       [80.],
       [80.],
       [80.],
       [80.],
       [80.],
       [80.],
       [80.],
       [80.],
       [80.],
       [80.],
       [80.],
       [80.],
       [80.],
       [80.],
       [80.],
       [80.],
       [80.],
       [80.],
       [80.],
       [80.],
       [80.],
       [80.],
       [80.],
       [80.],
       [80.],
       [80.],
       [80.],
       [80.],
       [80.],
       [80.],
       [80.],
       [80.],
       [80.],
       [80.],
       [80.],
       [80.],
       [80.],
       [80.],
       [80.],
       [80.],
       [80.],
       [80.],
       [80.],
       [80.],
       [80.],
       [80.],
       [80.],
       [80.],
       [80.],
       [80.],
       [80.],
       [80.],
       [80.],
       [80.],
       [80.],
       [80.],
       [80.],
       [80.],
       [80.],
       [80.],
       [80.],
       [80.],
       [80.],
       [80.],
       [80.],
       [80.],
       [80.],
       [80.],
       [80.],
       [80.],
       [80.],
       [80.],
       [80.],
       [80.],
       [80.],
       [80.],
       [80.],
       [80.],
       [80.],
       [80.],
       [80.],
       [80.],
       [80.],
       [80.],
       [80.],
       [80.],
       [80.],
       [80.],
       [80.],
       [80.],
       [80.],
       [80.],
       [80.],
       [80.],
       [80.],
       [80.],
       [80.],
       [80.],
       [80.],
       [80.],
       [80.],
       [80.],
       [80.],
       [80.],
       [80.],
       [80.],
       [80.],
       [80.],
       [80.],
       [80.],
       [80.],
       [80.],
       [80.],
       [80.],
       [80.],
       [80.],
       [80.],
       [80.],
       [80.],
       [80.],
       [80.],
       [80.],
       [80.],
       [80.],
       [80.],
       [80.],
       [80.],
       [80.],
       [80.],
       [80.],
       [80.],
       [80.],
       [80.],
       [80.],
       [80.],
       [80.],
       [80.],
       [80.],
       [80.],
       [80.],
       [80.],
       [80.],
       [80.],
       [80.],
       [80.],
       [80.],
       [80.],
       [80.],
       [80.],
       [80.],
       [80.],
       [80.],
       [80.],
       [80.],
       [80.],
       [80.],
       [80.],
       [80.],
       [80.],
       [80.],
       [80.],
       [80.],
       [80.],
       [80.],
       [80.],
       [80.],
       [80.],
       [80.],
       [80.],
       [80.],
       [80.],
       [80.],
       [80.],
       [80.],
       [80.],
       [80.],
       [80.],
       [80.],
       [80.],
       [80.],
       [80.],
       [80.],
       [80.],
       [80.],
       [80.],
       [80.],
       [80.],
       [80.],
       [80.],
       [80.],
       [80.],
       [80.],
       [80.],
       [80.],
       [80.],
       [80.],
       [80.],
       [80.],
       [80.],
       [80.],
       [80.],
       [80.],
       [80.],
       [80.],
       [80.],
       [80.],
       [80.],
       [80.],
       [80.],
       [80.],
       [80.],
       [80.],
       [80.],
       [80.],
       [80.],
       [80.],
       [80.],
       [80.],
       [80.],
       [80.],
       [80.],
       [80.],
       [80.],
       [80.],
       [80.],
       [80.],
       [80.],
       [80.],
       [80.],
       [80.],
       [80.],
       [80.],
       [80.],
       [80.],
       [80.],
       [80.],
       [80.],
       [80.],
       [80.],
       [80.],
       [80.],
       [80.],
       [80.],
       [80.],
       [80.],
       [80.],
       [80.],
       [80.],
       [80.],
       [80.],
       [80.],
       [80.],
       [80.],
       [80.],
       [80.],
       [80.],
       [80.],
       [80.],
       [80.],
       [80.],
       [80.],
       [80.],
       [80.],
       [80.],
       [80.],
       [80.],
       [80.],
       [80.],
       [80.],
       [80.],
       [80.],
       [80.],
       [80.],
       [80.],
       [80.],
       [80.],
       [80.],
       [80.],
       [80.],
       [80.],
       [80.],
       [80.],
       [80.],
       [80.],
       [80.],
       [80.],
       [80.],
       [80.],
       [80.],
       [80.],
       [80.],
       [80.],
       [80.],
       [80.],
       [80.],
       [80.],
       [80.],
       [80.],
       [80.],
       [80.],
       [80.],
       [80.],
       [80.],
       [80.],
       [80.],
       [80.],
       [80.],
       [80.],
       [80.],
       [80.],
       [80.],
       [80.],
       [80.],
       [80.],
       [80.],
       [80.],
       [80.],
       [80.],
       [80.],
       [80.],
       [80.],
       [80.],
       [80.],
       [80.],
       [80.],
       [80.],
       [80.],
       [80.],
       [80.],
       [80.],
       [80.],
       [80.],
       [80.]]), 'dt': 0.01, 'N': 400, 'l': 1e-05}"
"{'Q': 131.57894736842104, 'gbar': 0.0, 'T': 10000, 'supervisor': array([[-1.89214982e-17],
       [ 4.44288287e-04],
       [ 8.88576529e-04],
       ...,
       [-1.33286468e-03],
       [-8.88576529e-04],
       [-4.44288287e-04]]), 'BIAS': array([[80.],
       [80.],
       [80.],
       [80.],
       [80.],
       [80.],
       [80.],
       [80.],
       [80.],
       [80.],
       [80.],
       [80.],
       [80.],
       [80.],
       [80.],
       [80.],
       [80.],
       [80.],
       [80.],
       [80.],
       [80.],
       [80.],
       [80.],
       [80.],
       [80.],
       [80.],
       [80.],
       [80.],
       [80.],
       [80.],
       [80.],
       [80.],
       [80.],
       [80.],
       [80.],
       [80.],
       [80.],
       [80.],
       [80.],
       [80.],
       [80.],
       [80.],
       [80.],
       [80.],
       [80.],
       [80.],
       [80.],
       [80.],
       [80.],
       [80.],
       [80.],
       [80.],
       [80.],
       [80.],
       [80.],
       [80.],
       [80.],
       [80.],
       [80.],
       [80.],
       [80.],
       [80.],
       [80.],
       [80.],
       [80.],
       [80.],
       [80.],
       [80.],
       [80.],
       [80.],
       [80.],
       [80.],
       [80.],
       [80.],
       [80.],
       [80.],
       [80.],
       [80.],
       [80.],
       [80.],
       [80.],
       [80.],
       [80.],
       [80.],
       [80.],
       [80.],
       [80.],
       [80.],
       [80.],
       [80.],
       [80.],
       [80.],
       [80.],
       [80.],
       [80.],
       [80.],
       [80.],
       [80.],
       [80.],
       [80.],
       [80.],
       [80.],
       [80.],
       [80.],
       [80.],
       [80.],
       [80.],
       [80.],
       [80.],
       [80.],
       [80.],
       [80.],
       [80.],
       [80.],
       [80.],
       [80.],
       [80.],
       [80.],
       [80.],
       [80.],
       [80.],
       [80.],
       [80.],
       [80.],
       [80.],
       [80.],
       [80.],
       [80.],
       [80.],
       [80.],
       [80.],
       [80.],
       [80.],
       [80.],
       [80.],
       [80.],
       [80.],
       [80.],
       [80.],
       [80.],
       [80.],
       [80.],
       [80.],
       [80.],
       [80.],
       [80.],
       [80.],
       [80.],
       [80.],
       [80.],
       [80.],
       [80.],
       [80.],
       [80.],
       [80.],
       [80.],
       [80.],
       [80.],
       [80.],
       [80.],
       [80.],
       [80.],
       [80.],
       [80.],
       [80.],
       [80.],
       [80.],
       [80.],
       [80.],
       [80.],
       [80.],
       [80.],
       [80.],
       [80.],
       [80.],
       [80.],
       [80.],
       [80.],
       [80.],
       [80.],
       [80.],
       [80.],
       [80.],
       [80.],
       [80.],
       [80.],
       [80.],
       [80.],
       [80.],
       [80.],
       [80.],
       [80.],
       [80.],
       [80.],
       [80.],
       [80.],
       [80.],
       [80.],
       [80.],
       [80.],
       [80.],
       [80.],
       [80.],
       [80.],
       [80.],
       [80.],
       [80.],
       [80.],
       [80.],
       [80.],
       [80.],
       [80.],
       [80.],
       [80.],
       [80.],
       [80.],
       [80.],
       [80.],
       [80.],
       [80.],
       [80.],
       [80.],
       [80.],
       [80.],
       [80.],
       [80.],
       [80.],
       [80.],
       [80.],
       [80.],
       [80.],
       [80.],
       [80.],
       [80.],
       [80.],
       [80.],
       [80.],
       [80.],
       [80.],
       [80.],
       [80.],
       [80.],
       [80.],
       [80.],
       [80.],
       [80.],
       [80.],
       [80.],
       [80.],
       [80.],
       [80.],
       [80.],
       [80.],
       [80.],
       [80.],
       [80.],
       [80.],
       [80.],
       [80.],
       [80.],
       [80.],
       [80.],
       [80.],
       [80.],
       [80.],
       [80.],
       [80.],
       [80.],
       [80.],
       [80.],
       [80.],
       [80.],
       [80.],
       [80.],
       [80.],
       [80.],
       [80.],
       [80.],
       [80.],
       [80.],
       [80.],
       [80.],
       [80.],
       [80.],
       [80.],
       [80.],
       [80.],
       [80.],
       [80.],
       [80.],
       [80.],
       [80.],
       [80.],
       [80.],
       [80.],
       [80.],
       [80.],
       [80.],
       [80.],
       [80.],
       [80.],
       [80.],
       [80.],
       [80.],
       [80.],
       [80.],
       [80.],
       [80.],
       [80.],
       [80.],
       [80.],
       [80.],
       [80.],
       [80.],
       [80.],
       [80.],
       [80.],
       [80.],
       [80.],
       [80.],
       [80.],
       [80.],
       [80.],
       [80.],
       [80.],
       [80.],
       [80.],
       [80.],
       [80.],
       [80.],
       [80.],
       [80.],
       [80.],
       [80.],
       [80.],
       [80.],
       [80.],
       [80.],
       [80.],
       [80.],
       [80.],
       [80.],
       [80.],
       [80.],
       [80.],
       [80.],
       [80.],
       [80.],
       [80.],
       [80.],
       [80.],
       [80.],
       [80.],
       [80.],
       [80.],
       [80.],
       [80.],
       [80.],
       [80.],
       [80.],
       [80.],
       [80.],
       [80.],
       [80.],
       [80.],
       [80.],
       [80.],
       [80.],
       [80.],
       [80.],
       [80.],
       [80.],
       [80.],
       [80.],
       [80.],
       [80.],
       [80.],
       [80.],
       [80.],
       [80.],
       [80.],
       [80.],
       [80.],
       [80.],
       [80.],
       [80.],
       [80.],
       [80.],
       [80.],
       [80.],
       [80.],
       [80.],
       [80.],
       [80.],
       [80.],
       [80.],
       [80.],
       [80.],
       [80.],
       [80.]]), 'dt': 0.01, 'N': 400, 'l': 1e-05}","{'Q': 131.57894736842104, 'gbar': 1.0526315789473684, 'T': 10000, 'supervisor': array([[-1.89214982e-17],
       [ 4.44288287e-04],
       [ 8.88576529e-04],
       ...,
       [-1.33286468e-03],
       [-8.88576529e-04],
       [-4.44288287e-04]]), 'BIAS': array([[80.],
       [80.],
       [80.],
       [80.],
       [80.],
       [80.],
       [80.],
       [80.],
       [80.],
       [80.],
       [80.],
       [80.],
       [80.],
       [80.],
       [80.],
       [80.],
       [80.],
       [80.],
       [80.],
       [80.],
       [80.],
       [80.],
       [80.],
       [80.],
       [80.],
       [80.],
       [80.],
       [80.],
       [80.],
       [80.],
       [80.],
       [80.],
       [80.],
       [80.],
       [80.],
       [80.],
       [80.],
       [80.],
       [80.],
       [80.],
       [80.],
       [80.],
       [80.],
       [80.],
       [80.],
       [80.],
       [80.],
       [80.],
       [80.],
       [80.],
       [80.],
       [80.],
       [80.],
       [80.],
       [80.],
       [80.],
       [80.],
       [80.],
       [80.],
       [80.],
       [80.],
       [80.],
       [80.],
       [80.],
       [80.],
       [80.],
       [80.],
       [80.],
       [80.],
       [80.],
       [80.],
       [80.],
       [80.],
       [80.],
       [80.],
       [80.],
       [80.],
       [80.],
       [80.],
       [80.],
       [80.],
       [80.],
       [80.],
       [80.],
       [80.],
       [80.],
       [80.],
       [80.],
       [80.],
       [80.],
       [80.],
       [80.],
       [80.],
       [80.],
       [80.],
       [80.],
       [80.],
       [80.],
       [80.],
       [80.],
       [80.],
       [80.],
       [80.],
       [80.],
       [80.],
       [80.],
       [80.],
       [80.],
       [80.],
       [80.],
       [80.],
       [80.],
       [80.],
       [80.],
       [80.],
       [80.],
       [80.],
       [80.],
       [80.],
       [80.],
       [80.],
       [80.],
       [80.],
       [80.],
       [80.],
       [80.],
       [80.],
       [80.],
       [80.],
       [80.],
       [80.],
       [80.],
       [80.],
       [80.],
       [80.],
       [80.],
       [80.],
       [80.],
       [80.],
       [80.],
       [80.],
       [80.],
       [80.],
       [80.],
       [80.],
       [80.],
       [80.],
       [80.],
       [80.],
       [80.],
       [80.],
       [80.],
       [80.],
       [80.],
       [80.],
       [80.],
       [80.],
       [80.],
       [80.],
       [80.],
       [80.],
       [80.],
       [80.],
       [80.],
       [80.],
       [80.],
       [80.],
       [80.],
       [80.],
       [80.],
       [80.],
       [80.],
       [80.],
       [80.],
       [80.],
       [80.],
       [80.],
       [80.],
       [80.],
       [80.],
       [80.],
       [80.],
       [80.],
       [80.],
       [80.],
       [80.],
       [80.],
       [80.],
       [80.],
       [80.],
       [80.],
       [80.],
       [80.],
       [80.],
       [80.],
       [80.],
       [80.],
       [80.],
       [80.],
       [80.],
       [80.],
       [80.],
       [80.],
       [80.],
       [80.],
       [80.],
       [80.],
       [80.],
       [80.],
       [80.],
       [80.],
       [80.],
       [80.],
       [80.],
       [80.],
       [80.],
       [80.],
       [80.],
       [80.],
       [80.],
       [80.],
       [80.],
       [80.],
       [80.],
       [80.],
       [80.],
       [80.],
       [80.],
       [80.],
       [80.],
       [80.],
       [80.],
       [80.],
       [80.],
       [80.],
       [80.],
       [80.],
       [80.],
       [80.],
       [80.],
       [80.],
       [80.],
       [80.],
       [80.],
       [80.],
       [80.],
       [80.],
       [80.],
       [80.],
       [80.],
       [80.],
       [80.],
       [80.],
       [80.],
       [80.],
       [80.],
       [80.],
       [80.],
       [80.],
       [80.],
       [80.],
       [80.],
       [80.],
       [80.],
       [80.],
       [80.],
       [80.],
       [80.],
       [80.],
       [80.],
       [80.],
       [80.],
       [80.],
       [80.],
       [80.],
       [80.],
       [80.],
       [80.],
       [80.],
       [80.],
       [80.],
       [80.],
       [80.],
       [80.],
       [80.],
       [80.],
       [80.],
       [80.],
       [80.],
       [80.],
       [80.],
       [80.],
       [80.],
       [80.],
       [80.],
       [80.],
       [80.],
       [80.],
       [80.],
       [80.],
       [80.],
       [80.],
       [80.],
       [80.],
       [80.],
       [80.],
       [80.],
       [80.],
       [80.],
       [80.],
       [80.],
       [80.],
       [80.],
       [80.],
       [80.],
       [80.],
       [80.],
       [80.],
       [80.],
       [80.],
       [80.],
       [80.],
       [80.],
       [80.],
       [80.],
       [80.],
       [80.],
       [80.],
       [80.],
       [80.],
       [80.],
       [80.],
       [80.],
       [80.],
       [80.],
       [80.],
       [80.],
       [80.],
       [80.],
       [80.],
       [80.],
       [80.],
       [80.],
       [80.],
       [80.],
       [80.],
       [80.],
       [80.],
       [80.],
       [80.],
       [80.],
       [80.],
       [80.],
       [80.],
       [80.],
       [80.],
       [80.],
       [80.],
       [80.],
       [80.],
       [80.],
       [80.],
       [80.],
       [80.],
       [80.],
       [80.],
       [80.],
       [80.],
       [80.],
       [80.],
       [80.],
       [80.],
       [80.],
       [80.],
       [80.],
       [80.],
       [80.],
       [80.],
       [80.],
       [80.],
       [80.],
       [80.],
       [80.],
       [80.],
       [80.],
       [80.],
       [80.],
       [80.],
       [80.],
       [80.],
       [80.],
       [80.],
       [80.],
       [80.],
       [80.],
       [80.],
       [80.],
       [80.],
       [80.],
       [80.]]), 'dt': 0.01, 'N': 400, 'l': 1e-05}","{'Q': 131.57894736842104, 'gbar': 2.1052631578947367, 'T': 10000, 'supervisor': array([[-1.89214982e-17],
       [ 4.44288287e-04],
       [ 8.88576529e-04],
       ...,
       [-1.33286468e-03],
       [-8.88576529e-04],
       [-4.44288287e-04]]), 'BIAS': array([[80.],
       [80.],
       [80.],
       [80.],
       [80.],
       [80.],
       [80.],
       [80.],
       [80.],
       [80.],
       [80.],
       [80.],
       [80.],
       [80.],
       [80.],
       [80.],
       [80.],
       [80.],
       [80.],
       [80.],
       [80.],
       [80.],
       [80.],
       [80.],
       [80.],
       [80.],
       [80.],
       [80.],
       [80.],
       [80.],
       [80.],
       [80.],
       [80.],
       [80.],
       [80.],
       [80.],
       [80.],
       [80.],
       [80.],
       [80.],
       [80.],
       [80.],
       [80.],
       [80.],
       [80.],
       [80.],
       [80.],
       [80.],
       [80.],
       [80.],
       [80.],
       [80.],
       [80.],
       [80.],
       [80.],
       [80.],
       [80.],
       [80.],
       [80.],
       [80.],
       [80.],
       [80.],
       [80.],
       [80.],
       [80.],
       [80.],
       [80.],
       [80.],
       [80.],
       [80.],
       [80.],
       [80.],
       [80.],
       [80.],
       [80.],
       [80.],
       [80.],
       [80.],
       [80.],
       [80.],
       [80.],
       [80.],
       [80.],
       [80.],
       [80.],
       [80.],
       [80.],
       [80.],
       [80.],
       [80.],
       [80.],
       [80.],
       [80.],
       [80.],
       [80.],
       [80.],
       [80.],
       [80.],
       [80.],
       [80.],
       [80.],
       [80.],
       [80.],
       [80.],
       [80.],
       [80.],
       [80.],
       [80.],
       [80.],
       [80.],
       [80.],
       [80.],
       [80.],
       [80.],
       [80.],
       [80.],
       [80.],
       [80.],
       [80.],
       [80.],
       [80.],
       [80.],
       [80.],
       [80.],
       [80.],
       [80.],
       [80.],
       [80.],
       [80.],
       [80.],
       [80.],
       [80.],
       [80.],
       [80.],
       [80.],
       [80.],
       [80.],
       [80.],
       [80.],
       [80.],
       [80.],
       [80.],
       [80.],
       [80.],
       [80.],
       [80.],
       [80.],
       [80.],
       [80.],
       [80.],
       [80.],
       [80.],
       [80.],
       [80.],
       [80.],
       [80.],
       [80.],
       [80.],
       [80.],
       [80.],
       [80.],
       [80.],
       [80.],
       [80.],
       [80.],
       [80.],
       [80.],
       [80.],
       [80.],
       [80.],
       [80.],
       [80.],
       [80.],
       [80.],
       [80.],
       [80.],
       [80.],
       [80.],
       [80.],
       [80.],
       [80.],
       [80.],
       [80.],
       [80.],
       [80.],
       [80.],
       [80.],
       [80.],
       [80.],
       [80.],
       [80.],
       [80.],
       [80.],
       [80.],
       [80.],
       [80.],
       [80.],
       [80.],
       [80.],
       [80.],
       [80.],
       [80.],
       [80.],
       [80.],
       [80.],
       [80.],
       [80.],
       [80.],
       [80.],
       [80.],
       [80.],
       [80.],
       [80.],
       [80.],
       [80.],
       [80.],
       [80.],
       [80.],
       [80.],
       [80.],
       [80.],
       [80.],
       [80.],
       [80.],
       [80.],
       [80.],
       [80.],
       [80.],
       [80.],
       [80.],
       [80.],
       [80.],
       [80.],
       [80.],
       [80.],
       [80.],
       [80.],
       [80.],
       [80.],
       [80.],
       [80.],
       [80.],
       [80.],
       [80.],
       [80.],
       [80.],
       [80.],
       [80.],
       [80.],
       [80.],
       [80.],
       [80.],
       [80.],
       [80.],
       [80.],
       [80.],
       [80.],
       [80.],
       [80.],
       [80.],
       [80.],
       [80.],
       [80.],
       [80.],
       [80.],
       [80.],
       [80.],
       [80.],
       [80.],
       [80.],
       [80.],
       [80.],
       [80.],
       [80.],
       [80.],
       [80.],
       [80.],
       [80.],
       [80.],
       [80.],
       [80.],
       [80.],
       [80.],
       [80.],
       [80.],
       [80.],
       [80.],
       [80.],
       [80.],
       [80.],
       [80.],
       [80.],
       [80.],
       [80.],
       [80.],
       [80.],
       [80.],
       [80.],
       [80.],
       [80.],
       [80.],
       [80.],
       [80.],
       [80.],
       [80.],
       [80.],
       [80.],
       [80.],
       [80.],
       [80.],
       [80.],
       [80.],
       [80.],
       [80.],
       [80.],
       [80.],
       [80.],
       [80.],
       [80.],
       [80.],
       [80.],
       [80.],
       [80.],
       [80.],
       [80.],
       [80.],
       [80.],
       [80.],
       [80.],
       [80.],
       [80.],
       [80.],
       [80.],
       [80.],
       [80.],
       [80.],
       [80.],
       [80.],
       [80.],
       [80.],
       [80.],
       [80.],
       [80.],
       [80.],
       [80.],
       [80.],
       [80.],
       [80.],
       [80.],
       [80.],
       [80.],
       [80.],
       [80.],
       [80.],
       [80.],
       [80.],
       [80.],
       [80.],
       [80.],
       [80.],
       [80.],
       [80.],
       [80.],
       [80.],
       [80.],
       [80.],
       [80.],
       [80.],
       [80.],
       [80.],
       [80.],
       [80.],
       [80.],
       [80.],
       [80.],
       [80.],
       [80.],
       [80.],
       [80.],
       [80.],
       [80.],
       [80.],
       [80.],
       [80.],
       [80.],
       [80.],
       [80.],
       [80.],
       [80.],
       [80.],
       [80.],
       [80.],
       [80.],
       [80.],
       [80.],
       [80.],
       [80.],
       [80.],
       [80.],
       [80.]]), 'dt': 0.01, 'N': 400, 'l': 1e-05}","{'Q': 131.57894736842104, 'gbar': 3.1578947368421053, 'T': 10000, 'supervisor': array([[-1.89214982e-17],
       [ 4.44288287e-04],
       [ 8.88576529e-04],
       ...,
       [-1.33286468e-03],
       [-8.88576529e-04],
       [-4.44288287e-04]]), 'BIAS': array([[80.],
       [80.],
       [80.],
       [80.],
       [80.],
       [80.],
       [80.],
       [80.],
       [80.],
       [80.],
       [80.],
       [80.],
       [80.],
       [80.],
       [80.],
       [80.],
       [80.],
       [80.],
       [80.],
       [80.],
       [80.],
       [80.],
       [80.],
       [80.],
       [80.],
       [80.],
       [80.],
       [80.],
       [80.],
       [80.],
       [80.],
       [80.],
       [80.],
       [80.],
       [80.],
       [80.],
       [80.],
       [80.],
       [80.],
       [80.],
       [80.],
       [80.],
       [80.],
       [80.],
       [80.],
       [80.],
       [80.],
       [80.],
       [80.],
       [80.],
       [80.],
       [80.],
       [80.],
       [80.],
       [80.],
       [80.],
       [80.],
       [80.],
       [80.],
       [80.],
       [80.],
       [80.],
       [80.],
       [80.],
       [80.],
       [80.],
       [80.],
       [80.],
       [80.],
       [80.],
       [80.],
       [80.],
       [80.],
       [80.],
       [80.],
       [80.],
       [80.],
       [80.],
       [80.],
       [80.],
       [80.],
       [80.],
       [80.],
       [80.],
       [80.],
       [80.],
       [80.],
       [80.],
       [80.],
       [80.],
       [80.],
       [80.],
       [80.],
       [80.],
       [80.],
       [80.],
       [80.],
       [80.],
       [80.],
       [80.],
       [80.],
       [80.],
       [80.],
       [80.],
       [80.],
       [80.],
       [80.],
       [80.],
       [80.],
       [80.],
       [80.],
       [80.],
       [80.],
       [80.],
       [80.],
       [80.],
       [80.],
       [80.],
       [80.],
       [80.],
       [80.],
       [80.],
       [80.],
       [80.],
       [80.],
       [80.],
       [80.],
       [80.],
       [80.],
       [80.],
       [80.],
       [80.],
       [80.],
       [80.],
       [80.],
       [80.],
       [80.],
       [80.],
       [80.],
       [80.],
       [80.],
       [80.],
       [80.],
       [80.],
       [80.],
       [80.],
       [80.],
       [80.],
       [80.],
       [80.],
       [80.],
       [80.],
       [80.],
       [80.],
       [80.],
       [80.],
       [80.],
       [80.],
       [80.],
       [80.],
       [80.],
       [80.],
       [80.],
       [80.],
       [80.],
       [80.],
       [80.],
       [80.],
       [80.],
       [80.],
       [80.],
       [80.],
       [80.],
       [80.],
       [80.],
       [80.],
       [80.],
       [80.],
       [80.],
       [80.],
       [80.],
       [80.],
       [80.],
       [80.],
       [80.],
       [80.],
       [80.],
       [80.],
       [80.],
       [80.],
       [80.],
       [80.],
       [80.],
       [80.],
       [80.],
       [80.],
       [80.],
       [80.],
       [80.],
       [80.],
       [80.],
       [80.],
       [80.],
       [80.],
       [80.],
       [80.],
       [80.],
       [80.],
       [80.],
       [80.],
       [80.],
       [80.],
       [80.],
       [80.],
       [80.],
       [80.],
       [80.],
       [80.],
       [80.],
       [80.],
       [80.],
       [80.],
       [80.],
       [80.],
       [80.],
       [80.],
       [80.],
       [80.],
       [80.],
       [80.],
       [80.],
       [80.],
       [80.],
       [80.],
       [80.],
       [80.],
       [80.],
       [80.],
       [80.],
       [80.],
       [80.],
       [80.],
       [80.],
       [80.],
       [80.],
       [80.],
       [80.],
       [80.],
       [80.],
       [80.],
       [80.],
       [80.],
       [80.],
       [80.],
       [80.],
       [80.],
       [80.],
       [80.],
       [80.],
       [80.],
       [80.],
       [80.],
       [80.],
       [80.],
       [80.],
       [80.],
       [80.],
       [80.],
       [80.],
       [80.],
       [80.],
       [80.],
       [80.],
       [80.],
       [80.],
       [80.],
       [80.],
       [80.],
       [80.],
       [80.],
       [80.],
       [80.],
       [80.],
       [80.],
       [80.],
       [80.],
       [80.],
       [80.],
       [80.],
       [80.],
       [80.],
       [80.],
       [80.],
       [80.],
       [80.],
       [80.],
       [80.],
       [80.],
       [80.],
       [80.],
       [80.],
       [80.],
       [80.],
       [80.],
       [80.],
       [80.],
       [80.],
       [80.],
       [80.],
       [80.],
       [80.],
       [80.],
       [80.],
       [80.],
       [80.],
       [80.],
       [80.],
       [80.],
       [80.],
       [80.],
       [80.],
       [80.],
       [80.],
       [80.],
       [80.],
       [80.],
       [80.],
       [80.],
       [80.],
       [80.],
       [80.],
       [80.],
       [80.],
       [80.],
       [80.],
       [80.],
       [80.],
       [80.],
       [80.],
       [80.],
       [80.],
       [80.],
       [80.],
       [80.],
       [80.],
       [80.],
       [80.],
       [80.],
       [80.],
       [80.],
       [80.],
       [80.],
       [80.],
       [80.],
       [80.],
       [80.],
       [80.],
       [80.],
       [80.],
       [80.],
       [80.],
       [80.],
       [80.],
       [80.],
       [80.],
       [80.],
       [80.],
       [80.],
       [80.],
       [80.],
       [80.],
       [80.],
       [80.],
       [80.],
       [80.],
       [80.],
       [80.],
       [80.],
       [80.],
       [80.],
       [80.],
       [80.],
       [80.],
       [80.],
       [80.],
       [80.],
       [80.],
       [80.],
       [80.],
       [80.],
       [80.],
       [80.],
       [80.],
       [80.],
       [80.],
       [80.],
       [80.],
       [80.],
       [80.],
       [80.]]), 'dt': 0.01, 'N': 400, 'l': 1e-05}","{'Q': 131.57894736842104, 'gbar': 4.2105263157894735, 'T': 10000, 'supervisor': array([[-1.89214982e-17],
       [ 4.44288287e-04],
       [ 8.88576529e-04],
       ...,
       [-1.33286468e-03],
       [-8.88576529e-04],
       [-4.44288287e-04]]), 'BIAS': array([[80.],
       [80.],
       [80.],
       [80.],
       [80.],
       [80.],
       [80.],
       [80.],
       [80.],
       [80.],
       [80.],
       [80.],
       [80.],
       [80.],
       [80.],
       [80.],
       [80.],
       [80.],
       [80.],
       [80.],
       [80.],
       [80.],
       [80.],
       [80.],
       [80.],
       [80.],
       [80.],
       [80.],
       [80.],
       [80.],
       [80.],
       [80.],
       [80.],
       [80.],
       [80.],
       [80.],
       [80.],
       [80.],
       [80.],
       [80.],
       [80.],
       [80.],
       [80.],
       [80.],
       [80.],
       [80.],
       [80.],
       [80.],
       [80.],
       [80.],
       [80.],
       [80.],
       [80.],
       [80.],
       [80.],
       [80.],
       [80.],
       [80.],
       [80.],
       [80.],
       [80.],
       [80.],
       [80.],
       [80.],
       [80.],
       [80.],
       [80.],
       [80.],
       [80.],
       [80.],
       [80.],
       [80.],
       [80.],
       [80.],
       [80.],
       [80.],
       [80.],
       [80.],
       [80.],
       [80.],
       [80.],
       [80.],
       [80.],
       [80.],
       [80.],
       [80.],
       [80.],
       [80.],
       [80.],
       [80.],
       [80.],
       [80.],
       [80.],
       [80.],
       [80.],
       [80.],
       [80.],
       [80.],
       [80.],
       [80.],
       [80.],
       [80.],
       [80.],
       [80.],
       [80.],
       [80.],
       [80.],
       [80.],
       [80.],
       [80.],
       [80.],
       [80.],
       [80.],
       [80.],
       [80.],
       [80.],
       [80.],
       [80.],
       [80.],
       [80.],
       [80.],
       [80.],
       [80.],
       [80.],
       [80.],
       [80.],
       [80.],
       [80.],
       [80.],
       [80.],
       [80.],
       [80.],
       [80.],
       [80.],
       [80.],
       [80.],
       [80.],
       [80.],
       [80.],
       [80.],
       [80.],
       [80.],
       [80.],
       [80.],
       [80.],
       [80.],
       [80.],
       [80.],
       [80.],
       [80.],
       [80.],
       [80.],
       [80.],
       [80.],
       [80.],
       [80.],
       [80.],
       [80.],
       [80.],
       [80.],
       [80.],
       [80.],
       [80.],
       [80.],
       [80.],
       [80.],
       [80.],
       [80.],
       [80.],
       [80.],
       [80.],
       [80.],
       [80.],
       [80.],
       [80.],
       [80.],
       [80.],
       [80.],
       [80.],
       [80.],
       [80.],
       [80.],
       [80.],
       [80.],
       [80.],
       [80.],
       [80.],
       [80.],
       [80.],
       [80.],
       [80.],
       [80.],
       [80.],
       [80.],
       [80.],
       [80.],
       [80.],
       [80.],
       [80.],
       [80.],
       [80.],
       [80.],
       [80.],
       [80.],
       [80.],
       [80.],
       [80.],
       [80.],
       [80.],
       [80.],
       [80.],
       [80.],
       [80.],
       [80.],
       [80.],
       [80.],
       [80.],
       [80.],
       [80.],
       [80.],
       [80.],
       [80.],
       [80.],
       [80.],
       [80.],
       [80.],
       [80.],
       [80.],
       [80.],
       [80.],
       [80.],
       [80.],
       [80.],
       [80.],
       [80.],
       [80.],
       [80.],
       [80.],
       [80.],
       [80.],
       [80.],
       [80.],
       [80.],
       [80.],
       [80.],
       [80.],
       [80.],
       [80.],
       [80.],
       [80.],
       [80.],
       [80.],
       [80.],
       [80.],
       [80.],
       [80.],
       [80.],
       [80.],
       [80.],
       [80.],
       [80.],
       [80.],
       [80.],
       [80.],
       [80.],
       [80.],
       [80.],
       [80.],
       [80.],
       [80.],
       [80.],
       [80.],
       [80.],
       [80.],
       [80.],
       [80.],
       [80.],
       [80.],
       [80.],
       [80.],
       [80.],
       [80.],
       [80.],
       [80.],
       [80.],
       [80.],
       [80.],
       [80.],
       [80.],
       [80.],
       [80.],
       [80.],
       [80.],
       [80.],
       [80.],
       [80.],
       [80.],
       [80.],
       [80.],
       [80.],
       [80.],
       [80.],
       [80.],
       [80.],
       [80.],
       [80.],
       [80.],
       [80.],
       [80.],
       [80.],
       [80.],
       [80.],
       [80.],
       [80.],
       [80.],
       [80.],
       [80.],
       [80.],
       [80.],
       [80.],
       [80.],
       [80.],
       [80.],
       [80.],
       [80.],
       [80.],
       [80.],
       [80.],
       [80.],
       [80.],
       [80.],
       [80.],
       [80.],
       [80.],
       [80.],
       [80.],
       [80.],
       [80.],
       [80.],
       [80.],
       [80.],
       [80.],
       [80.],
       [80.],
       [80.],
       [80.],
       [80.],
       [80.],
       [80.],
       [80.],
       [80.],
       [80.],
       [80.],
       [80.],
       [80.],
       [80.],
       [80.],
       [80.],
       [80.],
       [80.],
       [80.],
       [80.],
       [80.],
       [80.],
       [80.],
       [80.],
       [80.],
       [80.],
       [80.],
       [80.],
       [80.],
       [80.],
       [80.],
       [80.],
       [80.],
       [80.],
       [80.],
       [80.],
       [80.],
       [80.],
       [80.],
       [80.],
       [80.],
       [80.],
       [80.],
       [80.],
       [80.],
       [80.],
       [80.],
       [80.],
       [80.],
       [80.],
       [80.],
       [80.],
       [80.],
       [80.],
       [80.],
       [80.],
       [80.],
       [80.]]), 'dt': 0.01, 'N': 400, 'l': 1e-05}","{'Q': 131.57894736842104, 'gbar': 5.263157894736842, 'T': 10000, 'supervisor': array([[-1.89214982e-17],
       [ 4.44288287e-04],
       [ 8.88576529e-04],
       ...,
       [-1.33286468e-03],
       [-8.88576529e-04],
       [-4.44288287e-04]]), 'BIAS': array([[80.],
       [80.],
       [80.],
       [80.],
       [80.],
       [80.],
       [80.],
       [80.],
       [80.],
       [80.],
       [80.],
       [80.],
       [80.],
       [80.],
       [80.],
       [80.],
       [80.],
       [80.],
       [80.],
       [80.],
       [80.],
       [80.],
       [80.],
       [80.],
       [80.],
       [80.],
       [80.],
       [80.],
       [80.],
       [80.],
       [80.],
       [80.],
       [80.],
       [80.],
       [80.],
       [80.],
       [80.],
       [80.],
       [80.],
       [80.],
       [80.],
       [80.],
       [80.],
       [80.],
       [80.],
       [80.],
       [80.],
       [80.],
       [80.],
       [80.],
       [80.],
       [80.],
       [80.],
       [80.],
       [80.],
       [80.],
       [80.],
       [80.],
       [80.],
       [80.],
       [80.],
       [80.],
       [80.],
       [80.],
       [80.],
       [80.],
       [80.],
       [80.],
       [80.],
       [80.],
       [80.],
       [80.],
       [80.],
       [80.],
       [80.],
       [80.],
       [80.],
       [80.],
       [80.],
       [80.],
       [80.],
       [80.],
       [80.],
       [80.],
       [80.],
       [80.],
       [80.],
       [80.],
       [80.],
       [80.],
       [80.],
       [80.],
       [80.],
       [80.],
       [80.],
       [80.],
       [80.],
       [80.],
       [80.],
       [80.],
       [80.],
       [80.],
       [80.],
       [80.],
       [80.],
       [80.],
       [80.],
       [80.],
       [80.],
       [80.],
       [80.],
       [80.],
       [80.],
       [80.],
       [80.],
       [80.],
       [80.],
       [80.],
       [80.],
       [80.],
       [80.],
       [80.],
       [80.],
       [80.],
       [80.],
       [80.],
       [80.],
       [80.],
       [80.],
       [80.],
       [80.],
       [80.],
       [80.],
       [80.],
       [80.],
       [80.],
       [80.],
       [80.],
       [80.],
       [80.],
       [80.],
       [80.],
       [80.],
       [80.],
       [80.],
       [80.],
       [80.],
       [80.],
       [80.],
       [80.],
       [80.],
       [80.],
       [80.],
       [80.],
       [80.],
       [80.],
       [80.],
       [80.],
       [80.],
       [80.],
       [80.],
       [80.],
       [80.],
       [80.],
       [80.],
       [80.],
       [80.],
       [80.],
       [80.],
       [80.],
       [80.],
       [80.],
       [80.],
       [80.],
       [80.],
       [80.],
       [80.],
       [80.],
       [80.],
       [80.],
       [80.],
       [80.],
       [80.],
       [80.],
       [80.],
       [80.],
       [80.],
       [80.],
       [80.],
       [80.],
       [80.],
       [80.],
       [80.],
       [80.],
       [80.],
       [80.],
       [80.],
       [80.],
       [80.],
       [80.],
       [80.],
       [80.],
       [80.],
       [80.],
       [80.],
       [80.],
       [80.],
       [80.],
       [80.],
       [80.],
       [80.],
       [80.],
       [80.],
       [80.],
       [80.],
       [80.],
       [80.],
       [80.],
       [80.],
       [80.],
       [80.],
       [80.],
       [80.],
       [80.],
       [80.],
       [80.],
       [80.],
       [80.],
       [80.],
       [80.],
       [80.],
       [80.],
       [80.],
       [80.],
       [80.],
       [80.],
       [80.],
       [80.],
       [80.],
       [80.],
       [80.],
       [80.],
       [80.],
       [80.],
       [80.],
       [80.],
       [80.],
       [80.],
       [80.],
       [80.],
       [80.],
       [80.],
       [80.],
       [80.],
       [80.],
       [80.],
       [80.],
       [80.],
       [80.],
       [80.],
       [80.],
       [80.],
       [80.],
       [80.],
       [80.],
       [80.],
       [80.],
       [80.],
       [80.],
       [80.],
       [80.],
       [80.],
       [80.],
       [80.],
       [80.],
       [80.],
       [80.],
       [80.],
       [80.],
       [80.],
       [80.],
       [80.],
       [80.],
       [80.],
       [80.],
       [80.],
       [80.],
       [80.],
       [80.],
       [80.],
       [80.],
       [80.],
       [80.],
       [80.],
       [80.],
       [80.],
       [80.],
       [80.],
       [80.],
       [80.],
       [80.],
       [80.],
       [80.],
       [80.],
       [80.],
       [80.],
       [80.],
       [80.],
       [80.],
       [80.],
       [80.],
       [80.],
       [80.],
       [80.],
       [80.],
       [80.],
       [80.],
       [80.],
       [80.],
       [80.],
       [80.],
       [80.],
       [80.],
       [80.],
       [80.],
       [80.],
       [80.],
       [80.],
       [80.],
       [80.],
       [80.],
       [80.],
       [80.],
       [80.],
       [80.],
       [80.],
       [80.],
       [80.],
       [80.],
       [80.],
       [80.],
       [80.],
       [80.],
       [80.],
       [80.],
       [80.],
       [80.],
       [80.],
       [80.],
       [80.],
       [80.],
       [80.],
       [80.],
       [80.],
       [80.],
       [80.],
       [80.],
       [80.],
       [80.],
       [80.],
       [80.],
       [80.],
       [80.],
       [80.],
       [80.],
       [80.],
       [80.],
       [80.],
       [80.],
       [80.],
       [80.],
       [80.],
       [80.],
       [80.],
       [80.],
       [80.],
       [80.],
       [80.],
       [80.],
       [80.],
       [80.],
       [80.],
       [80.],
       [80.],
       [80.],
       [80.],
       [80.],
       [80.],
       [80.],
       [80.],
       [80.],
       [80.],
       [80.],
       [80.],
       [80.],
       [80.],
       [80.],
       [80.],
       [80.],
       [80.]]), 'dt': 0.01, 'N': 400, 'l': 1e-05}","{'Q': 131.57894736842104, 'gbar': 6.315789473684211, 'T': 10000, 'supervisor': array([[-1.89214982e-17],
       [ 4.44288287e-04],
       [ 8.88576529e-04],
       ...,
       [-1.33286468e-03],
       [-8.88576529e-04],
       [-4.44288287e-04]]), 'BIAS': array([[80.],
       [80.],
       [80.],
       [80.],
       [80.],
       [80.],
       [80.],
       [80.],
       [80.],
       [80.],
       [80.],
       [80.],
       [80.],
       [80.],
       [80.],
       [80.],
       [80.],
       [80.],
       [80.],
       [80.],
       [80.],
       [80.],
       [80.],
       [80.],
       [80.],
       [80.],
       [80.],
       [80.],
       [80.],
       [80.],
       [80.],
       [80.],
       [80.],
       [80.],
       [80.],
       [80.],
       [80.],
       [80.],
       [80.],
       [80.],
       [80.],
       [80.],
       [80.],
       [80.],
       [80.],
       [80.],
       [80.],
       [80.],
       [80.],
       [80.],
       [80.],
       [80.],
       [80.],
       [80.],
       [80.],
       [80.],
       [80.],
       [80.],
       [80.],
       [80.],
       [80.],
       [80.],
       [80.],
       [80.],
       [80.],
       [80.],
       [80.],
       [80.],
       [80.],
       [80.],
       [80.],
       [80.],
       [80.],
       [80.],
       [80.],
       [80.],
       [80.],
       [80.],
       [80.],
       [80.],
       [80.],
       [80.],
       [80.],
       [80.],
       [80.],
       [80.],
       [80.],
       [80.],
       [80.],
       [80.],
       [80.],
       [80.],
       [80.],
       [80.],
       [80.],
       [80.],
       [80.],
       [80.],
       [80.],
       [80.],
       [80.],
       [80.],
       [80.],
       [80.],
       [80.],
       [80.],
       [80.],
       [80.],
       [80.],
       [80.],
       [80.],
       [80.],
       [80.],
       [80.],
       [80.],
       [80.],
       [80.],
       [80.],
       [80.],
       [80.],
       [80.],
       [80.],
       [80.],
       [80.],
       [80.],
       [80.],
       [80.],
       [80.],
       [80.],
       [80.],
       [80.],
       [80.],
       [80.],
       [80.],
       [80.],
       [80.],
       [80.],
       [80.],
       [80.],
       [80.],
       [80.],
       [80.],
       [80.],
       [80.],
       [80.],
       [80.],
       [80.],
       [80.],
       [80.],
       [80.],
       [80.],
       [80.],
       [80.],
       [80.],
       [80.],
       [80.],
       [80.],
       [80.],
       [80.],
       [80.],
       [80.],
       [80.],
       [80.],
       [80.],
       [80.],
       [80.],
       [80.],
       [80.],
       [80.],
       [80.],
       [80.],
       [80.],
       [80.],
       [80.],
       [80.],
       [80.],
       [80.],
       [80.],
       [80.],
       [80.],
       [80.],
       [80.],
       [80.],
       [80.],
       [80.],
       [80.],
       [80.],
       [80.],
       [80.],
       [80.],
       [80.],
       [80.],
       [80.],
       [80.],
       [80.],
       [80.],
       [80.],
       [80.],
       [80.],
       [80.],
       [80.],
       [80.],
       [80.],
       [80.],
       [80.],
       [80.],
       [80.],
       [80.],
       [80.],
       [80.],
       [80.],
       [80.],
       [80.],
       [80.],
       [80.],
       [80.],
       [80.],
       [80.],
       [80.],
       [80.],
       [80.],
       [80.],
       [80.],
       [80.],
       [80.],
       [80.],
       [80.],
       [80.],
       [80.],
       [80.],
       [80.],
       [80.],
       [80.],
       [80.],
       [80.],
       [80.],
       [80.],
       [80.],
       [80.],
       [80.],
       [80.],
       [80.],
       [80.],
       [80.],
       [80.],
       [80.],
       [80.],
       [80.],
       [80.],
       [80.],
       [80.],
       [80.],
       [80.],
       [80.],
       [80.],
       [80.],
       [80.],
       [80.],
       [80.],
       [80.],
       [80.],
       [80.],
       [80.],
       [80.],
       [80.],
       [80.],
       [80.],
       [80.],
       [80.],
       [80.],
       [80.],
       [80.],
       [80.],
       [80.],
       [80.],
       [80.],
       [80.],
       [80.],
       [80.],
       [80.],
       [80.],
       [80.],
       [80.],
       [80.],
       [80.],
       [80.],
       [80.],
       [80.],
       [80.],
       [80.],
       [80.],
       [80.],
       [80.],
       [80.],
       [80.],
       [80.],
       [80.],
       [80.],
       [80.],
       [80.],
       [80.],
       [80.],
       [80.],
       [80.],
       [80.],
       [80.],
       [80.],
       [80.],
       [80.],
       [80.],
       [80.],
       [80.],
       [80.],
       [80.],
       [80.],
       [80.],
       [80.],
       [80.],
       [80.],
       [80.],
       [80.],
       [80.],
       [80.],
       [80.],
       [80.],
       [80.],
       [80.],
       [80.],
       [80.],
       [80.],
       [80.],
       [80.],
       [80.],
       [80.],
       [80.],
       [80.],
       [80.],
       [80.],
       [80.],
       [80.],
       [80.],
       [80.],
       [80.],
       [80.],
       [80.],
       [80.],
       [80.],
       [80.],
       [80.],
       [80.],
       [80.],
       [80.],
       [80.],
       [80.],
       [80.],
       [80.],
       [80.],
       [80.],
       [80.],
       [80.],
       [80.],
       [80.],
       [80.],
       [80.],
       [80.],
       [80.],
       [80.],
       [80.],
       [80.],
       [80.],
       [80.],
       [80.],
       [80.],
       [80.],
       [80.],
       [80.],
       [80.],
       [80.],
       [80.],
       [80.],
       [80.],
       [80.],
       [80.],
       [80.],
       [80.],
       [80.],
       [80.],
       [80.],
       [80.],
       [80.],
       [80.],
       [80.],
       [80.],
       [80.],
       [80.],
       [80.],
       [80.],
       [80.],
       [80.],
       [80.]]), 'dt': 0.01, 'N': 400, 'l': 1e-05}","{'Q': 131.57894736842104, 'gbar': 7.368421052631579, 'T': 10000, 'supervisor': array([[-1.89214982e-17],
       [ 4.44288287e-04],
       [ 8.88576529e-04],
       ...,
       [-1.33286468e-03],
       [-8.88576529e-04],
       [-4.44288287e-04]]), 'BIAS': array([[80.],
       [80.],
       [80.],
       [80.],
       [80.],
       [80.],
       [80.],
       [80.],
       [80.],
       [80.],
       [80.],
       [80.],
       [80.],
       [80.],
       [80.],
       [80.],
       [80.],
       [80.],
       [80.],
       [80.],
       [80.],
       [80.],
       [80.],
       [80.],
       [80.],
       [80.],
       [80.],
       [80.],
       [80.],
       [80.],
       [80.],
       [80.],
       [80.],
       [80.],
       [80.],
       [80.],
       [80.],
       [80.],
       [80.],
       [80.],
       [80.],
       [80.],
       [80.],
       [80.],
       [80.],
       [80.],
       [80.],
       [80.],
       [80.],
       [80.],
       [80.],
       [80.],
       [80.],
       [80.],
       [80.],
       [80.],
       [80.],
       [80.],
       [80.],
       [80.],
       [80.],
       [80.],
       [80.],
       [80.],
       [80.],
       [80.],
       [80.],
       [80.],
       [80.],
       [80.],
       [80.],
       [80.],
       [80.],
       [80.],
       [80.],
       [80.],
       [80.],
       [80.],
       [80.],
       [80.],
       [80.],
       [80.],
       [80.],
       [80.],
       [80.],
       [80.],
       [80.],
       [80.],
       [80.],
       [80.],
       [80.],
       [80.],
       [80.],
       [80.],
       [80.],
       [80.],
       [80.],
       [80.],
       [80.],
       [80.],
       [80.],
       [80.],
       [80.],
       [80.],
       [80.],
       [80.],
       [80.],
       [80.],
       [80.],
       [80.],
       [80.],
       [80.],
       [80.],
       [80.],
       [80.],
       [80.],
       [80.],
       [80.],
       [80.],
       [80.],
       [80.],
       [80.],
       [80.],
       [80.],
       [80.],
       [80.],
       [80.],
       [80.],
       [80.],
       [80.],
       [80.],
       [80.],
       [80.],
       [80.],
       [80.],
       [80.],
       [80.],
       [80.],
       [80.],
       [80.],
       [80.],
       [80.],
       [80.],
       [80.],
       [80.],
       [80.],
       [80.],
       [80.],
       [80.],
       [80.],
       [80.],
       [80.],
       [80.],
       [80.],
       [80.],
       [80.],
       [80.],
       [80.],
       [80.],
       [80.],
       [80.],
       [80.],
       [80.],
       [80.],
       [80.],
       [80.],
       [80.],
       [80.],
       [80.],
       [80.],
       [80.],
       [80.],
       [80.],
       [80.],
       [80.],
       [80.],
       [80.],
       [80.],
       [80.],
       [80.],
       [80.],
       [80.],
       [80.],
       [80.],
       [80.],
       [80.],
       [80.],
       [80.],
       [80.],
       [80.],
       [80.],
       [80.],
       [80.],
       [80.],
       [80.],
       [80.],
       [80.],
       [80.],
       [80.],
       [80.],
       [80.],
       [80.],
       [80.],
       [80.],
       [80.],
       [80.],
       [80.],
       [80.],
       [80.],
       [80.],
       [80.],
       [80.],
       [80.],
       [80.],
       [80.],
       [80.],
       [80.],
       [80.],
       [80.],
       [80.],
       [80.],
       [80.],
       [80.],
       [80.],
       [80.],
       [80.],
       [80.],
       [80.],
       [80.],
       [80.],
       [80.],
       [80.],
       [80.],
       [80.],
       [80.],
       [80.],
       [80.],
       [80.],
       [80.],
       [80.],
       [80.],
       [80.],
       [80.],
       [80.],
       [80.],
       [80.],
       [80.],
       [80.],
       [80.],
       [80.],
       [80.],
       [80.],
       [80.],
       [80.],
       [80.],
       [80.],
       [80.],
       [80.],
       [80.],
       [80.],
       [80.],
       [80.],
       [80.],
       [80.],
       [80.],
       [80.],
       [80.],
       [80.],
       [80.],
       [80.],
       [80.],
       [80.],
       [80.],
       [80.],
       [80.],
       [80.],
       [80.],
       [80.],
       [80.],
       [80.],
       [80.],
       [80.],
       [80.],
       [80.],
       [80.],
       [80.],
       [80.],
       [80.],
       [80.],
       [80.],
       [80.],
       [80.],
       [80.],
       [80.],
       [80.],
       [80.],
       [80.],
       [80.],
       [80.],
       [80.],
       [80.],
       [80.],
       [80.],
       [80.],
       [80.],
       [80.],
       [80.],
       [80.],
       [80.],
       [80.],
       [80.],
       [80.],
       [80.],
       [80.],
       [80.],
       [80.],
       [80.],
       [80.],
       [80.],
       [80.],
       [80.],
       [80.],
       [80.],
       [80.],
       [80.],
       [80.],
       [80.],
       [80.],
       [80.],
       [80.],
       [80.],
       [80.],
       [80.],
       [80.],
       [80.],
       [80.],
       [80.],
       [80.],
       [80.],
       [80.],
       [80.],
       [80.],
       [80.],
       [80.],
       [80.],
       [80.],
       [80.],
       [80.],
       [80.],
       [80.],
       [80.],
       [80.],
       [80.],
       [80.],
       [80.],
       [80.],
       [80.],
       [80.],
       [80.],
       [80.],
       [80.],
       [80.],
       [80.],
       [80.],
       [80.],
       [80.],
       [80.],
       [80.],
       [80.],
       [80.],
       [80.],
       [80.],
       [80.],
       [80.],
       [80.],
       [80.],
       [80.],
       [80.],
       [80.],
       [80.],
       [80.],
       [80.],
       [80.],
       [80.],
       [80.],
       [80.],
       [80.],
       [80.],
       [80.],
       [80.],
       [80.],
       [80.],
       [80.],
       [80.],
       [80.],
       [80.],
       [80.],
       [80.],
       [80.],
       [80.]]), 'dt': 0.01, 'N': 400, 'l': 1e-05}","{'Q': 131.57894736842104, 'gbar': 8.421052631578947, 'T': 10000, 'supervisor': array([[-1.89214982e-17],
       [ 4.44288287e-04],
       [ 8.88576529e-04],
       ...,
       [-1.33286468e-03],
       [-8.88576529e-04],
       [-4.44288287e-04]]), 'BIAS': array([[80.],
       [80.],
       [80.],
       [80.],
       [80.],
       [80.],
       [80.],
       [80.],
       [80.],
       [80.],
       [80.],
       [80.],
       [80.],
       [80.],
       [80.],
       [80.],
       [80.],
       [80.],
       [80.],
       [80.],
       [80.],
       [80.],
       [80.],
       [80.],
       [80.],
       [80.],
       [80.],
       [80.],
       [80.],
       [80.],
       [80.],
       [80.],
       [80.],
       [80.],
       [80.],
       [80.],
       [80.],
       [80.],
       [80.],
       [80.],
       [80.],
       [80.],
       [80.],
       [80.],
       [80.],
       [80.],
       [80.],
       [80.],
       [80.],
       [80.],
       [80.],
       [80.],
       [80.],
       [80.],
       [80.],
       [80.],
       [80.],
       [80.],
       [80.],
       [80.],
       [80.],
       [80.],
       [80.],
       [80.],
       [80.],
       [80.],
       [80.],
       [80.],
       [80.],
       [80.],
       [80.],
       [80.],
       [80.],
       [80.],
       [80.],
       [80.],
       [80.],
       [80.],
       [80.],
       [80.],
       [80.],
       [80.],
       [80.],
       [80.],
       [80.],
       [80.],
       [80.],
       [80.],
       [80.],
       [80.],
       [80.],
       [80.],
       [80.],
       [80.],
       [80.],
       [80.],
       [80.],
       [80.],
       [80.],
       [80.],
       [80.],
       [80.],
       [80.],
       [80.],
       [80.],
       [80.],
       [80.],
       [80.],
       [80.],
       [80.],
       [80.],
       [80.],
       [80.],
       [80.],
       [80.],
       [80.],
       [80.],
       [80.],
       [80.],
       [80.],
       [80.],
       [80.],
       [80.],
       [80.],
       [80.],
       [80.],
       [80.],
       [80.],
       [80.],
       [80.],
       [80.],
       [80.],
       [80.],
       [80.],
       [80.],
       [80.],
       [80.],
       [80.],
       [80.],
       [80.],
       [80.],
       [80.],
       [80.],
       [80.],
       [80.],
       [80.],
       [80.],
       [80.],
       [80.],
       [80.],
       [80.],
       [80.],
       [80.],
       [80.],
       [80.],
       [80.],
       [80.],
       [80.],
       [80.],
       [80.],
       [80.],
       [80.],
       [80.],
       [80.],
       [80.],
       [80.],
       [80.],
       [80.],
       [80.],
       [80.],
       [80.],
       [80.],
       [80.],
       [80.],
       [80.],
       [80.],
       [80.],
       [80.],
       [80.],
       [80.],
       [80.],
       [80.],
       [80.],
       [80.],
       [80.],
       [80.],
       [80.],
       [80.],
       [80.],
       [80.],
       [80.],
       [80.],
       [80.],
       [80.],
       [80.],
       [80.],
       [80.],
       [80.],
       [80.],
       [80.],
       [80.],
       [80.],
       [80.],
       [80.],
       [80.],
       [80.],
       [80.],
       [80.],
       [80.],
       [80.],
       [80.],
       [80.],
       [80.],
       [80.],
       [80.],
       [80.],
       [80.],
       [80.],
       [80.],
       [80.],
       [80.],
       [80.],
       [80.],
       [80.],
       [80.],
       [80.],
       [80.],
       [80.],
       [80.],
       [80.],
       [80.],
       [80.],
       [80.],
       [80.],
       [80.],
       [80.],
       [80.],
       [80.],
       [80.],
       [80.],
       [80.],
       [80.],
       [80.],
       [80.],
       [80.],
       [80.],
       [80.],
       [80.],
       [80.],
       [80.],
       [80.],
       [80.],
       [80.],
       [80.],
       [80.],
       [80.],
       [80.],
       [80.],
       [80.],
       [80.],
       [80.],
       [80.],
       [80.],
       [80.],
       [80.],
       [80.],
       [80.],
       [80.],
       [80.],
       [80.],
       [80.],
       [80.],
       [80.],
       [80.],
       [80.],
       [80.],
       [80.],
       [80.],
       [80.],
       [80.],
       [80.],
       [80.],
       [80.],
       [80.],
       [80.],
       [80.],
       [80.],
       [80.],
       [80.],
       [80.],
       [80.],
       [80.],
       [80.],
       [80.],
       [80.],
       [80.],
       [80.],
       [80.],
       [80.],
       [80.],
       [80.],
       [80.],
       [80.],
       [80.],
       [80.],
       [80.],
       [80.],
       [80.],
       [80.],
       [80.],
       [80.],
       [80.],
       [80.],
       [80.],
       [80.],
       [80.],
       [80.],
       [80.],
       [80.],
       [80.],
       [80.],
       [80.],
       [80.],
       [80.],
       [80.],
       [80.],
       [80.],
       [80.],
       [80.],
       [80.],
       [80.],
       [80.],
       [80.],
       [80.],
       [80.],
       [80.],
       [80.],
       [80.],
       [80.],
       [80.],
       [80.],
       [80.],
       [80.],
       [80.],
       [80.],
       [80.],
       [80.],
       [80.],
       [80.],
       [80.],
       [80.],
       [80.],
       [80.],
       [80.],
       [80.],
       [80.],
       [80.],
       [80.],
       [80.],
       [80.],
       [80.],
       [80.],
       [80.],
       [80.],
       [80.],
       [80.],
       [80.],
       [80.],
       [80.],
       [80.],
       [80.],
       [80.],
       [80.],
       [80.],
       [80.],
       [80.],
       [80.],
       [80.],
       [80.],
       [80.],
       [80.],
       [80.],
       [80.],
       [80.],
       [80.],
       [80.],
       [80.],
       [80.],
       [80.],
       [80.],
       [80.],
       [80.],
       [80.],
       [80.],
       [80.],
       [80.],
       [80.],
       [80.],
       [80.],
       [80.]]), 'dt': 0.01, 'N': 400, 'l': 1e-05}","{'Q': 131.57894736842104, 'gbar': 9.473684210526315, 'T': 10000, 'supervisor': array([[-1.89214982e-17],
       [ 4.44288287e-04],
       [ 8.88576529e-04],
       ...,
       [-1.33286468e-03],
       [-8.88576529e-04],
       [-4.44288287e-04]]), 'BIAS': array([[80.],
       [80.],
       [80.],
       [80.],
       [80.],
       [80.],
       [80.],
       [80.],
       [80.],
       [80.],
       [80.],
       [80.],
       [80.],
       [80.],
       [80.],
       [80.],
       [80.],
       [80.],
       [80.],
       [80.],
       [80.],
       [80.],
       [80.],
       [80.],
       [80.],
       [80.],
       [80.],
       [80.],
       [80.],
       [80.],
       [80.],
       [80.],
       [80.],
       [80.],
       [80.],
       [80.],
       [80.],
       [80.],
       [80.],
       [80.],
       [80.],
       [80.],
       [80.],
       [80.],
       [80.],
       [80.],
       [80.],
       [80.],
       [80.],
       [80.],
       [80.],
       [80.],
       [80.],
       [80.],
       [80.],
       [80.],
       [80.],
       [80.],
       [80.],
       [80.],
       [80.],
       [80.],
       [80.],
       [80.],
       [80.],
       [80.],
       [80.],
       [80.],
       [80.],
       [80.],
       [80.],
       [80.],
       [80.],
       [80.],
       [80.],
       [80.],
       [80.],
       [80.],
       [80.],
       [80.],
       [80.],
       [80.],
       [80.],
       [80.],
       [80.],
       [80.],
       [80.],
       [80.],
       [80.],
       [80.],
       [80.],
       [80.],
       [80.],
       [80.],
       [80.],
       [80.],
       [80.],
       [80.],
       [80.],
       [80.],
       [80.],
       [80.],
       [80.],
       [80.],
       [80.],
       [80.],
       [80.],
       [80.],
       [80.],
       [80.],
       [80.],
       [80.],
       [80.],
       [80.],
       [80.],
       [80.],
       [80.],
       [80.],
       [80.],
       [80.],
       [80.],
       [80.],
       [80.],
       [80.],
       [80.],
       [80.],
       [80.],
       [80.],
       [80.],
       [80.],
       [80.],
       [80.],
       [80.],
       [80.],
       [80.],
       [80.],
       [80.],
       [80.],
       [80.],
       [80.],
       [80.],
       [80.],
       [80.],
       [80.],
       [80.],
       [80.],
       [80.],
       [80.],
       [80.],
       [80.],
       [80.],
       [80.],
       [80.],
       [80.],
       [80.],
       [80.],
       [80.],
       [80.],
       [80.],
       [80.],
       [80.],
       [80.],
       [80.],
       [80.],
       [80.],
       [80.],
       [80.],
       [80.],
       [80.],
       [80.],
       [80.],
       [80.],
       [80.],
       [80.],
       [80.],
       [80.],
       [80.],
       [80.],
       [80.],
       [80.],
       [80.],
       [80.],
       [80.],
       [80.],
       [80.],
       [80.],
       [80.],
       [80.],
       [80.],
       [80.],
       [80.],
       [80.],
       [80.],
       [80.],
       [80.],
       [80.],
       [80.],
       [80.],
       [80.],
       [80.],
       [80.],
       [80.],
       [80.],
       [80.],
       [80.],
       [80.],
       [80.],
       [80.],
       [80.],
       [80.],
       [80.],
       [80.],
       [80.],
       [80.],
       [80.],
       [80.],
       [80.],
       [80.],
       [80.],
       [80.],
       [80.],
       [80.],
       [80.],
       [80.],
       [80.],
       [80.],
       [80.],
       [80.],
       [80.],
       [80.],
       [80.],
       [80.],
       [80.],
       [80.],
       [80.],
       [80.],
       [80.],
       [80.],
       [80.],
       [80.],
       [80.],
       [80.],
       [80.],
       [80.],
       [80.],
       [80.],
       [80.],
       [80.],
       [80.],
       [80.],
       [80.],
       [80.],
       [80.],
       [80.],
       [80.],
       [80.],
       [80.],
       [80.],
       [80.],
       [80.],
       [80.],
       [80.],
       [80.],
       [80.],
       [80.],
       [80.],
       [80.],
       [80.],
       [80.],
       [80.],
       [80.],
       [80.],
       [80.],
       [80.],
       [80.],
       [80.],
       [80.],
       [80.],
       [80.],
       [80.],
       [80.],
       [80.],
       [80.],
       [80.],
       [80.],
       [80.],
       [80.],
       [80.],
       [80.],
       [80.],
       [80.],
       [80.],
       [80.],
       [80.],
       [80.],
       [80.],
       [80.],
       [80.],
       [80.],
       [80.],
       [80.],
       [80.],
       [80.],
       [80.],
       [80.],
       [80.],
       [80.],
       [80.],
       [80.],
       [80.],
       [80.],
       [80.],
       [80.],
       [80.],
       [80.],
       [80.],
       [80.],
       [80.],
       [80.],
       [80.],
       [80.],
       [80.],
       [80.],
       [80.],
       [80.],
       [80.],
       [80.],
       [80.],
       [80.],
       [80.],
       [80.],
       [80.],
       [80.],
       [80.],
       [80.],
       [80.],
       [80.],
       [80.],
       [80.],
       [80.],
       [80.],
       [80.],
       [80.],
       [80.],
       [80.],
       [80.],
       [80.],
       [80.],
       [80.],
       [80.],
       [80.],
       [80.],
       [80.],
       [80.],
       [80.],
       [80.],
       [80.],
       [80.],
       [80.],
       [80.],
       [80.],
       [80.],
       [80.],
       [80.],
       [80.],
       [80.],
       [80.],
       [80.],
       [80.],
       [80.],
       [80.],
       [80.],
       [80.],
       [80.],
       [80.],
       [80.],
       [80.],
       [80.],
       [80.],
       [80.],
       [80.],
       [80.],
       [80.],
       [80.],
       [80.],
       [80.],
       [80.],
       [80.],
       [80.],
       [80.],
       [80.],
       [80.],
       [80.],
       [80.],
       [80.],
       [80.],
       [80.],
       [80.],
       [80.],
       [80.]]), 'dt': 0.01, 'N': 400, 'l': 1e-05}","{'Q': 131.57894736842104, 'gbar': 10.526315789473683, 'T': 10000, 'supervisor': array([[-1.89214982e-17],
       [ 4.44288287e-04],
       [ 8.88576529e-04],
       ...,
       [-1.33286468e-03],
       [-8.88576529e-04],
       [-4.44288287e-04]]), 'BIAS': array([[80.],
       [80.],
       [80.],
       [80.],
       [80.],
       [80.],
       [80.],
       [80.],
       [80.],
       [80.],
       [80.],
       [80.],
       [80.],
       [80.],
       [80.],
       [80.],
       [80.],
       [80.],
       [80.],
       [80.],
       [80.],
       [80.],
       [80.],
       [80.],
       [80.],
       [80.],
       [80.],
       [80.],
       [80.],
       [80.],
       [80.],
       [80.],
       [80.],
       [80.],
       [80.],
       [80.],
       [80.],
       [80.],
       [80.],
       [80.],
       [80.],
       [80.],
       [80.],
       [80.],
       [80.],
       [80.],
       [80.],
       [80.],
       [80.],
       [80.],
       [80.],
       [80.],
       [80.],
       [80.],
       [80.],
       [80.],
       [80.],
       [80.],
       [80.],
       [80.],
       [80.],
       [80.],
       [80.],
       [80.],
       [80.],
       [80.],
       [80.],
       [80.],
       [80.],
       [80.],
       [80.],
       [80.],
       [80.],
       [80.],
       [80.],
       [80.],
       [80.],
       [80.],
       [80.],
       [80.],
       [80.],
       [80.],
       [80.],
       [80.],
       [80.],
       [80.],
       [80.],
       [80.],
       [80.],
       [80.],
       [80.],
       [80.],
       [80.],
       [80.],
       [80.],
       [80.],
       [80.],
       [80.],
       [80.],
       [80.],
       [80.],
       [80.],
       [80.],
       [80.],
       [80.],
       [80.],
       [80.],
       [80.],
       [80.],
       [80.],
       [80.],
       [80.],
       [80.],
       [80.],
       [80.],
       [80.],
       [80.],
       [80.],
       [80.],
       [80.],
       [80.],
       [80.],
       [80.],
       [80.],
       [80.],
       [80.],
       [80.],
       [80.],
       [80.],
       [80.],
       [80.],
       [80.],
       [80.],
       [80.],
       [80.],
       [80.],
       [80.],
       [80.],
       [80.],
       [80.],
       [80.],
       [80.],
       [80.],
       [80.],
       [80.],
       [80.],
       [80.],
       [80.],
       [80.],
       [80.],
       [80.],
       [80.],
       [80.],
       [80.],
       [80.],
       [80.],
       [80.],
       [80.],
       [80.],
       [80.],
       [80.],
       [80.],
       [80.],
       [80.],
       [80.],
       [80.],
       [80.],
       [80.],
       [80.],
       [80.],
       [80.],
       [80.],
       [80.],
       [80.],
       [80.],
       [80.],
       [80.],
       [80.],
       [80.],
       [80.],
       [80.],
       [80.],
       [80.],
       [80.],
       [80.],
       [80.],
       [80.],
       [80.],
       [80.],
       [80.],
       [80.],
       [80.],
       [80.],
       [80.],
       [80.],
       [80.],
       [80.],
       [80.],
       [80.],
       [80.],
       [80.],
       [80.],
       [80.],
       [80.],
       [80.],
       [80.],
       [80.],
       [80.],
       [80.],
       [80.],
       [80.],
       [80.],
       [80.],
       [80.],
       [80.],
       [80.],
       [80.],
       [80.],
       [80.],
       [80.],
       [80.],
       [80.],
       [80.],
       [80.],
       [80.],
       [80.],
       [80.],
       [80.],
       [80.],
       [80.],
       [80.],
       [80.],
       [80.],
       [80.],
       [80.],
       [80.],
       [80.],
       [80.],
       [80.],
       [80.],
       [80.],
       [80.],
       [80.],
       [80.],
       [80.],
       [80.],
       [80.],
       [80.],
       [80.],
       [80.],
       [80.],
       [80.],
       [80.],
       [80.],
       [80.],
       [80.],
       [80.],
       [80.],
       [80.],
       [80.],
       [80.],
       [80.],
       [80.],
       [80.],
       [80.],
       [80.],
       [80.],
       [80.],
       [80.],
       [80.],
       [80.],
       [80.],
       [80.],
       [80.],
       [80.],
       [80.],
       [80.],
       [80.],
       [80.],
       [80.],
       [80.],
       [80.],
       [80.],
       [80.],
       [80.],
       [80.],
       [80.],
       [80.],
       [80.],
       [80.],
       [80.],
       [80.],
       [80.],
       [80.],
       [80.],
       [80.],
       [80.],
       [80.],
       [80.],
       [80.],
       [80.],
       [80.],
       [80.],
       [80.],
       [80.],
       [80.],
       [80.],
       [80.],
       [80.],
       [80.],
       [80.],
       [80.],
       [80.],
       [80.],
       [80.],
       [80.],
       [80.],
       [80.],
       [80.],
       [80.],
       [80.],
       [80.],
       [80.],
       [80.],
       [80.],
       [80.],
       [80.],
       [80.],
       [80.],
       [80.],
       [80.],
       [80.],
       [80.],
       [80.],
       [80.],
       [80.],
       [80.],
       [80.],
       [80.],
       [80.],
       [80.],
       [80.],
       [80.],
       [80.],
       [80.],
       [80.],
       [80.],
       [80.],
       [80.],
       [80.],
       [80.],
       [80.],
       [80.],
       [80.],
       [80.],
       [80.],
       [80.],
       [80.],
       [80.],
       [80.],
       [80.],
       [80.],
       [80.],
       [80.],
       [80.],
       [80.],
       [80.],
       [80.],
       [80.],
       [80.],
       [80.],
       [80.],
       [80.],
       [80.],
       [80.],
       [80.],
       [80.],
       [80.],
       [80.],
       [80.],
       [80.],
       [80.],
       [80.],
       [80.],
       [80.],
       [80.],
       [80.],
       [80.],
       [80.],
       [80.],
       [80.],
       [80.],
       [80.],
       [80.],
       [80.],
       [80.],
       [80.],
       [80.],
       [80.],
       [80.]]), 'dt': 0.01, 'N': 400, 'l': 1e-05}","{'Q': 131.57894736842104, 'gbar': 11.578947368421051, 'T': 10000, 'supervisor': array([[-1.89214982e-17],
       [ 4.44288287e-04],
       [ 8.88576529e-04],
       ...,
       [-1.33286468e-03],
       [-8.88576529e-04],
       [-4.44288287e-04]]), 'BIAS': array([[80.],
       [80.],
       [80.],
       [80.],
       [80.],
       [80.],
       [80.],
       [80.],
       [80.],
       [80.],
       [80.],
       [80.],
       [80.],
       [80.],
       [80.],
       [80.],
       [80.],
       [80.],
       [80.],
       [80.],
       [80.],
       [80.],
       [80.],
       [80.],
       [80.],
       [80.],
       [80.],
       [80.],
       [80.],
       [80.],
       [80.],
       [80.],
       [80.],
       [80.],
       [80.],
       [80.],
       [80.],
       [80.],
       [80.],
       [80.],
       [80.],
       [80.],
       [80.],
       [80.],
       [80.],
       [80.],
       [80.],
       [80.],
       [80.],
       [80.],
       [80.],
       [80.],
       [80.],
       [80.],
       [80.],
       [80.],
       [80.],
       [80.],
       [80.],
       [80.],
       [80.],
       [80.],
       [80.],
       [80.],
       [80.],
       [80.],
       [80.],
       [80.],
       [80.],
       [80.],
       [80.],
       [80.],
       [80.],
       [80.],
       [80.],
       [80.],
       [80.],
       [80.],
       [80.],
       [80.],
       [80.],
       [80.],
       [80.],
       [80.],
       [80.],
       [80.],
       [80.],
       [80.],
       [80.],
       [80.],
       [80.],
       [80.],
       [80.],
       [80.],
       [80.],
       [80.],
       [80.],
       [80.],
       [80.],
       [80.],
       [80.],
       [80.],
       [80.],
       [80.],
       [80.],
       [80.],
       [80.],
       [80.],
       [80.],
       [80.],
       [80.],
       [80.],
       [80.],
       [80.],
       [80.],
       [80.],
       [80.],
       [80.],
       [80.],
       [80.],
       [80.],
       [80.],
       [80.],
       [80.],
       [80.],
       [80.],
       [80.],
       [80.],
       [80.],
       [80.],
       [80.],
       [80.],
       [80.],
       [80.],
       [80.],
       [80.],
       [80.],
       [80.],
       [80.],
       [80.],
       [80.],
       [80.],
       [80.],
       [80.],
       [80.],
       [80.],
       [80.],
       [80.],
       [80.],
       [80.],
       [80.],
       [80.],
       [80.],
       [80.],
       [80.],
       [80.],
       [80.],
       [80.],
       [80.],
       [80.],
       [80.],
       [80.],
       [80.],
       [80.],
       [80.],
       [80.],
       [80.],
       [80.],
       [80.],
       [80.],
       [80.],
       [80.],
       [80.],
       [80.],
       [80.],
       [80.],
       [80.],
       [80.],
       [80.],
       [80.],
       [80.],
       [80.],
       [80.],
       [80.],
       [80.],
       [80.],
       [80.],
       [80.],
       [80.],
       [80.],
       [80.],
       [80.],
       [80.],
       [80.],
       [80.],
       [80.],
       [80.],
       [80.],
       [80.],
       [80.],
       [80.],
       [80.],
       [80.],
       [80.],
       [80.],
       [80.],
       [80.],
       [80.],
       [80.],
       [80.],
       [80.],
       [80.],
       [80.],
       [80.],
       [80.],
       [80.],
       [80.],
       [80.],
       [80.],
       [80.],
       [80.],
       [80.],
       [80.],
       [80.],
       [80.],
       [80.],
       [80.],
       [80.],
       [80.],
       [80.],
       [80.],
       [80.],
       [80.],
       [80.],
       [80.],
       [80.],
       [80.],
       [80.],
       [80.],
       [80.],
       [80.],
       [80.],
       [80.],
       [80.],
       [80.],
       [80.],
       [80.],
       [80.],
       [80.],
       [80.],
       [80.],
       [80.],
       [80.],
       [80.],
       [80.],
       [80.],
       [80.],
       [80.],
       [80.],
       [80.],
       [80.],
       [80.],
       [80.],
       [80.],
       [80.],
       [80.],
       [80.],
       [80.],
       [80.],
       [80.],
       [80.],
       [80.],
       [80.],
       [80.],
       [80.],
       [80.],
       [80.],
       [80.],
       [80.],
       [80.],
       [80.],
       [80.],
       [80.],
       [80.],
       [80.],
       [80.],
       [80.],
       [80.],
       [80.],
       [80.],
       [80.],
       [80.],
       [80.],
       [80.],
       [80.],
       [80.],
       [80.],
       [80.],
       [80.],
       [80.],
       [80.],
       [80.],
       [80.],
       [80.],
       [80.],
       [80.],
       [80.],
       [80.],
       [80.],
       [80.],
       [80.],
       [80.],
       [80.],
       [80.],
       [80.],
       [80.],
       [80.],
       [80.],
       [80.],
       [80.],
       [80.],
       [80.],
       [80.],
       [80.],
       [80.],
       [80.],
       [80.],
       [80.],
       [80.],
       [80.],
       [80.],
       [80.],
       [80.],
       [80.],
       [80.],
       [80.],
       [80.],
       [80.],
       [80.],
       [80.],
       [80.],
       [80.],
       [80.],
       [80.],
       [80.],
       [80.],
       [80.],
       [80.],
       [80.],
       [80.],
       [80.],
       [80.],
       [80.],
       [80.],
       [80.],
       [80.],
       [80.],
       [80.],
       [80.],
       [80.],
       [80.],
       [80.],
       [80.],
       [80.],
       [80.],
       [80.],
       [80.],
       [80.],
       [80.],
       [80.],
       [80.],
       [80.],
       [80.],
       [80.],
       [80.],
       [80.],
       [80.],
       [80.],
       [80.],
       [80.],
       [80.],
       [80.],
       [80.],
       [80.],
       [80.],
       [80.],
       [80.],
       [80.],
       [80.],
       [80.],
       [80.],
       [80.],
       [80.],
       [80.],
       [80.],
       [80.],
       [80.],
       [80.],
       [80.],
       [80.]]), 'dt': 0.01, 'N': 400, 'l': 1e-05}","{'Q': 131.57894736842104, 'gbar': 12.631578947368421, 'T': 10000, 'supervisor': array([[-1.89214982e-17],
       [ 4.44288287e-04],
       [ 8.88576529e-04],
       ...,
       [-1.33286468e-03],
       [-8.88576529e-04],
       [-4.44288287e-04]]), 'BIAS': array([[80.],
       [80.],
       [80.],
       [80.],
       [80.],
       [80.],
       [80.],
       [80.],
       [80.],
       [80.],
       [80.],
       [80.],
       [80.],
       [80.],
       [80.],
       [80.],
       [80.],
       [80.],
       [80.],
       [80.],
       [80.],
       [80.],
       [80.],
       [80.],
       [80.],
       [80.],
       [80.],
       [80.],
       [80.],
       [80.],
       [80.],
       [80.],
       [80.],
       [80.],
       [80.],
       [80.],
       [80.],
       [80.],
       [80.],
       [80.],
       [80.],
       [80.],
       [80.],
       [80.],
       [80.],
       [80.],
       [80.],
       [80.],
       [80.],
       [80.],
       [80.],
       [80.],
       [80.],
       [80.],
       [80.],
       [80.],
       [80.],
       [80.],
       [80.],
       [80.],
       [80.],
       [80.],
       [80.],
       [80.],
       [80.],
       [80.],
       [80.],
       [80.],
       [80.],
       [80.],
       [80.],
       [80.],
       [80.],
       [80.],
       [80.],
       [80.],
       [80.],
       [80.],
       [80.],
       [80.],
       [80.],
       [80.],
       [80.],
       [80.],
       [80.],
       [80.],
       [80.],
       [80.],
       [80.],
       [80.],
       [80.],
       [80.],
       [80.],
       [80.],
       [80.],
       [80.],
       [80.],
       [80.],
       [80.],
       [80.],
       [80.],
       [80.],
       [80.],
       [80.],
       [80.],
       [80.],
       [80.],
       [80.],
       [80.],
       [80.],
       [80.],
       [80.],
       [80.],
       [80.],
       [80.],
       [80.],
       [80.],
       [80.],
       [80.],
       [80.],
       [80.],
       [80.],
       [80.],
       [80.],
       [80.],
       [80.],
       [80.],
       [80.],
       [80.],
       [80.],
       [80.],
       [80.],
       [80.],
       [80.],
       [80.],
       [80.],
       [80.],
       [80.],
       [80.],
       [80.],
       [80.],
       [80.],
       [80.],
       [80.],
       [80.],
       [80.],
       [80.],
       [80.],
       [80.],
       [80.],
       [80.],
       [80.],
       [80.],
       [80.],
       [80.],
       [80.],
       [80.],
       [80.],
       [80.],
       [80.],
       [80.],
       [80.],
       [80.],
       [80.],
       [80.],
       [80.],
       [80.],
       [80.],
       [80.],
       [80.],
       [80.],
       [80.],
       [80.],
       [80.],
       [80.],
       [80.],
       [80.],
       [80.],
       [80.],
       [80.],
       [80.],
       [80.],
       [80.],
       [80.],
       [80.],
       [80.],
       [80.],
       [80.],
       [80.],
       [80.],
       [80.],
       [80.],
       [80.],
       [80.],
       [80.],
       [80.],
       [80.],
       [80.],
       [80.],
       [80.],
       [80.],
       [80.],
       [80.],
       [80.],
       [80.],
       [80.],
       [80.],
       [80.],
       [80.],
       [80.],
       [80.],
       [80.],
       [80.],
       [80.],
       [80.],
       [80.],
       [80.],
       [80.],
       [80.],
       [80.],
       [80.],
       [80.],
       [80.],
       [80.],
       [80.],
       [80.],
       [80.],
       [80.],
       [80.],
       [80.],
       [80.],
       [80.],
       [80.],
       [80.],
       [80.],
       [80.],
       [80.],
       [80.],
       [80.],
       [80.],
       [80.],
       [80.],
       [80.],
       [80.],
       [80.],
       [80.],
       [80.],
       [80.],
       [80.],
       [80.],
       [80.],
       [80.],
       [80.],
       [80.],
       [80.],
       [80.],
       [80.],
       [80.],
       [80.],
       [80.],
       [80.],
       [80.],
       [80.],
       [80.],
       [80.],
       [80.],
       [80.],
       [80.],
       [80.],
       [80.],
       [80.],
       [80.],
       [80.],
       [80.],
       [80.],
       [80.],
       [80.],
       [80.],
       [80.],
       [80.],
       [80.],
       [80.],
       [80.],
       [80.],
       [80.],
       [80.],
       [80.],
       [80.],
       [80.],
       [80.],
       [80.],
       [80.],
       [80.],
       [80.],
       [80.],
       [80.],
       [80.],
       [80.],
       [80.],
       [80.],
       [80.],
       [80.],
       [80.],
       [80.],
       [80.],
       [80.],
       [80.],
       [80.],
       [80.],
       [80.],
       [80.],
       [80.],
       [80.],
       [80.],
       [80.],
       [80.],
       [80.],
       [80.],
       [80.],
       [80.],
       [80.],
       [80.],
       [80.],
       [80.],
       [80.],
       [80.],
       [80.],
       [80.],
       [80.],
       [80.],
       [80.],
       [80.],
       [80.],
       [80.],
       [80.],
       [80.],
       [80.],
       [80.],
       [80.],
       [80.],
       [80.],
       [80.],
       [80.],
       [80.],
       [80.],
       [80.],
       [80.],
       [80.],
       [80.],
       [80.],
       [80.],
       [80.],
       [80.],
       [80.],
       [80.],
       [80.],
       [80.],
       [80.],
       [80.],
       [80.],
       [80.],
       [80.],
       [80.],
       [80.],
       [80.],
       [80.],
       [80.],
       [80.],
       [80.],
       [80.],
       [80.],
       [80.],
       [80.],
       [80.],
       [80.],
       [80.],
       [80.],
       [80.],
       [80.],
       [80.],
       [80.],
       [80.],
       [80.],
       [80.],
       [80.],
       [80.],
       [80.],
       [80.],
       [80.],
       [80.],
       [80.],
       [80.],
       [80.],
       [80.],
       [80.],
       [80.],
       [80.],
       [80.],
       [80.],
       [80.]]), 'dt': 0.01, 'N': 400, 'l': 1e-05}","{'Q': 131.57894736842104, 'gbar': 13.68421052631579, 'T': 10000, 'supervisor': array([[-1.89214982e-17],
       [ 4.44288287e-04],
       [ 8.88576529e-04],
       ...,
       [-1.33286468e-03],
       [-8.88576529e-04],
       [-4.44288287e-04]]), 'BIAS': array([[80.],
       [80.],
       [80.],
       [80.],
       [80.],
       [80.],
       [80.],
       [80.],
       [80.],
       [80.],
       [80.],
       [80.],
       [80.],
       [80.],
       [80.],
       [80.],
       [80.],
       [80.],
       [80.],
       [80.],
       [80.],
       [80.],
       [80.],
       [80.],
       [80.],
       [80.],
       [80.],
       [80.],
       [80.],
       [80.],
       [80.],
       [80.],
       [80.],
       [80.],
       [80.],
       [80.],
       [80.],
       [80.],
       [80.],
       [80.],
       [80.],
       [80.],
       [80.],
       [80.],
       [80.],
       [80.],
       [80.],
       [80.],
       [80.],
       [80.],
       [80.],
       [80.],
       [80.],
       [80.],
       [80.],
       [80.],
       [80.],
       [80.],
       [80.],
       [80.],
       [80.],
       [80.],
       [80.],
       [80.],
       [80.],
       [80.],
       [80.],
       [80.],
       [80.],
       [80.],
       [80.],
       [80.],
       [80.],
       [80.],
       [80.],
       [80.],
       [80.],
       [80.],
       [80.],
       [80.],
       [80.],
       [80.],
       [80.],
       [80.],
       [80.],
       [80.],
       [80.],
       [80.],
       [80.],
       [80.],
       [80.],
       [80.],
       [80.],
       [80.],
       [80.],
       [80.],
       [80.],
       [80.],
       [80.],
       [80.],
       [80.],
       [80.],
       [80.],
       [80.],
       [80.],
       [80.],
       [80.],
       [80.],
       [80.],
       [80.],
       [80.],
       [80.],
       [80.],
       [80.],
       [80.],
       [80.],
       [80.],
       [80.],
       [80.],
       [80.],
       [80.],
       [80.],
       [80.],
       [80.],
       [80.],
       [80.],
       [80.],
       [80.],
       [80.],
       [80.],
       [80.],
       [80.],
       [80.],
       [80.],
       [80.],
       [80.],
       [80.],
       [80.],
       [80.],
       [80.],
       [80.],
       [80.],
       [80.],
       [80.],
       [80.],
       [80.],
       [80.],
       [80.],
       [80.],
       [80.],
       [80.],
       [80.],
       [80.],
       [80.],
       [80.],
       [80.],
       [80.],
       [80.],
       [80.],
       [80.],
       [80.],
       [80.],
       [80.],
       [80.],
       [80.],
       [80.],
       [80.],
       [80.],
       [80.],
       [80.],
       [80.],
       [80.],
       [80.],
       [80.],
       [80.],
       [80.],
       [80.],
       [80.],
       [80.],
       [80.],
       [80.],
       [80.],
       [80.],
       [80.],
       [80.],
       [80.],
       [80.],
       [80.],
       [80.],
       [80.],
       [80.],
       [80.],
       [80.],
       [80.],
       [80.],
       [80.],
       [80.],
       [80.],
       [80.],
       [80.],
       [80.],
       [80.],
       [80.],
       [80.],
       [80.],
       [80.],
       [80.],
       [80.],
       [80.],
       [80.],
       [80.],
       [80.],
       [80.],
       [80.],
       [80.],
       [80.],
       [80.],
       [80.],
       [80.],
       [80.],
       [80.],
       [80.],
       [80.],
       [80.],
       [80.],
       [80.],
       [80.],
       [80.],
       [80.],
       [80.],
       [80.],
       [80.],
       [80.],
       [80.],
       [80.],
       [80.],
       [80.],
       [80.],
       [80.],
       [80.],
       [80.],
       [80.],
       [80.],
       [80.],
       [80.],
       [80.],
       [80.],
       [80.],
       [80.],
       [80.],
       [80.],
       [80.],
       [80.],
       [80.],
       [80.],
       [80.],
       [80.],
       [80.],
       [80.],
       [80.],
       [80.],
       [80.],
       [80.],
       [80.],
       [80.],
       [80.],
       [80.],
       [80.],
       [80.],
       [80.],
       [80.],
       [80.],
       [80.],
       [80.],
       [80.],
       [80.],
       [80.],
       [80.],
       [80.],
       [80.],
       [80.],
       [80.],
       [80.],
       [80.],
       [80.],
       [80.],
       [80.],
       [80.],
       [80.],
       [80.],
       [80.],
       [80.],
       [80.],
       [80.],
       [80.],
       [80.],
       [80.],
       [80.],
       [80.],
       [80.],
       [80.],
       [80.],
       [80.],
       [80.],
       [80.],
       [80.],
       [80.],
       [80.],
       [80.],
       [80.],
       [80.],
       [80.],
       [80.],
       [80.],
       [80.],
       [80.],
       [80.],
       [80.],
       [80.],
       [80.],
       [80.],
       [80.],
       [80.],
       [80.],
       [80.],
       [80.],
       [80.],
       [80.],
       [80.],
       [80.],
       [80.],
       [80.],
       [80.],
       [80.],
       [80.],
       [80.],
       [80.],
       [80.],
       [80.],
       [80.],
       [80.],
       [80.],
       [80.],
       [80.],
       [80.],
       [80.],
       [80.],
       [80.],
       [80.],
       [80.],
       [80.],
       [80.],
       [80.],
       [80.],
       [80.],
       [80.],
       [80.],
       [80.],
       [80.],
       [80.],
       [80.],
       [80.],
       [80.],
       [80.],
       [80.],
       [80.],
       [80.],
       [80.],
       [80.],
       [80.],
       [80.],
       [80.],
       [80.],
       [80.],
       [80.],
       [80.],
       [80.],
       [80.],
       [80.],
       [80.],
       [80.],
       [80.],
       [80.],
       [80.],
       [80.],
       [80.],
       [80.],
       [80.],
       [80.],
       [80.],
       [80.],
       [80.],
       [80.],
       [80.],
       [80.],
       [80.],
       [80.],
       [80.],
       [80.],
       [80.]]), 'dt': 0.01, 'N': 400, 'l': 1e-05}","{'Q': 131.57894736842104, 'gbar': 14.736842105263158, 'T': 10000, 'supervisor': array([[-1.89214982e-17],
       [ 4.44288287e-04],
       [ 8.88576529e-04],
       ...,
       [-1.33286468e-03],
       [-8.88576529e-04],
       [-4.44288287e-04]]), 'BIAS': array([[80.],
       [80.],
       [80.],
       [80.],
       [80.],
       [80.],
       [80.],
       [80.],
       [80.],
       [80.],
       [80.],
       [80.],
       [80.],
       [80.],
       [80.],
       [80.],
       [80.],
       [80.],
       [80.],
       [80.],
       [80.],
       [80.],
       [80.],
       [80.],
       [80.],
       [80.],
       [80.],
       [80.],
       [80.],
       [80.],
       [80.],
       [80.],
       [80.],
       [80.],
       [80.],
       [80.],
       [80.],
       [80.],
       [80.],
       [80.],
       [80.],
       [80.],
       [80.],
       [80.],
       [80.],
       [80.],
       [80.],
       [80.],
       [80.],
       [80.],
       [80.],
       [80.],
       [80.],
       [80.],
       [80.],
       [80.],
       [80.],
       [80.],
       [80.],
       [80.],
       [80.],
       [80.],
       [80.],
       [80.],
       [80.],
       [80.],
       [80.],
       [80.],
       [80.],
       [80.],
       [80.],
       [80.],
       [80.],
       [80.],
       [80.],
       [80.],
       [80.],
       [80.],
       [80.],
       [80.],
       [80.],
       [80.],
       [80.],
       [80.],
       [80.],
       [80.],
       [80.],
       [80.],
       [80.],
       [80.],
       [80.],
       [80.],
       [80.],
       [80.],
       [80.],
       [80.],
       [80.],
       [80.],
       [80.],
       [80.],
       [80.],
       [80.],
       [80.],
       [80.],
       [80.],
       [80.],
       [80.],
       [80.],
       [80.],
       [80.],
       [80.],
       [80.],
       [80.],
       [80.],
       [80.],
       [80.],
       [80.],
       [80.],
       [80.],
       [80.],
       [80.],
       [80.],
       [80.],
       [80.],
       [80.],
       [80.],
       [80.],
       [80.],
       [80.],
       [80.],
       [80.],
       [80.],
       [80.],
       [80.],
       [80.],
       [80.],
       [80.],
       [80.],
       [80.],
       [80.],
       [80.],
       [80.],
       [80.],
       [80.],
       [80.],
       [80.],
       [80.],
       [80.],
       [80.],
       [80.],
       [80.],
       [80.],
       [80.],
       [80.],
       [80.],
       [80.],
       [80.],
       [80.],
       [80.],
       [80.],
       [80.],
       [80.],
       [80.],
       [80.],
       [80.],
       [80.],
       [80.],
       [80.],
       [80.],
       [80.],
       [80.],
       [80.],
       [80.],
       [80.],
       [80.],
       [80.],
       [80.],
       [80.],
       [80.],
       [80.],
       [80.],
       [80.],
       [80.],
       [80.],
       [80.],
       [80.],
       [80.],
       [80.],
       [80.],
       [80.],
       [80.],
       [80.],
       [80.],
       [80.],
       [80.],
       [80.],
       [80.],
       [80.],
       [80.],
       [80.],
       [80.],
       [80.],
       [80.],
       [80.],
       [80.],
       [80.],
       [80.],
       [80.],
       [80.],
       [80.],
       [80.],
       [80.],
       [80.],
       [80.],
       [80.],
       [80.],
       [80.],
       [80.],
       [80.],
       [80.],
       [80.],
       [80.],
       [80.],
       [80.],
       [80.],
       [80.],
       [80.],
       [80.],
       [80.],
       [80.],
       [80.],
       [80.],
       [80.],
       [80.],
       [80.],
       [80.],
       [80.],
       [80.],
       [80.],
       [80.],
       [80.],
       [80.],
       [80.],
       [80.],
       [80.],
       [80.],
       [80.],
       [80.],
       [80.],
       [80.],
       [80.],
       [80.],
       [80.],
       [80.],
       [80.],
       [80.],
       [80.],
       [80.],
       [80.],
       [80.],
       [80.],
       [80.],
       [80.],
       [80.],
       [80.],
       [80.],
       [80.],
       [80.],
       [80.],
       [80.],
       [80.],
       [80.],
       [80.],
       [80.],
       [80.],
       [80.],
       [80.],
       [80.],
       [80.],
       [80.],
       [80.],
       [80.],
       [80.],
       [80.],
       [80.],
       [80.],
       [80.],
       [80.],
       [80.],
       [80.],
       [80.],
       [80.],
       [80.],
       [80.],
       [80.],
       [80.],
       [80.],
       [80.],
       [80.],
       [80.],
       [80.],
       [80.],
       [80.],
       [80.],
       [80.],
       [80.],
       [80.],
       [80.],
       [80.],
       [80.],
       [80.],
       [80.],
       [80.],
       [80.],
       [80.],
       [80.],
       [80.],
       [80.],
       [80.],
       [80.],
       [80.],
       [80.],
       [80.],
       [80.],
       [80.],
       [80.],
       [80.],
       [80.],
       [80.],
       [80.],
       [80.],
       [80.],
       [80.],
       [80.],
       [80.],
       [80.],
       [80.],
       [80.],
       [80.],
       [80.],
       [80.],
       [80.],
       [80.],
       [80.],
       [80.],
       [80.],
       [80.],
       [80.],
       [80.],
       [80.],
       [80.],
       [80.],
       [80.],
       [80.],
       [80.],
       [80.],
       [80.],
       [80.],
       [80.],
       [80.],
       [80.],
       [80.],
       [80.],
       [80.],
       [80.],
       [80.],
       [80.],
       [80.],
       [80.],
       [80.],
       [80.],
       [80.],
       [80.],
       [80.],
       [80.],
       [80.],
       [80.],
       [80.],
       [80.],
       [80.],
       [80.],
       [80.],
       [80.],
       [80.],
       [80.],
       [80.],
       [80.],
       [80.],
       [80.],
       [80.],
       [80.],
       [80.],
       [80.],
       [80.],
       [80.],
       [80.],
       [80.],
       [80.],
       [80.],
       [80.]]), 'dt': 0.01, 'N': 400, 'l': 1e-05}","{'Q': 131.57894736842104, 'gbar': 15.789473684210526, 'T': 10000, 'supervisor': array([[-1.89214982e-17],
       [ 4.44288287e-04],
       [ 8.88576529e-04],
       ...,
       [-1.33286468e-03],
       [-8.88576529e-04],
       [-4.44288287e-04]]), 'BIAS': array([[80.],
       [80.],
       [80.],
       [80.],
       [80.],
       [80.],
       [80.],
       [80.],
       [80.],
       [80.],
       [80.],
       [80.],
       [80.],
       [80.],
       [80.],
       [80.],
       [80.],
       [80.],
       [80.],
       [80.],
       [80.],
       [80.],
       [80.],
       [80.],
       [80.],
       [80.],
       [80.],
       [80.],
       [80.],
       [80.],
       [80.],
       [80.],
       [80.],
       [80.],
       [80.],
       [80.],
       [80.],
       [80.],
       [80.],
       [80.],
       [80.],
       [80.],
       [80.],
       [80.],
       [80.],
       [80.],
       [80.],
       [80.],
       [80.],
       [80.],
       [80.],
       [80.],
       [80.],
       [80.],
       [80.],
       [80.],
       [80.],
       [80.],
       [80.],
       [80.],
       [80.],
       [80.],
       [80.],
       [80.],
       [80.],
       [80.],
       [80.],
       [80.],
       [80.],
       [80.],
       [80.],
       [80.],
       [80.],
       [80.],
       [80.],
       [80.],
       [80.],
       [80.],
       [80.],
       [80.],
       [80.],
       [80.],
       [80.],
       [80.],
       [80.],
       [80.],
       [80.],
       [80.],
       [80.],
       [80.],
       [80.],
       [80.],
       [80.],
       [80.],
       [80.],
       [80.],
       [80.],
       [80.],
       [80.],
       [80.],
       [80.],
       [80.],
       [80.],
       [80.],
       [80.],
       [80.],
       [80.],
       [80.],
       [80.],
       [80.],
       [80.],
       [80.],
       [80.],
       [80.],
       [80.],
       [80.],
       [80.],
       [80.],
       [80.],
       [80.],
       [80.],
       [80.],
       [80.],
       [80.],
       [80.],
       [80.],
       [80.],
       [80.],
       [80.],
       [80.],
       [80.],
       [80.],
       [80.],
       [80.],
       [80.],
       [80.],
       [80.],
       [80.],
       [80.],
       [80.],
       [80.],
       [80.],
       [80.],
       [80.],
       [80.],
       [80.],
       [80.],
       [80.],
       [80.],
       [80.],
       [80.],
       [80.],
       [80.],
       [80.],
       [80.],
       [80.],
       [80.],
       [80.],
       [80.],
       [80.],
       [80.],
       [80.],
       [80.],
       [80.],
       [80.],
       [80.],
       [80.],
       [80.],
       [80.],
       [80.],
       [80.],
       [80.],
       [80.],
       [80.],
       [80.],
       [80.],
       [80.],
       [80.],
       [80.],
       [80.],
       [80.],
       [80.],
       [80.],
       [80.],
       [80.],
       [80.],
       [80.],
       [80.],
       [80.],
       [80.],
       [80.],
       [80.],
       [80.],
       [80.],
       [80.],
       [80.],
       [80.],
       [80.],
       [80.],
       [80.],
       [80.],
       [80.],
       [80.],
       [80.],
       [80.],
       [80.],
       [80.],
       [80.],
       [80.],
       [80.],
       [80.],
       [80.],
       [80.],
       [80.],
       [80.],
       [80.],
       [80.],
       [80.],
       [80.],
       [80.],
       [80.],
       [80.],
       [80.],
       [80.],
       [80.],
       [80.],
       [80.],
       [80.],
       [80.],
       [80.],
       [80.],
       [80.],
       [80.],
       [80.],
       [80.],
       [80.],
       [80.],
       [80.],
       [80.],
       [80.],
       [80.],
       [80.],
       [80.],
       [80.],
       [80.],
       [80.],
       [80.],
       [80.],
       [80.],
       [80.],
       [80.],
       [80.],
       [80.],
       [80.],
       [80.],
       [80.],
       [80.],
       [80.],
       [80.],
       [80.],
       [80.],
       [80.],
       [80.],
       [80.],
       [80.],
       [80.],
       [80.],
       [80.],
       [80.],
       [80.],
       [80.],
       [80.],
       [80.],
       [80.],
       [80.],
       [80.],
       [80.],
       [80.],
       [80.],
       [80.],
       [80.],
       [80.],
       [80.],
       [80.],
       [80.],
       [80.],
       [80.],
       [80.],
       [80.],
       [80.],
       [80.],
       [80.],
       [80.],
       [80.],
       [80.],
       [80.],
       [80.],
       [80.],
       [80.],
       [80.],
       [80.],
       [80.],
       [80.],
       [80.],
       [80.],
       [80.],
       [80.],
       [80.],
       [80.],
       [80.],
       [80.],
       [80.],
       [80.],
       [80.],
       [80.],
       [80.],
       [80.],
       [80.],
       [80.],
       [80.],
       [80.],
       [80.],
       [80.],
       [80.],
       [80.],
       [80.],
       [80.],
       [80.],
       [80.],
       [80.],
       [80.],
       [80.],
       [80.],
       [80.],
       [80.],
       [80.],
       [80.],
       [80.],
       [80.],
       [80.],
       [80.],
       [80.],
       [80.],
       [80.],
       [80.],
       [80.],
       [80.],
       [80.],
       [80.],
       [80.],
       [80.],
       [80.],
       [80.],
       [80.],
       [80.],
       [80.],
       [80.],
       [80.],
       [80.],
       [80.],
       [80.],
       [80.],
       [80.],
       [80.],
       [80.],
       [80.],
       [80.],
       [80.],
       [80.],
       [80.],
       [80.],
       [80.],
       [80.],
       [80.],
       [80.],
       [80.],
       [80.],
       [80.],
       [80.],
       [80.],
       [80.],
       [80.],
       [80.],
       [80.],
       [80.],
       [80.],
       [80.],
       [80.],
       [80.],
       [80.],
       [80.],
       [80.],
       [80.],
       [80.],
       [80.],
       [80.],
       [80.],
       [80.],
       [80.],
       [80.]]), 'dt': 0.01, 'N': 400, 'l': 1e-05}","{'Q': 131.57894736842104, 'gbar': 16.842105263157894, 'T': 10000, 'supervisor': array([[-1.89214982e-17],
       [ 4.44288287e-04],
       [ 8.88576529e-04],
       ...,
       [-1.33286468e-03],
       [-8.88576529e-04],
       [-4.44288287e-04]]), 'BIAS': array([[80.],
       [80.],
       [80.],
       [80.],
       [80.],
       [80.],
       [80.],
       [80.],
       [80.],
       [80.],
       [80.],
       [80.],
       [80.],
       [80.],
       [80.],
       [80.],
       [80.],
       [80.],
       [80.],
       [80.],
       [80.],
       [80.],
       [80.],
       [80.],
       [80.],
       [80.],
       [80.],
       [80.],
       [80.],
       [80.],
       [80.],
       [80.],
       [80.],
       [80.],
       [80.],
       [80.],
       [80.],
       [80.],
       [80.],
       [80.],
       [80.],
       [80.],
       [80.],
       [80.],
       [80.],
       [80.],
       [80.],
       [80.],
       [80.],
       [80.],
       [80.],
       [80.],
       [80.],
       [80.],
       [80.],
       [80.],
       [80.],
       [80.],
       [80.],
       [80.],
       [80.],
       [80.],
       [80.],
       [80.],
       [80.],
       [80.],
       [80.],
       [80.],
       [80.],
       [80.],
       [80.],
       [80.],
       [80.],
       [80.],
       [80.],
       [80.],
       [80.],
       [80.],
       [80.],
       [80.],
       [80.],
       [80.],
       [80.],
       [80.],
       [80.],
       [80.],
       [80.],
       [80.],
       [80.],
       [80.],
       [80.],
       [80.],
       [80.],
       [80.],
       [80.],
       [80.],
       [80.],
       [80.],
       [80.],
       [80.],
       [80.],
       [80.],
       [80.],
       [80.],
       [80.],
       [80.],
       [80.],
       [80.],
       [80.],
       [80.],
       [80.],
       [80.],
       [80.],
       [80.],
       [80.],
       [80.],
       [80.],
       [80.],
       [80.],
       [80.],
       [80.],
       [80.],
       [80.],
       [80.],
       [80.],
       [80.],
       [80.],
       [80.],
       [80.],
       [80.],
       [80.],
       [80.],
       [80.],
       [80.],
       [80.],
       [80.],
       [80.],
       [80.],
       [80.],
       [80.],
       [80.],
       [80.],
       [80.],
       [80.],
       [80.],
       [80.],
       [80.],
       [80.],
       [80.],
       [80.],
       [80.],
       [80.],
       [80.],
       [80.],
       [80.],
       [80.],
       [80.],
       [80.],
       [80.],
       [80.],
       [80.],
       [80.],
       [80.],
       [80.],
       [80.],
       [80.],
       [80.],
       [80.],
       [80.],
       [80.],
       [80.],
       [80.],
       [80.],
       [80.],
       [80.],
       [80.],
       [80.],
       [80.],
       [80.],
       [80.],
       [80.],
       [80.],
       [80.],
       [80.],
       [80.],
       [80.],
       [80.],
       [80.],
       [80.],
       [80.],
       [80.],
       [80.],
       [80.],
       [80.],
       [80.],
       [80.],
       [80.],
       [80.],
       [80.],
       [80.],
       [80.],
       [80.],
       [80.],
       [80.],
       [80.],
       [80.],
       [80.],
       [80.],
       [80.],
       [80.],
       [80.],
       [80.],
       [80.],
       [80.],
       [80.],
       [80.],
       [80.],
       [80.],
       [80.],
       [80.],
       [80.],
       [80.],
       [80.],
       [80.],
       [80.],
       [80.],
       [80.],
       [80.],
       [80.],
       [80.],
       [80.],
       [80.],
       [80.],
       [80.],
       [80.],
       [80.],
       [80.],
       [80.],
       [80.],
       [80.],
       [80.],
       [80.],
       [80.],
       [80.],
       [80.],
       [80.],
       [80.],
       [80.],
       [80.],
       [80.],
       [80.],
       [80.],
       [80.],
       [80.],
       [80.],
       [80.],
       [80.],
       [80.],
       [80.],
       [80.],
       [80.],
       [80.],
       [80.],
       [80.],
       [80.],
       [80.],
       [80.],
       [80.],
       [80.],
       [80.],
       [80.],
       [80.],
       [80.],
       [80.],
       [80.],
       [80.],
       [80.],
       [80.],
       [80.],
       [80.],
       [80.],
       [80.],
       [80.],
       [80.],
       [80.],
       [80.],
       [80.],
       [80.],
       [80.],
       [80.],
       [80.],
       [80.],
       [80.],
       [80.],
       [80.],
       [80.],
       [80.],
       [80.],
       [80.],
       [80.],
       [80.],
       [80.],
       [80.],
       [80.],
       [80.],
       [80.],
       [80.],
       [80.],
       [80.],
       [80.],
       [80.],
       [80.],
       [80.],
       [80.],
       [80.],
       [80.],
       [80.],
       [80.],
       [80.],
       [80.],
       [80.],
       [80.],
       [80.],
       [80.],
       [80.],
       [80.],
       [80.],
       [80.],
       [80.],
       [80.],
       [80.],
       [80.],
       [80.],
       [80.],
       [80.],
       [80.],
       [80.],
       [80.],
       [80.],
       [80.],
       [80.],
       [80.],
       [80.],
       [80.],
       [80.],
       [80.],
       [80.],
       [80.],
       [80.],
       [80.],
       [80.],
       [80.],
       [80.],
       [80.],
       [80.],
       [80.],
       [80.],
       [80.],
       [80.],
       [80.],
       [80.],
       [80.],
       [80.],
       [80.],
       [80.],
       [80.],
       [80.],
       [80.],
       [80.],
       [80.],
       [80.],
       [80.],
       [80.],
       [80.],
       [80.],
       [80.],
       [80.],
       [80.],
       [80.],
       [80.],
       [80.],
       [80.],
       [80.],
       [80.],
       [80.],
       [80.],
       [80.],
       [80.],
       [80.],
       [80.],
       [80.],
       [80.],
       [80.],
       [80.],
       [80.],
       [80.],
       [80.],
       [80.],
       [80.],
       [80.]]), 'dt': 0.01, 'N': 400, 'l': 1e-05}","{'Q': 131.57894736842104, 'gbar': 17.894736842105264, 'T': 10000, 'supervisor': array([[-1.89214982e-17],
       [ 4.44288287e-04],
       [ 8.88576529e-04],
       ...,
       [-1.33286468e-03],
       [-8.88576529e-04],
       [-4.44288287e-04]]), 'BIAS': array([[80.],
       [80.],
       [80.],
       [80.],
       [80.],
       [80.],
       [80.],
       [80.],
       [80.],
       [80.],
       [80.],
       [80.],
       [80.],
       [80.],
       [80.],
       [80.],
       [80.],
       [80.],
       [80.],
       [80.],
       [80.],
       [80.],
       [80.],
       [80.],
       [80.],
       [80.],
       [80.],
       [80.],
       [80.],
       [80.],
       [80.],
       [80.],
       [80.],
       [80.],
       [80.],
       [80.],
       [80.],
       [80.],
       [80.],
       [80.],
       [80.],
       [80.],
       [80.],
       [80.],
       [80.],
       [80.],
       [80.],
       [80.],
       [80.],
       [80.],
       [80.],
       [80.],
       [80.],
       [80.],
       [80.],
       [80.],
       [80.],
       [80.],
       [80.],
       [80.],
       [80.],
       [80.],
       [80.],
       [80.],
       [80.],
       [80.],
       [80.],
       [80.],
       [80.],
       [80.],
       [80.],
       [80.],
       [80.],
       [80.],
       [80.],
       [80.],
       [80.],
       [80.],
       [80.],
       [80.],
       [80.],
       [80.],
       [80.],
       [80.],
       [80.],
       [80.],
       [80.],
       [80.],
       [80.],
       [80.],
       [80.],
       [80.],
       [80.],
       [80.],
       [80.],
       [80.],
       [80.],
       [80.],
       [80.],
       [80.],
       [80.],
       [80.],
       [80.],
       [80.],
       [80.],
       [80.],
       [80.],
       [80.],
       [80.],
       [80.],
       [80.],
       [80.],
       [80.],
       [80.],
       [80.],
       [80.],
       [80.],
       [80.],
       [80.],
       [80.],
       [80.],
       [80.],
       [80.],
       [80.],
       [80.],
       [80.],
       [80.],
       [80.],
       [80.],
       [80.],
       [80.],
       [80.],
       [80.],
       [80.],
       [80.],
       [80.],
       [80.],
       [80.],
       [80.],
       [80.],
       [80.],
       [80.],
       [80.],
       [80.],
       [80.],
       [80.],
       [80.],
       [80.],
       [80.],
       [80.],
       [80.],
       [80.],
       [80.],
       [80.],
       [80.],
       [80.],
       [80.],
       [80.],
       [80.],
       [80.],
       [80.],
       [80.],
       [80.],
       [80.],
       [80.],
       [80.],
       [80.],
       [80.],
       [80.],
       [80.],
       [80.],
       [80.],
       [80.],
       [80.],
       [80.],
       [80.],
       [80.],
       [80.],
       [80.],
       [80.],
       [80.],
       [80.],
       [80.],
       [80.],
       [80.],
       [80.],
       [80.],
       [80.],
       [80.],
       [80.],
       [80.],
       [80.],
       [80.],
       [80.],
       [80.],
       [80.],
       [80.],
       [80.],
       [80.],
       [80.],
       [80.],
       [80.],
       [80.],
       [80.],
       [80.],
       [80.],
       [80.],
       [80.],
       [80.],
       [80.],
       [80.],
       [80.],
       [80.],
       [80.],
       [80.],
       [80.],
       [80.],
       [80.],
       [80.],
       [80.],
       [80.],
       [80.],
       [80.],
       [80.],
       [80.],
       [80.],
       [80.],
       [80.],
       [80.],
       [80.],
       [80.],
       [80.],
       [80.],
       [80.],
       [80.],
       [80.],
       [80.],
       [80.],
       [80.],
       [80.],
       [80.],
       [80.],
       [80.],
       [80.],
       [80.],
       [80.],
       [80.],
       [80.],
       [80.],
       [80.],
       [80.],
       [80.],
       [80.],
       [80.],
       [80.],
       [80.],
       [80.],
       [80.],
       [80.],
       [80.],
       [80.],
       [80.],
       [80.],
       [80.],
       [80.],
       [80.],
       [80.],
       [80.],
       [80.],
       [80.],
       [80.],
       [80.],
       [80.],
       [80.],
       [80.],
       [80.],
       [80.],
       [80.],
       [80.],
       [80.],
       [80.],
       [80.],
       [80.],
       [80.],
       [80.],
       [80.],
       [80.],
       [80.],
       [80.],
       [80.],
       [80.],
       [80.],
       [80.],
       [80.],
       [80.],
       [80.],
       [80.],
       [80.],
       [80.],
       [80.],
       [80.],
       [80.],
       [80.],
       [80.],
       [80.],
       [80.],
       [80.],
       [80.],
       [80.],
       [80.],
       [80.],
       [80.],
       [80.],
       [80.],
       [80.],
       [80.],
       [80.],
       [80.],
       [80.],
       [80.],
       [80.],
       [80.],
       [80.],
       [80.],
       [80.],
       [80.],
       [80.],
       [80.],
       [80.],
       [80.],
       [80.],
       [80.],
       [80.],
       [80.],
       [80.],
       [80.],
       [80.],
       [80.],
       [80.],
       [80.],
       [80.],
       [80.],
       [80.],
       [80.],
       [80.],
       [80.],
       [80.],
       [80.],
       [80.],
       [80.],
       [80.],
       [80.],
       [80.],
       [80.],
       [80.],
       [80.],
       [80.],
       [80.],
       [80.],
       [80.],
       [80.],
       [80.],
       [80.],
       [80.],
       [80.],
       [80.],
       [80.],
       [80.],
       [80.],
       [80.],
       [80.],
       [80.],
       [80.],
       [80.],
       [80.],
       [80.],
       [80.],
       [80.],
       [80.],
       [80.],
       [80.],
       [80.],
       [80.],
       [80.],
       [80.],
       [80.],
       [80.],
       [80.],
       [80.],
       [80.],
       [80.],
       [80.],
       [80.],
       [80.],
       [80.],
       [80.],
       [80.],
       [80.],
       [80.],
       [80.]]), 'dt': 0.01, 'N': 400, 'l': 1e-05}","{'Q': 131.57894736842104, 'gbar': 18.94736842105263, 'T': 10000, 'supervisor': array([[-1.89214982e-17],
       [ 4.44288287e-04],
       [ 8.88576529e-04],
       ...,
       [-1.33286468e-03],
       [-8.88576529e-04],
       [-4.44288287e-04]]), 'BIAS': array([[80.],
       [80.],
       [80.],
       [80.],
       [80.],
       [80.],
       [80.],
       [80.],
       [80.],
       [80.],
       [80.],
       [80.],
       [80.],
       [80.],
       [80.],
       [80.],
       [80.],
       [80.],
       [80.],
       [80.],
       [80.],
       [80.],
       [80.],
       [80.],
       [80.],
       [80.],
       [80.],
       [80.],
       [80.],
       [80.],
       [80.],
       [80.],
       [80.],
       [80.],
       [80.],
       [80.],
       [80.],
       [80.],
       [80.],
       [80.],
       [80.],
       [80.],
       [80.],
       [80.],
       [80.],
       [80.],
       [80.],
       [80.],
       [80.],
       [80.],
       [80.],
       [80.],
       [80.],
       [80.],
       [80.],
       [80.],
       [80.],
       [80.],
       [80.],
       [80.],
       [80.],
       [80.],
       [80.],
       [80.],
       [80.],
       [80.],
       [80.],
       [80.],
       [80.],
       [80.],
       [80.],
       [80.],
       [80.],
       [80.],
       [80.],
       [80.],
       [80.],
       [80.],
       [80.],
       [80.],
       [80.],
       [80.],
       [80.],
       [80.],
       [80.],
       [80.],
       [80.],
       [80.],
       [80.],
       [80.],
       [80.],
       [80.],
       [80.],
       [80.],
       [80.],
       [80.],
       [80.],
       [80.],
       [80.],
       [80.],
       [80.],
       [80.],
       [80.],
       [80.],
       [80.],
       [80.],
       [80.],
       [80.],
       [80.],
       [80.],
       [80.],
       [80.],
       [80.],
       [80.],
       [80.],
       [80.],
       [80.],
       [80.],
       [80.],
       [80.],
       [80.],
       [80.],
       [80.],
       [80.],
       [80.],
       [80.],
       [80.],
       [80.],
       [80.],
       [80.],
       [80.],
       [80.],
       [80.],
       [80.],
       [80.],
       [80.],
       [80.],
       [80.],
       [80.],
       [80.],
       [80.],
       [80.],
       [80.],
       [80.],
       [80.],
       [80.],
       [80.],
       [80.],
       [80.],
       [80.],
       [80.],
       [80.],
       [80.],
       [80.],
       [80.],
       [80.],
       [80.],
       [80.],
       [80.],
       [80.],
       [80.],
       [80.],
       [80.],
       [80.],
       [80.],
       [80.],
       [80.],
       [80.],
       [80.],
       [80.],
       [80.],
       [80.],
       [80.],
       [80.],
       [80.],
       [80.],
       [80.],
       [80.],
       [80.],
       [80.],
       [80.],
       [80.],
       [80.],
       [80.],
       [80.],
       [80.],
       [80.],
       [80.],
       [80.],
       [80.],
       [80.],
       [80.],
       [80.],
       [80.],
       [80.],
       [80.],
       [80.],
       [80.],
       [80.],
       [80.],
       [80.],
       [80.],
       [80.],
       [80.],
       [80.],
       [80.],
       [80.],
       [80.],
       [80.],
       [80.],
       [80.],
       [80.],
       [80.],
       [80.],
       [80.],
       [80.],
       [80.],
       [80.],
       [80.],
       [80.],
       [80.],
       [80.],
       [80.],
       [80.],
       [80.],
       [80.],
       [80.],
       [80.],
       [80.],
       [80.],
       [80.],
       [80.],
       [80.],
       [80.],
       [80.],
       [80.],
       [80.],
       [80.],
       [80.],
       [80.],
       [80.],
       [80.],
       [80.],
       [80.],
       [80.],
       [80.],
       [80.],
       [80.],
       [80.],
       [80.],
       [80.],
       [80.],
       [80.],
       [80.],
       [80.],
       [80.],
       [80.],
       [80.],
       [80.],
       [80.],
       [80.],
       [80.],
       [80.],
       [80.],
       [80.],
       [80.],
       [80.],
       [80.],
       [80.],
       [80.],
       [80.],
       [80.],
       [80.],
       [80.],
       [80.],
       [80.],
       [80.],
       [80.],
       [80.],
       [80.],
       [80.],
       [80.],
       [80.],
       [80.],
       [80.],
       [80.],
       [80.],
       [80.],
       [80.],
       [80.],
       [80.],
       [80.],
       [80.],
       [80.],
       [80.],
       [80.],
       [80.],
       [80.],
       [80.],
       [80.],
       [80.],
       [80.],
       [80.],
       [80.],
       [80.],
       [80.],
       [80.],
       [80.],
       [80.],
       [80.],
       [80.],
       [80.],
       [80.],
       [80.],
       [80.],
       [80.],
       [80.],
       [80.],
       [80.],
       [80.],
       [80.],
       [80.],
       [80.],
       [80.],
       [80.],
       [80.],
       [80.],
       [80.],
       [80.],
       [80.],
       [80.],
       [80.],
       [80.],
       [80.],
       [80.],
       [80.],
       [80.],
       [80.],
       [80.],
       [80.],
       [80.],
       [80.],
       [80.],
       [80.],
       [80.],
       [80.],
       [80.],
       [80.],
       [80.],
       [80.],
       [80.],
       [80.],
       [80.],
       [80.],
       [80.],
       [80.],
       [80.],
       [80.],
       [80.],
       [80.],
       [80.],
       [80.],
       [80.],
       [80.],
       [80.],
       [80.],
       [80.],
       [80.],
       [80.],
       [80.],
       [80.],
       [80.],
       [80.],
       [80.],
       [80.],
       [80.],
       [80.],
       [80.],
       [80.],
       [80.],
       [80.],
       [80.],
       [80.],
       [80.],
       [80.],
       [80.],
       [80.],
       [80.],
       [80.],
       [80.],
       [80.],
       [80.],
       [80.],
       [80.],
       [80.],
       [80.],
       [80.],
       [80.],
       [80.],
       [80.]]), 'dt': 0.01, 'N': 400, 'l': 1e-05}","{'Q': 131.57894736842104, 'gbar': 20.0, 'T': 10000, 'supervisor': array([[-1.89214982e-17],
       [ 4.44288287e-04],
       [ 8.88576529e-04],
       ...,
       [-1.33286468e-03],
       [-8.88576529e-04],
       [-4.44288287e-04]]), 'BIAS': array([[80.],
       [80.],
       [80.],
       [80.],
       [80.],
       [80.],
       [80.],
       [80.],
       [80.],
       [80.],
       [80.],
       [80.],
       [80.],
       [80.],
       [80.],
       [80.],
       [80.],
       [80.],
       [80.],
       [80.],
       [80.],
       [80.],
       [80.],
       [80.],
       [80.],
       [80.],
       [80.],
       [80.],
       [80.],
       [80.],
       [80.],
       [80.],
       [80.],
       [80.],
       [80.],
       [80.],
       [80.],
       [80.],
       [80.],
       [80.],
       [80.],
       [80.],
       [80.],
       [80.],
       [80.],
       [80.],
       [80.],
       [80.],
       [80.],
       [80.],
       [80.],
       [80.],
       [80.],
       [80.],
       [80.],
       [80.],
       [80.],
       [80.],
       [80.],
       [80.],
       [80.],
       [80.],
       [80.],
       [80.],
       [80.],
       [80.],
       [80.],
       [80.],
       [80.],
       [80.],
       [80.],
       [80.],
       [80.],
       [80.],
       [80.],
       [80.],
       [80.],
       [80.],
       [80.],
       [80.],
       [80.],
       [80.],
       [80.],
       [80.],
       [80.],
       [80.],
       [80.],
       [80.],
       [80.],
       [80.],
       [80.],
       [80.],
       [80.],
       [80.],
       [80.],
       [80.],
       [80.],
       [80.],
       [80.],
       [80.],
       [80.],
       [80.],
       [80.],
       [80.],
       [80.],
       [80.],
       [80.],
       [80.],
       [80.],
       [80.],
       [80.],
       [80.],
       [80.],
       [80.],
       [80.],
       [80.],
       [80.],
       [80.],
       [80.],
       [80.],
       [80.],
       [80.],
       [80.],
       [80.],
       [80.],
       [80.],
       [80.],
       [80.],
       [80.],
       [80.],
       [80.],
       [80.],
       [80.],
       [80.],
       [80.],
       [80.],
       [80.],
       [80.],
       [80.],
       [80.],
       [80.],
       [80.],
       [80.],
       [80.],
       [80.],
       [80.],
       [80.],
       [80.],
       [80.],
       [80.],
       [80.],
       [80.],
       [80.],
       [80.],
       [80.],
       [80.],
       [80.],
       [80.],
       [80.],
       [80.],
       [80.],
       [80.],
       [80.],
       [80.],
       [80.],
       [80.],
       [80.],
       [80.],
       [80.],
       [80.],
       [80.],
       [80.],
       [80.],
       [80.],
       [80.],
       [80.],
       [80.],
       [80.],
       [80.],
       [80.],
       [80.],
       [80.],
       [80.],
       [80.],
       [80.],
       [80.],
       [80.],
       [80.],
       [80.],
       [80.],
       [80.],
       [80.],
       [80.],
       [80.],
       [80.],
       [80.],
       [80.],
       [80.],
       [80.],
       [80.],
       [80.],
       [80.],
       [80.],
       [80.],
       [80.],
       [80.],
       [80.],
       [80.],
       [80.],
       [80.],
       [80.],
       [80.],
       [80.],
       [80.],
       [80.],
       [80.],
       [80.],
       [80.],
       [80.],
       [80.],
       [80.],
       [80.],
       [80.],
       [80.],
       [80.],
       [80.],
       [80.],
       [80.],
       [80.],
       [80.],
       [80.],
       [80.],
       [80.],
       [80.],
       [80.],
       [80.],
       [80.],
       [80.],
       [80.],
       [80.],
       [80.],
       [80.],
       [80.],
       [80.],
       [80.],
       [80.],
       [80.],
       [80.],
       [80.],
       [80.],
       [80.],
       [80.],
       [80.],
       [80.],
       [80.],
       [80.],
       [80.],
       [80.],
       [80.],
       [80.],
       [80.],
       [80.],
       [80.],
       [80.],
       [80.],
       [80.],
       [80.],
       [80.],
       [80.],
       [80.],
       [80.],
       [80.],
       [80.],
       [80.],
       [80.],
       [80.],
       [80.],
       [80.],
       [80.],
       [80.],
       [80.],
       [80.],
       [80.],
       [80.],
       [80.],
       [80.],
       [80.],
       [80.],
       [80.],
       [80.],
       [80.],
       [80.],
       [80.],
       [80.],
       [80.],
       [80.],
       [80.],
       [80.],
       [80.],
       [80.],
       [80.],
       [80.],
       [80.],
       [80.],
       [80.],
       [80.],
       [80.],
       [80.],
       [80.],
       [80.],
       [80.],
       [80.],
       [80.],
       [80.],
       [80.],
       [80.],
       [80.],
       [80.],
       [80.],
       [80.],
       [80.],
       [80.],
       [80.],
       [80.],
       [80.],
       [80.],
       [80.],
       [80.],
       [80.],
       [80.],
       [80.],
       [80.],
       [80.],
       [80.],
       [80.],
       [80.],
       [80.],
       [80.],
       [80.],
       [80.],
       [80.],
       [80.],
       [80.],
       [80.],
       [80.],
       [80.],
       [80.],
       [80.],
       [80.],
       [80.],
       [80.],
       [80.],
       [80.],
       [80.],
       [80.],
       [80.],
       [80.],
       [80.],
       [80.],
       [80.],
       [80.],
       [80.],
       [80.],
       [80.],
       [80.],
       [80.],
       [80.],
       [80.],
       [80.],
       [80.],
       [80.],
       [80.],
       [80.],
       [80.],
       [80.],
       [80.],
       [80.],
       [80.],
       [80.],
       [80.],
       [80.],
       [80.],
       [80.],
       [80.],
       [80.],
       [80.],
       [80.],
       [80.],
       [80.],
       [80.],
       [80.],
       [80.],
       [80.],
       [80.],
       [80.],
       [80.],
       [80.],
       [80.],
       [80.],
       [80.]]), 'dt': 0.01, 'N': 400, 'l': 1e-05}"
"{'Q': 157.89473684210526, 'gbar': 0.0, 'T': 10000, 'supervisor': array([[-1.89214982e-17],
       [ 4.44288287e-04],
       [ 8.88576529e-04],
       ...,
       [-1.33286468e-03],
       [-8.88576529e-04],
       [-4.44288287e-04]]), 'BIAS': array([[80.],
       [80.],
       [80.],
       [80.],
       [80.],
       [80.],
       [80.],
       [80.],
       [80.],
       [80.],
       [80.],
       [80.],
       [80.],
       [80.],
       [80.],
       [80.],
       [80.],
       [80.],
       [80.],
       [80.],
       [80.],
       [80.],
       [80.],
       [80.],
       [80.],
       [80.],
       [80.],
       [80.],
       [80.],
       [80.],
       [80.],
       [80.],
       [80.],
       [80.],
       [80.],
       [80.],
       [80.],
       [80.],
       [80.],
       [80.],
       [80.],
       [80.],
       [80.],
       [80.],
       [80.],
       [80.],
       [80.],
       [80.],
       [80.],
       [80.],
       [80.],
       [80.],
       [80.],
       [80.],
       [80.],
       [80.],
       [80.],
       [80.],
       [80.],
       [80.],
       [80.],
       [80.],
       [80.],
       [80.],
       [80.],
       [80.],
       [80.],
       [80.],
       [80.],
       [80.],
       [80.],
       [80.],
       [80.],
       [80.],
       [80.],
       [80.],
       [80.],
       [80.],
       [80.],
       [80.],
       [80.],
       [80.],
       [80.],
       [80.],
       [80.],
       [80.],
       [80.],
       [80.],
       [80.],
       [80.],
       [80.],
       [80.],
       [80.],
       [80.],
       [80.],
       [80.],
       [80.],
       [80.],
       [80.],
       [80.],
       [80.],
       [80.],
       [80.],
       [80.],
       [80.],
       [80.],
       [80.],
       [80.],
       [80.],
       [80.],
       [80.],
       [80.],
       [80.],
       [80.],
       [80.],
       [80.],
       [80.],
       [80.],
       [80.],
       [80.],
       [80.],
       [80.],
       [80.],
       [80.],
       [80.],
       [80.],
       [80.],
       [80.],
       [80.],
       [80.],
       [80.],
       [80.],
       [80.],
       [80.],
       [80.],
       [80.],
       [80.],
       [80.],
       [80.],
       [80.],
       [80.],
       [80.],
       [80.],
       [80.],
       [80.],
       [80.],
       [80.],
       [80.],
       [80.],
       [80.],
       [80.],
       [80.],
       [80.],
       [80.],
       [80.],
       [80.],
       [80.],
       [80.],
       [80.],
       [80.],
       [80.],
       [80.],
       [80.],
       [80.],
       [80.],
       [80.],
       [80.],
       [80.],
       [80.],
       [80.],
       [80.],
       [80.],
       [80.],
       [80.],
       [80.],
       [80.],
       [80.],
       [80.],
       [80.],
       [80.],
       [80.],
       [80.],
       [80.],
       [80.],
       [80.],
       [80.],
       [80.],
       [80.],
       [80.],
       [80.],
       [80.],
       [80.],
       [80.],
       [80.],
       [80.],
       [80.],
       [80.],
       [80.],
       [80.],
       [80.],
       [80.],
       [80.],
       [80.],
       [80.],
       [80.],
       [80.],
       [80.],
       [80.],
       [80.],
       [80.],
       [80.],
       [80.],
       [80.],
       [80.],
       [80.],
       [80.],
       [80.],
       [80.],
       [80.],
       [80.],
       [80.],
       [80.],
       [80.],
       [80.],
       [80.],
       [80.],
       [80.],
       [80.],
       [80.],
       [80.],
       [80.],
       [80.],
       [80.],
       [80.],
       [80.],
       [80.],
       [80.],
       [80.],
       [80.],
       [80.],
       [80.],
       [80.],
       [80.],
       [80.],
       [80.],
       [80.],
       [80.],
       [80.],
       [80.],
       [80.],
       [80.],
       [80.],
       [80.],
       [80.],
       [80.],
       [80.],
       [80.],
       [80.],
       [80.],
       [80.],
       [80.],
       [80.],
       [80.],
       [80.],
       [80.],
       [80.],
       [80.],
       [80.],
       [80.],
       [80.],
       [80.],
       [80.],
       [80.],
       [80.],
       [80.],
       [80.],
       [80.],
       [80.],
       [80.],
       [80.],
       [80.],
       [80.],
       [80.],
       [80.],
       [80.],
       [80.],
       [80.],
       [80.],
       [80.],
       [80.],
       [80.],
       [80.],
       [80.],
       [80.],
       [80.],
       [80.],
       [80.],
       [80.],
       [80.],
       [80.],
       [80.],
       [80.],
       [80.],
       [80.],
       [80.],
       [80.],
       [80.],
       [80.],
       [80.],
       [80.],
       [80.],
       [80.],
       [80.],
       [80.],
       [80.],
       [80.],
       [80.],
       [80.],
       [80.],
       [80.],
       [80.],
       [80.],
       [80.],
       [80.],
       [80.],
       [80.],
       [80.],
       [80.],
       [80.],
       [80.],
       [80.],
       [80.],
       [80.],
       [80.],
       [80.],
       [80.],
       [80.],
       [80.],
       [80.],
       [80.],
       [80.],
       [80.],
       [80.],
       [80.],
       [80.],
       [80.],
       [80.],
       [80.],
       [80.],
       [80.],
       [80.],
       [80.],
       [80.],
       [80.],
       [80.],
       [80.],
       [80.],
       [80.],
       [80.],
       [80.],
       [80.],
       [80.],
       [80.],
       [80.],
       [80.],
       [80.],
       [80.],
       [80.],
       [80.],
       [80.],
       [80.],
       [80.],
       [80.],
       [80.],
       [80.],
       [80.],
       [80.],
       [80.],
       [80.],
       [80.],
       [80.],
       [80.],
       [80.],
       [80.],
       [80.],
       [80.],
       [80.],
       [80.],
       [80.],
       [80.],
       [80.],
       [80.],
       [80.],
       [80.],
       [80.],
       [80.],
       [80.],
       [80.],
       [80.],
       [80.]]), 'dt': 0.01, 'N': 400, 'l': 1e-05}","{'Q': 157.89473684210526, 'gbar': 1.0526315789473684, 'T': 10000, 'supervisor': array([[-1.89214982e-17],
       [ 4.44288287e-04],
       [ 8.88576529e-04],
       ...,
       [-1.33286468e-03],
       [-8.88576529e-04],
       [-4.44288287e-04]]), 'BIAS': array([[80.],
       [80.],
       [80.],
       [80.],
       [80.],
       [80.],
       [80.],
       [80.],
       [80.],
       [80.],
       [80.],
       [80.],
       [80.],
       [80.],
       [80.],
       [80.],
       [80.],
       [80.],
       [80.],
       [80.],
       [80.],
       [80.],
       [80.],
       [80.],
       [80.],
       [80.],
       [80.],
       [80.],
       [80.],
       [80.],
       [80.],
       [80.],
       [80.],
       [80.],
       [80.],
       [80.],
       [80.],
       [80.],
       [80.],
       [80.],
       [80.],
       [80.],
       [80.],
       [80.],
       [80.],
       [80.],
       [80.],
       [80.],
       [80.],
       [80.],
       [80.],
       [80.],
       [80.],
       [80.],
       [80.],
       [80.],
       [80.],
       [80.],
       [80.],
       [80.],
       [80.],
       [80.],
       [80.],
       [80.],
       [80.],
       [80.],
       [80.],
       [80.],
       [80.],
       [80.],
       [80.],
       [80.],
       [80.],
       [80.],
       [80.],
       [80.],
       [80.],
       [80.],
       [80.],
       [80.],
       [80.],
       [80.],
       [80.],
       [80.],
       [80.],
       [80.],
       [80.],
       [80.],
       [80.],
       [80.],
       [80.],
       [80.],
       [80.],
       [80.],
       [80.],
       [80.],
       [80.],
       [80.],
       [80.],
       [80.],
       [80.],
       [80.],
       [80.],
       [80.],
       [80.],
       [80.],
       [80.],
       [80.],
       [80.],
       [80.],
       [80.],
       [80.],
       [80.],
       [80.],
       [80.],
       [80.],
       [80.],
       [80.],
       [80.],
       [80.],
       [80.],
       [80.],
       [80.],
       [80.],
       [80.],
       [80.],
       [80.],
       [80.],
       [80.],
       [80.],
       [80.],
       [80.],
       [80.],
       [80.],
       [80.],
       [80.],
       [80.],
       [80.],
       [80.],
       [80.],
       [80.],
       [80.],
       [80.],
       [80.],
       [80.],
       [80.],
       [80.],
       [80.],
       [80.],
       [80.],
       [80.],
       [80.],
       [80.],
       [80.],
       [80.],
       [80.],
       [80.],
       [80.],
       [80.],
       [80.],
       [80.],
       [80.],
       [80.],
       [80.],
       [80.],
       [80.],
       [80.],
       [80.],
       [80.],
       [80.],
       [80.],
       [80.],
       [80.],
       [80.],
       [80.],
       [80.],
       [80.],
       [80.],
       [80.],
       [80.],
       [80.],
       [80.],
       [80.],
       [80.],
       [80.],
       [80.],
       [80.],
       [80.],
       [80.],
       [80.],
       [80.],
       [80.],
       [80.],
       [80.],
       [80.],
       [80.],
       [80.],
       [80.],
       [80.],
       [80.],
       [80.],
       [80.],
       [80.],
       [80.],
       [80.],
       [80.],
       [80.],
       [80.],
       [80.],
       [80.],
       [80.],
       [80.],
       [80.],
       [80.],
       [80.],
       [80.],
       [80.],
       [80.],
       [80.],
       [80.],
       [80.],
       [80.],
       [80.],
       [80.],
       [80.],
       [80.],
       [80.],
       [80.],
       [80.],
       [80.],
       [80.],
       [80.],
       [80.],
       [80.],
       [80.],
       [80.],
       [80.],
       [80.],
       [80.],
       [80.],
       [80.],
       [80.],
       [80.],
       [80.],
       [80.],
       [80.],
       [80.],
       [80.],
       [80.],
       [80.],
       [80.],
       [80.],
       [80.],
       [80.],
       [80.],
       [80.],
       [80.],
       [80.],
       [80.],
       [80.],
       [80.],
       [80.],
       [80.],
       [80.],
       [80.],
       [80.],
       [80.],
       [80.],
       [80.],
       [80.],
       [80.],
       [80.],
       [80.],
       [80.],
       [80.],
       [80.],
       [80.],
       [80.],
       [80.],
       [80.],
       [80.],
       [80.],
       [80.],
       [80.],
       [80.],
       [80.],
       [80.],
       [80.],
       [80.],
       [80.],
       [80.],
       [80.],
       [80.],
       [80.],
       [80.],
       [80.],
       [80.],
       [80.],
       [80.],
       [80.],
       [80.],
       [80.],
       [80.],
       [80.],
       [80.],
       [80.],
       [80.],
       [80.],
       [80.],
       [80.],
       [80.],
       [80.],
       [80.],
       [80.],
       [80.],
       [80.],
       [80.],
       [80.],
       [80.],
       [80.],
       [80.],
       [80.],
       [80.],
       [80.],
       [80.],
       [80.],
       [80.],
       [80.],
       [80.],
       [80.],
       [80.],
       [80.],
       [80.],
       [80.],
       [80.],
       [80.],
       [80.],
       [80.],
       [80.],
       [80.],
       [80.],
       [80.],
       [80.],
       [80.],
       [80.],
       [80.],
       [80.],
       [80.],
       [80.],
       [80.],
       [80.],
       [80.],
       [80.],
       [80.],
       [80.],
       [80.],
       [80.],
       [80.],
       [80.],
       [80.],
       [80.],
       [80.],
       [80.],
       [80.],
       [80.],
       [80.],
       [80.],
       [80.],
       [80.],
       [80.],
       [80.],
       [80.],
       [80.],
       [80.],
       [80.],
       [80.],
       [80.],
       [80.],
       [80.],
       [80.],
       [80.],
       [80.],
       [80.],
       [80.],
       [80.],
       [80.],
       [80.],
       [80.],
       [80.],
       [80.],
       [80.],
       [80.],
       [80.],
       [80.],
       [80.],
       [80.],
       [80.],
       [80.],
       [80.],
       [80.]]), 'dt': 0.01, 'N': 400, 'l': 1e-05}","{'Q': 157.89473684210526, 'gbar': 2.1052631578947367, 'T': 10000, 'supervisor': array([[-1.89214982e-17],
       [ 4.44288287e-04],
       [ 8.88576529e-04],
       ...,
       [-1.33286468e-03],
       [-8.88576529e-04],
       [-4.44288287e-04]]), 'BIAS': array([[80.],
       [80.],
       [80.],
       [80.],
       [80.],
       [80.],
       [80.],
       [80.],
       [80.],
       [80.],
       [80.],
       [80.],
       [80.],
       [80.],
       [80.],
       [80.],
       [80.],
       [80.],
       [80.],
       [80.],
       [80.],
       [80.],
       [80.],
       [80.],
       [80.],
       [80.],
       [80.],
       [80.],
       [80.],
       [80.],
       [80.],
       [80.],
       [80.],
       [80.],
       [80.],
       [80.],
       [80.],
       [80.],
       [80.],
       [80.],
       [80.],
       [80.],
       [80.],
       [80.],
       [80.],
       [80.],
       [80.],
       [80.],
       [80.],
       [80.],
       [80.],
       [80.],
       [80.],
       [80.],
       [80.],
       [80.],
       [80.],
       [80.],
       [80.],
       [80.],
       [80.],
       [80.],
       [80.],
       [80.],
       [80.],
       [80.],
       [80.],
       [80.],
       [80.],
       [80.],
       [80.],
       [80.],
       [80.],
       [80.],
       [80.],
       [80.],
       [80.],
       [80.],
       [80.],
       [80.],
       [80.],
       [80.],
       [80.],
       [80.],
       [80.],
       [80.],
       [80.],
       [80.],
       [80.],
       [80.],
       [80.],
       [80.],
       [80.],
       [80.],
       [80.],
       [80.],
       [80.],
       [80.],
       [80.],
       [80.],
       [80.],
       [80.],
       [80.],
       [80.],
       [80.],
       [80.],
       [80.],
       [80.],
       [80.],
       [80.],
       [80.],
       [80.],
       [80.],
       [80.],
       [80.],
       [80.],
       [80.],
       [80.],
       [80.],
       [80.],
       [80.],
       [80.],
       [80.],
       [80.],
       [80.],
       [80.],
       [80.],
       [80.],
       [80.],
       [80.],
       [80.],
       [80.],
       [80.],
       [80.],
       [80.],
       [80.],
       [80.],
       [80.],
       [80.],
       [80.],
       [80.],
       [80.],
       [80.],
       [80.],
       [80.],
       [80.],
       [80.],
       [80.],
       [80.],
       [80.],
       [80.],
       [80.],
       [80.],
       [80.],
       [80.],
       [80.],
       [80.],
       [80.],
       [80.],
       [80.],
       [80.],
       [80.],
       [80.],
       [80.],
       [80.],
       [80.],
       [80.],
       [80.],
       [80.],
       [80.],
       [80.],
       [80.],
       [80.],
       [80.],
       [80.],
       [80.],
       [80.],
       [80.],
       [80.],
       [80.],
       [80.],
       [80.],
       [80.],
       [80.],
       [80.],
       [80.],
       [80.],
       [80.],
       [80.],
       [80.],
       [80.],
       [80.],
       [80.],
       [80.],
       [80.],
       [80.],
       [80.],
       [80.],
       [80.],
       [80.],
       [80.],
       [80.],
       [80.],
       [80.],
       [80.],
       [80.],
       [80.],
       [80.],
       [80.],
       [80.],
       [80.],
       [80.],
       [80.],
       [80.],
       [80.],
       [80.],
       [80.],
       [80.],
       [80.],
       [80.],
       [80.],
       [80.],
       [80.],
       [80.],
       [80.],
       [80.],
       [80.],
       [80.],
       [80.],
       [80.],
       [80.],
       [80.],
       [80.],
       [80.],
       [80.],
       [80.],
       [80.],
       [80.],
       [80.],
       [80.],
       [80.],
       [80.],
       [80.],
       [80.],
       [80.],
       [80.],
       [80.],
       [80.],
       [80.],
       [80.],
       [80.],
       [80.],
       [80.],
       [80.],
       [80.],
       [80.],
       [80.],
       [80.],
       [80.],
       [80.],
       [80.],
       [80.],
       [80.],
       [80.],
       [80.],
       [80.],
       [80.],
       [80.],
       [80.],
       [80.],
       [80.],
       [80.],
       [80.],
       [80.],
       [80.],
       [80.],
       [80.],
       [80.],
       [80.],
       [80.],
       [80.],
       [80.],
       [80.],
       [80.],
       [80.],
       [80.],
       [80.],
       [80.],
       [80.],
       [80.],
       [80.],
       [80.],
       [80.],
       [80.],
       [80.],
       [80.],
       [80.],
       [80.],
       [80.],
       [80.],
       [80.],
       [80.],
       [80.],
       [80.],
       [80.],
       [80.],
       [80.],
       [80.],
       [80.],
       [80.],
       [80.],
       [80.],
       [80.],
       [80.],
       [80.],
       [80.],
       [80.],
       [80.],
       [80.],
       [80.],
       [80.],
       [80.],
       [80.],
       [80.],
       [80.],
       [80.],
       [80.],
       [80.],
       [80.],
       [80.],
       [80.],
       [80.],
       [80.],
       [80.],
       [80.],
       [80.],
       [80.],
       [80.],
       [80.],
       [80.],
       [80.],
       [80.],
       [80.],
       [80.],
       [80.],
       [80.],
       [80.],
       [80.],
       [80.],
       [80.],
       [80.],
       [80.],
       [80.],
       [80.],
       [80.],
       [80.],
       [80.],
       [80.],
       [80.],
       [80.],
       [80.],
       [80.],
       [80.],
       [80.],
       [80.],
       [80.],
       [80.],
       [80.],
       [80.],
       [80.],
       [80.],
       [80.],
       [80.],
       [80.],
       [80.],
       [80.],
       [80.],
       [80.],
       [80.],
       [80.],
       [80.],
       [80.],
       [80.],
       [80.],
       [80.],
       [80.],
       [80.],
       [80.],
       [80.],
       [80.],
       [80.],
       [80.],
       [80.],
       [80.],
       [80.],
       [80.],
       [80.],
       [80.],
       [80.],
       [80.]]), 'dt': 0.01, 'N': 400, 'l': 1e-05}","{'Q': 157.89473684210526, 'gbar': 3.1578947368421053, 'T': 10000, 'supervisor': array([[-1.89214982e-17],
       [ 4.44288287e-04],
       [ 8.88576529e-04],
       ...,
       [-1.33286468e-03],
       [-8.88576529e-04],
       [-4.44288287e-04]]), 'BIAS': array([[80.],
       [80.],
       [80.],
       [80.],
       [80.],
       [80.],
       [80.],
       [80.],
       [80.],
       [80.],
       [80.],
       [80.],
       [80.],
       [80.],
       [80.],
       [80.],
       [80.],
       [80.],
       [80.],
       [80.],
       [80.],
       [80.],
       [80.],
       [80.],
       [80.],
       [80.],
       [80.],
       [80.],
       [80.],
       [80.],
       [80.],
       [80.],
       [80.],
       [80.],
       [80.],
       [80.],
       [80.],
       [80.],
       [80.],
       [80.],
       [80.],
       [80.],
       [80.],
       [80.],
       [80.],
       [80.],
       [80.],
       [80.],
       [80.],
       [80.],
       [80.],
       [80.],
       [80.],
       [80.],
       [80.],
       [80.],
       [80.],
       [80.],
       [80.],
       [80.],
       [80.],
       [80.],
       [80.],
       [80.],
       [80.],
       [80.],
       [80.],
       [80.],
       [80.],
       [80.],
       [80.],
       [80.],
       [80.],
       [80.],
       [80.],
       [80.],
       [80.],
       [80.],
       [80.],
       [80.],
       [80.],
       [80.],
       [80.],
       [80.],
       [80.],
       [80.],
       [80.],
       [80.],
       [80.],
       [80.],
       [80.],
       [80.],
       [80.],
       [80.],
       [80.],
       [80.],
       [80.],
       [80.],
       [80.],
       [80.],
       [80.],
       [80.],
       [80.],
       [80.],
       [80.],
       [80.],
       [80.],
       [80.],
       [80.],
       [80.],
       [80.],
       [80.],
       [80.],
       [80.],
       [80.],
       [80.],
       [80.],
       [80.],
       [80.],
       [80.],
       [80.],
       [80.],
       [80.],
       [80.],
       [80.],
       [80.],
       [80.],
       [80.],
       [80.],
       [80.],
       [80.],
       [80.],
       [80.],
       [80.],
       [80.],
       [80.],
       [80.],
       [80.],
       [80.],
       [80.],
       [80.],
       [80.],
       [80.],
       [80.],
       [80.],
       [80.],
       [80.],
       [80.],
       [80.],
       [80.],
       [80.],
       [80.],
       [80.],
       [80.],
       [80.],
       [80.],
       [80.],
       [80.],
       [80.],
       [80.],
       [80.],
       [80.],
       [80.],
       [80.],
       [80.],
       [80.],
       [80.],
       [80.],
       [80.],
       [80.],
       [80.],
       [80.],
       [80.],
       [80.],
       [80.],
       [80.],
       [80.],
       [80.],
       [80.],
       [80.],
       [80.],
       [80.],
       [80.],
       [80.],
       [80.],
       [80.],
       [80.],
       [80.],
       [80.],
       [80.],
       [80.],
       [80.],
       [80.],
       [80.],
       [80.],
       [80.],
       [80.],
       [80.],
       [80.],
       [80.],
       [80.],
       [80.],
       [80.],
       [80.],
       [80.],
       [80.],
       [80.],
       [80.],
       [80.],
       [80.],
       [80.],
       [80.],
       [80.],
       [80.],
       [80.],
       [80.],
       [80.],
       [80.],
       [80.],
       [80.],
       [80.],
       [80.],
       [80.],
       [80.],
       [80.],
       [80.],
       [80.],
       [80.],
       [80.],
       [80.],
       [80.],
       [80.],
       [80.],
       [80.],
       [80.],
       [80.],
       [80.],
       [80.],
       [80.],
       [80.],
       [80.],
       [80.],
       [80.],
       [80.],
       [80.],
       [80.],
       [80.],
       [80.],
       [80.],
       [80.],
       [80.],
       [80.],
       [80.],
       [80.],
       [80.],
       [80.],
       [80.],
       [80.],
       [80.],
       [80.],
       [80.],
       [80.],
       [80.],
       [80.],
       [80.],
       [80.],
       [80.],
       [80.],
       [80.],
       [80.],
       [80.],
       [80.],
       [80.],
       [80.],
       [80.],
       [80.],
       [80.],
       [80.],
       [80.],
       [80.],
       [80.],
       [80.],
       [80.],
       [80.],
       [80.],
       [80.],
       [80.],
       [80.],
       [80.],
       [80.],
       [80.],
       [80.],
       [80.],
       [80.],
       [80.],
       [80.],
       [80.],
       [80.],
       [80.],
       [80.],
       [80.],
       [80.],
       [80.],
       [80.],
       [80.],
       [80.],
       [80.],
       [80.],
       [80.],
       [80.],
       [80.],
       [80.],
       [80.],
       [80.],
       [80.],
       [80.],
       [80.],
       [80.],
       [80.],
       [80.],
       [80.],
       [80.],
       [80.],
       [80.],
       [80.],
       [80.],
       [80.],
       [80.],
       [80.],
       [80.],
       [80.],
       [80.],
       [80.],
       [80.],
       [80.],
       [80.],
       [80.],
       [80.],
       [80.],
       [80.],
       [80.],
       [80.],
       [80.],
       [80.],
       [80.],
       [80.],
       [80.],
       [80.],
       [80.],
       [80.],
       [80.],
       [80.],
       [80.],
       [80.],
       [80.],
       [80.],
       [80.],
       [80.],
       [80.],
       [80.],
       [80.],
       [80.],
       [80.],
       [80.],
       [80.],
       [80.],
       [80.],
       [80.],
       [80.],
       [80.],
       [80.],
       [80.],
       [80.],
       [80.],
       [80.],
       [80.],
       [80.],
       [80.],
       [80.],
       [80.],
       [80.],
       [80.],
       [80.],
       [80.],
       [80.],
       [80.],
       [80.],
       [80.],
       [80.],
       [80.],
       [80.],
       [80.],
       [80.],
       [80.],
       [80.],
       [80.],
       [80.],
       [80.],
       [80.],
       [80.]]), 'dt': 0.01, 'N': 400, 'l': 1e-05}","{'Q': 157.89473684210526, 'gbar': 4.2105263157894735, 'T': 10000, 'supervisor': array([[-1.89214982e-17],
       [ 4.44288287e-04],
       [ 8.88576529e-04],
       ...,
       [-1.33286468e-03],
       [-8.88576529e-04],
       [-4.44288287e-04]]), 'BIAS': array([[80.],
       [80.],
       [80.],
       [80.],
       [80.],
       [80.],
       [80.],
       [80.],
       [80.],
       [80.],
       [80.],
       [80.],
       [80.],
       [80.],
       [80.],
       [80.],
       [80.],
       [80.],
       [80.],
       [80.],
       [80.],
       [80.],
       [80.],
       [80.],
       [80.],
       [80.],
       [80.],
       [80.],
       [80.],
       [80.],
       [80.],
       [80.],
       [80.],
       [80.],
       [80.],
       [80.],
       [80.],
       [80.],
       [80.],
       [80.],
       [80.],
       [80.],
       [80.],
       [80.],
       [80.],
       [80.],
       [80.],
       [80.],
       [80.],
       [80.],
       [80.],
       [80.],
       [80.],
       [80.],
       [80.],
       [80.],
       [80.],
       [80.],
       [80.],
       [80.],
       [80.],
       [80.],
       [80.],
       [80.],
       [80.],
       [80.],
       [80.],
       [80.],
       [80.],
       [80.],
       [80.],
       [80.],
       [80.],
       [80.],
       [80.],
       [80.],
       [80.],
       [80.],
       [80.],
       [80.],
       [80.],
       [80.],
       [80.],
       [80.],
       [80.],
       [80.],
       [80.],
       [80.],
       [80.],
       [80.],
       [80.],
       [80.],
       [80.],
       [80.],
       [80.],
       [80.],
       [80.],
       [80.],
       [80.],
       [80.],
       [80.],
       [80.],
       [80.],
       [80.],
       [80.],
       [80.],
       [80.],
       [80.],
       [80.],
       [80.],
       [80.],
       [80.],
       [80.],
       [80.],
       [80.],
       [80.],
       [80.],
       [80.],
       [80.],
       [80.],
       [80.],
       [80.],
       [80.],
       [80.],
       [80.],
       [80.],
       [80.],
       [80.],
       [80.],
       [80.],
       [80.],
       [80.],
       [80.],
       [80.],
       [80.],
       [80.],
       [80.],
       [80.],
       [80.],
       [80.],
       [80.],
       [80.],
       [80.],
       [80.],
       [80.],
       [80.],
       [80.],
       [80.],
       [80.],
       [80.],
       [80.],
       [80.],
       [80.],
       [80.],
       [80.],
       [80.],
       [80.],
       [80.],
       [80.],
       [80.],
       [80.],
       [80.],
       [80.],
       [80.],
       [80.],
       [80.],
       [80.],
       [80.],
       [80.],
       [80.],
       [80.],
       [80.],
       [80.],
       [80.],
       [80.],
       [80.],
       [80.],
       [80.],
       [80.],
       [80.],
       [80.],
       [80.],
       [80.],
       [80.],
       [80.],
       [80.],
       [80.],
       [80.],
       [80.],
       [80.],
       [80.],
       [80.],
       [80.],
       [80.],
       [80.],
       [80.],
       [80.],
       [80.],
       [80.],
       [80.],
       [80.],
       [80.],
       [80.],
       [80.],
       [80.],
       [80.],
       [80.],
       [80.],
       [80.],
       [80.],
       [80.],
       [80.],
       [80.],
       [80.],
       [80.],
       [80.],
       [80.],
       [80.],
       [80.],
       [80.],
       [80.],
       [80.],
       [80.],
       [80.],
       [80.],
       [80.],
       [80.],
       [80.],
       [80.],
       [80.],
       [80.],
       [80.],
       [80.],
       [80.],
       [80.],
       [80.],
       [80.],
       [80.],
       [80.],
       [80.],
       [80.],
       [80.],
       [80.],
       [80.],
       [80.],
       [80.],
       [80.],
       [80.],
       [80.],
       [80.],
       [80.],
       [80.],
       [80.],
       [80.],
       [80.],
       [80.],
       [80.],
       [80.],
       [80.],
       [80.],
       [80.],
       [80.],
       [80.],
       [80.],
       [80.],
       [80.],
       [80.],
       [80.],
       [80.],
       [80.],
       [80.],
       [80.],
       [80.],
       [80.],
       [80.],
       [80.],
       [80.],
       [80.],
       [80.],
       [80.],
       [80.],
       [80.],
       [80.],
       [80.],
       [80.],
       [80.],
       [80.],
       [80.],
       [80.],
       [80.],
       [80.],
       [80.],
       [80.],
       [80.],
       [80.],
       [80.],
       [80.],
       [80.],
       [80.],
       [80.],
       [80.],
       [80.],
       [80.],
       [80.],
       [80.],
       [80.],
       [80.],
       [80.],
       [80.],
       [80.],
       [80.],
       [80.],
       [80.],
       [80.],
       [80.],
       [80.],
       [80.],
       [80.],
       [80.],
       [80.],
       [80.],
       [80.],
       [80.],
       [80.],
       [80.],
       [80.],
       [80.],
       [80.],
       [80.],
       [80.],
       [80.],
       [80.],
       [80.],
       [80.],
       [80.],
       [80.],
       [80.],
       [80.],
       [80.],
       [80.],
       [80.],
       [80.],
       [80.],
       [80.],
       [80.],
       [80.],
       [80.],
       [80.],
       [80.],
       [80.],
       [80.],
       [80.],
       [80.],
       [80.],
       [80.],
       [80.],
       [80.],
       [80.],
       [80.],
       [80.],
       [80.],
       [80.],
       [80.],
       [80.],
       [80.],
       [80.],
       [80.],
       [80.],
       [80.],
       [80.],
       [80.],
       [80.],
       [80.],
       [80.],
       [80.],
       [80.],
       [80.],
       [80.],
       [80.],
       [80.],
       [80.],
       [80.],
       [80.],
       [80.],
       [80.],
       [80.],
       [80.],
       [80.],
       [80.],
       [80.],
       [80.],
       [80.],
       [80.],
       [80.],
       [80.],
       [80.],
       [80.],
       [80.],
       [80.],
       [80.]]), 'dt': 0.01, 'N': 400, 'l': 1e-05}","{'Q': 157.89473684210526, 'gbar': 5.263157894736842, 'T': 10000, 'supervisor': array([[-1.89214982e-17],
       [ 4.44288287e-04],
       [ 8.88576529e-04],
       ...,
       [-1.33286468e-03],
       [-8.88576529e-04],
       [-4.44288287e-04]]), 'BIAS': array([[80.],
       [80.],
       [80.],
       [80.],
       [80.],
       [80.],
       [80.],
       [80.],
       [80.],
       [80.],
       [80.],
       [80.],
       [80.],
       [80.],
       [80.],
       [80.],
       [80.],
       [80.],
       [80.],
       [80.],
       [80.],
       [80.],
       [80.],
       [80.],
       [80.],
       [80.],
       [80.],
       [80.],
       [80.],
       [80.],
       [80.],
       [80.],
       [80.],
       [80.],
       [80.],
       [80.],
       [80.],
       [80.],
       [80.],
       [80.],
       [80.],
       [80.],
       [80.],
       [80.],
       [80.],
       [80.],
       [80.],
       [80.],
       [80.],
       [80.],
       [80.],
       [80.],
       [80.],
       [80.],
       [80.],
       [80.],
       [80.],
       [80.],
       [80.],
       [80.],
       [80.],
       [80.],
       [80.],
       [80.],
       [80.],
       [80.],
       [80.],
       [80.],
       [80.],
       [80.],
       [80.],
       [80.],
       [80.],
       [80.],
       [80.],
       [80.],
       [80.],
       [80.],
       [80.],
       [80.],
       [80.],
       [80.],
       [80.],
       [80.],
       [80.],
       [80.],
       [80.],
       [80.],
       [80.],
       [80.],
       [80.],
       [80.],
       [80.],
       [80.],
       [80.],
       [80.],
       [80.],
       [80.],
       [80.],
       [80.],
       [80.],
       [80.],
       [80.],
       [80.],
       [80.],
       [80.],
       [80.],
       [80.],
       [80.],
       [80.],
       [80.],
       [80.],
       [80.],
       [80.],
       [80.],
       [80.],
       [80.],
       [80.],
       [80.],
       [80.],
       [80.],
       [80.],
       [80.],
       [80.],
       [80.],
       [80.],
       [80.],
       [80.],
       [80.],
       [80.],
       [80.],
       [80.],
       [80.],
       [80.],
       [80.],
       [80.],
       [80.],
       [80.],
       [80.],
       [80.],
       [80.],
       [80.],
       [80.],
       [80.],
       [80.],
       [80.],
       [80.],
       [80.],
       [80.],
       [80.],
       [80.],
       [80.],
       [80.],
       [80.],
       [80.],
       [80.],
       [80.],
       [80.],
       [80.],
       [80.],
       [80.],
       [80.],
       [80.],
       [80.],
       [80.],
       [80.],
       [80.],
       [80.],
       [80.],
       [80.],
       [80.],
       [80.],
       [80.],
       [80.],
       [80.],
       [80.],
       [80.],
       [80.],
       [80.],
       [80.],
       [80.],
       [80.],
       [80.],
       [80.],
       [80.],
       [80.],
       [80.],
       [80.],
       [80.],
       [80.],
       [80.],
       [80.],
       [80.],
       [80.],
       [80.],
       [80.],
       [80.],
       [80.],
       [80.],
       [80.],
       [80.],
       [80.],
       [80.],
       [80.],
       [80.],
       [80.],
       [80.],
       [80.],
       [80.],
       [80.],
       [80.],
       [80.],
       [80.],
       [80.],
       [80.],
       [80.],
       [80.],
       [80.],
       [80.],
       [80.],
       [80.],
       [80.],
       [80.],
       [80.],
       [80.],
       [80.],
       [80.],
       [80.],
       [80.],
       [80.],
       [80.],
       [80.],
       [80.],
       [80.],
       [80.],
       [80.],
       [80.],
       [80.],
       [80.],
       [80.],
       [80.],
       [80.],
       [80.],
       [80.],
       [80.],
       [80.],
       [80.],
       [80.],
       [80.],
       [80.],
       [80.],
       [80.],
       [80.],
       [80.],
       [80.],
       [80.],
       [80.],
       [80.],
       [80.],
       [80.],
       [80.],
       [80.],
       [80.],
       [80.],
       [80.],
       [80.],
       [80.],
       [80.],
       [80.],
       [80.],
       [80.],
       [80.],
       [80.],
       [80.],
       [80.],
       [80.],
       [80.],
       [80.],
       [80.],
       [80.],
       [80.],
       [80.],
       [80.],
       [80.],
       [80.],
       [80.],
       [80.],
       [80.],
       [80.],
       [80.],
       [80.],
       [80.],
       [80.],
       [80.],
       [80.],
       [80.],
       [80.],
       [80.],
       [80.],
       [80.],
       [80.],
       [80.],
       [80.],
       [80.],
       [80.],
       [80.],
       [80.],
       [80.],
       [80.],
       [80.],
       [80.],
       [80.],
       [80.],
       [80.],
       [80.],
       [80.],
       [80.],
       [80.],
       [80.],
       [80.],
       [80.],
       [80.],
       [80.],
       [80.],
       [80.],
       [80.],
       [80.],
       [80.],
       [80.],
       [80.],
       [80.],
       [80.],
       [80.],
       [80.],
       [80.],
       [80.],
       [80.],
       [80.],
       [80.],
       [80.],
       [80.],
       [80.],
       [80.],
       [80.],
       [80.],
       [80.],
       [80.],
       [80.],
       [80.],
       [80.],
       [80.],
       [80.],
       [80.],
       [80.],
       [80.],
       [80.],
       [80.],
       [80.],
       [80.],
       [80.],
       [80.],
       [80.],
       [80.],
       [80.],
       [80.],
       [80.],
       [80.],
       [80.],
       [80.],
       [80.],
       [80.],
       [80.],
       [80.],
       [80.],
       [80.],
       [80.],
       [80.],
       [80.],
       [80.],
       [80.],
       [80.],
       [80.],
       [80.],
       [80.],
       [80.],
       [80.],
       [80.],
       [80.],
       [80.],
       [80.],
       [80.],
       [80.],
       [80.],
       [80.],
       [80.],
       [80.],
       [80.],
       [80.],
       [80.],
       [80.]]), 'dt': 0.01, 'N': 400, 'l': 1e-05}","{'Q': 157.89473684210526, 'gbar': 6.315789473684211, 'T': 10000, 'supervisor': array([[-1.89214982e-17],
       [ 4.44288287e-04],
       [ 8.88576529e-04],
       ...,
       [-1.33286468e-03],
       [-8.88576529e-04],
       [-4.44288287e-04]]), 'BIAS': array([[80.],
       [80.],
       [80.],
       [80.],
       [80.],
       [80.],
       [80.],
       [80.],
       [80.],
       [80.],
       [80.],
       [80.],
       [80.],
       [80.],
       [80.],
       [80.],
       [80.],
       [80.],
       [80.],
       [80.],
       [80.],
       [80.],
       [80.],
       [80.],
       [80.],
       [80.],
       [80.],
       [80.],
       [80.],
       [80.],
       [80.],
       [80.],
       [80.],
       [80.],
       [80.],
       [80.],
       [80.],
       [80.],
       [80.],
       [80.],
       [80.],
       [80.],
       [80.],
       [80.],
       [80.],
       [80.],
       [80.],
       [80.],
       [80.],
       [80.],
       [80.],
       [80.],
       [80.],
       [80.],
       [80.],
       [80.],
       [80.],
       [80.],
       [80.],
       [80.],
       [80.],
       [80.],
       [80.],
       [80.],
       [80.],
       [80.],
       [80.],
       [80.],
       [80.],
       [80.],
       [80.],
       [80.],
       [80.],
       [80.],
       [80.],
       [80.],
       [80.],
       [80.],
       [80.],
       [80.],
       [80.],
       [80.],
       [80.],
       [80.],
       [80.],
       [80.],
       [80.],
       [80.],
       [80.],
       [80.],
       [80.],
       [80.],
       [80.],
       [80.],
       [80.],
       [80.],
       [80.],
       [80.],
       [80.],
       [80.],
       [80.],
       [80.],
       [80.],
       [80.],
       [80.],
       [80.],
       [80.],
       [80.],
       [80.],
       [80.],
       [80.],
       [80.],
       [80.],
       [80.],
       [80.],
       [80.],
       [80.],
       [80.],
       [80.],
       [80.],
       [80.],
       [80.],
       [80.],
       [80.],
       [80.],
       [80.],
       [80.],
       [80.],
       [80.],
       [80.],
       [80.],
       [80.],
       [80.],
       [80.],
       [80.],
       [80.],
       [80.],
       [80.],
       [80.],
       [80.],
       [80.],
       [80.],
       [80.],
       [80.],
       [80.],
       [80.],
       [80.],
       [80.],
       [80.],
       [80.],
       [80.],
       [80.],
       [80.],
       [80.],
       [80.],
       [80.],
       [80.],
       [80.],
       [80.],
       [80.],
       [80.],
       [80.],
       [80.],
       [80.],
       [80.],
       [80.],
       [80.],
       [80.],
       [80.],
       [80.],
       [80.],
       [80.],
       [80.],
       [80.],
       [80.],
       [80.],
       [80.],
       [80.],
       [80.],
       [80.],
       [80.],
       [80.],
       [80.],
       [80.],
       [80.],
       [80.],
       [80.],
       [80.],
       [80.],
       [80.],
       [80.],
       [80.],
       [80.],
       [80.],
       [80.],
       [80.],
       [80.],
       [80.],
       [80.],
       [80.],
       [80.],
       [80.],
       [80.],
       [80.],
       [80.],
       [80.],
       [80.],
       [80.],
       [80.],
       [80.],
       [80.],
       [80.],
       [80.],
       [80.],
       [80.],
       [80.],
       [80.],
       [80.],
       [80.],
       [80.],
       [80.],
       [80.],
       [80.],
       [80.],
       [80.],
       [80.],
       [80.],
       [80.],
       [80.],
       [80.],
       [80.],
       [80.],
       [80.],
       [80.],
       [80.],
       [80.],
       [80.],
       [80.],
       [80.],
       [80.],
       [80.],
       [80.],
       [80.],
       [80.],
       [80.],
       [80.],
       [80.],
       [80.],
       [80.],
       [80.],
       [80.],
       [80.],
       [80.],
       [80.],
       [80.],
       [80.],
       [80.],
       [80.],
       [80.],
       [80.],
       [80.],
       [80.],
       [80.],
       [80.],
       [80.],
       [80.],
       [80.],
       [80.],
       [80.],
       [80.],
       [80.],
       [80.],
       [80.],
       [80.],
       [80.],
       [80.],
       [80.],
       [80.],
       [80.],
       [80.],
       [80.],
       [80.],
       [80.],
       [80.],
       [80.],
       [80.],
       [80.],
       [80.],
       [80.],
       [80.],
       [80.],
       [80.],
       [80.],
       [80.],
       [80.],
       [80.],
       [80.],
       [80.],
       [80.],
       [80.],
       [80.],
       [80.],
       [80.],
       [80.],
       [80.],
       [80.],
       [80.],
       [80.],
       [80.],
       [80.],
       [80.],
       [80.],
       [80.],
       [80.],
       [80.],
       [80.],
       [80.],
       [80.],
       [80.],
       [80.],
       [80.],
       [80.],
       [80.],
       [80.],
       [80.],
       [80.],
       [80.],
       [80.],
       [80.],
       [80.],
       [80.],
       [80.],
       [80.],
       [80.],
       [80.],
       [80.],
       [80.],
       [80.],
       [80.],
       [80.],
       [80.],
       [80.],
       [80.],
       [80.],
       [80.],
       [80.],
       [80.],
       [80.],
       [80.],
       [80.],
       [80.],
       [80.],
       [80.],
       [80.],
       [80.],
       [80.],
       [80.],
       [80.],
       [80.],
       [80.],
       [80.],
       [80.],
       [80.],
       [80.],
       [80.],
       [80.],
       [80.],
       [80.],
       [80.],
       [80.],
       [80.],
       [80.],
       [80.],
       [80.],
       [80.],
       [80.],
       [80.],
       [80.],
       [80.],
       [80.],
       [80.],
       [80.],
       [80.],
       [80.],
       [80.],
       [80.],
       [80.],
       [80.],
       [80.],
       [80.],
       [80.],
       [80.],
       [80.],
       [80.],
       [80.],
       [80.],
       [80.],
       [80.],
       [80.],
       [80.]]), 'dt': 0.01, 'N': 400, 'l': 1e-05}","{'Q': 157.89473684210526, 'gbar': 7.368421052631579, 'T': 10000, 'supervisor': array([[-1.89214982e-17],
       [ 4.44288287e-04],
       [ 8.88576529e-04],
       ...,
       [-1.33286468e-03],
       [-8.88576529e-04],
       [-4.44288287e-04]]), 'BIAS': array([[80.],
       [80.],
       [80.],
       [80.],
       [80.],
       [80.],
       [80.],
       [80.],
       [80.],
       [80.],
       [80.],
       [80.],
       [80.],
       [80.],
       [80.],
       [80.],
       [80.],
       [80.],
       [80.],
       [80.],
       [80.],
       [80.],
       [80.],
       [80.],
       [80.],
       [80.],
       [80.],
       [80.],
       [80.],
       [80.],
       [80.],
       [80.],
       [80.],
       [80.],
       [80.],
       [80.],
       [80.],
       [80.],
       [80.],
       [80.],
       [80.],
       [80.],
       [80.],
       [80.],
       [80.],
       [80.],
       [80.],
       [80.],
       [80.],
       [80.],
       [80.],
       [80.],
       [80.],
       [80.],
       [80.],
       [80.],
       [80.],
       [80.],
       [80.],
       [80.],
       [80.],
       [80.],
       [80.],
       [80.],
       [80.],
       [80.],
       [80.],
       [80.],
       [80.],
       [80.],
       [80.],
       [80.],
       [80.],
       [80.],
       [80.],
       [80.],
       [80.],
       [80.],
       [80.],
       [80.],
       [80.],
       [80.],
       [80.],
       [80.],
       [80.],
       [80.],
       [80.],
       [80.],
       [80.],
       [80.],
       [80.],
       [80.],
       [80.],
       [80.],
       [80.],
       [80.],
       [80.],
       [80.],
       [80.],
       [80.],
       [80.],
       [80.],
       [80.],
       [80.],
       [80.],
       [80.],
       [80.],
       [80.],
       [80.],
       [80.],
       [80.],
       [80.],
       [80.],
       [80.],
       [80.],
       [80.],
       [80.],
       [80.],
       [80.],
       [80.],
       [80.],
       [80.],
       [80.],
       [80.],
       [80.],
       [80.],
       [80.],
       [80.],
       [80.],
       [80.],
       [80.],
       [80.],
       [80.],
       [80.],
       [80.],
       [80.],
       [80.],
       [80.],
       [80.],
       [80.],
       [80.],
       [80.],
       [80.],
       [80.],
       [80.],
       [80.],
       [80.],
       [80.],
       [80.],
       [80.],
       [80.],
       [80.],
       [80.],
       [80.],
       [80.],
       [80.],
       [80.],
       [80.],
       [80.],
       [80.],
       [80.],
       [80.],
       [80.],
       [80.],
       [80.],
       [80.],
       [80.],
       [80.],
       [80.],
       [80.],
       [80.],
       [80.],
       [80.],
       [80.],
       [80.],
       [80.],
       [80.],
       [80.],
       [80.],
       [80.],
       [80.],
       [80.],
       [80.],
       [80.],
       [80.],
       [80.],
       [80.],
       [80.],
       [80.],
       [80.],
       [80.],
       [80.],
       [80.],
       [80.],
       [80.],
       [80.],
       [80.],
       [80.],
       [80.],
       [80.],
       [80.],
       [80.],
       [80.],
       [80.],
       [80.],
       [80.],
       [80.],
       [80.],
       [80.],
       [80.],
       [80.],
       [80.],
       [80.],
       [80.],
       [80.],
       [80.],
       [80.],
       [80.],
       [80.],
       [80.],
       [80.],
       [80.],
       [80.],
       [80.],
       [80.],
       [80.],
       [80.],
       [80.],
       [80.],
       [80.],
       [80.],
       [80.],
       [80.],
       [80.],
       [80.],
       [80.],
       [80.],
       [80.],
       [80.],
       [80.],
       [80.],
       [80.],
       [80.],
       [80.],
       [80.],
       [80.],
       [80.],
       [80.],
       [80.],
       [80.],
       [80.],
       [80.],
       [80.],
       [80.],
       [80.],
       [80.],
       [80.],
       [80.],
       [80.],
       [80.],
       [80.],
       [80.],
       [80.],
       [80.],
       [80.],
       [80.],
       [80.],
       [80.],
       [80.],
       [80.],
       [80.],
       [80.],
       [80.],
       [80.],
       [80.],
       [80.],
       [80.],
       [80.],
       [80.],
       [80.],
       [80.],
       [80.],
       [80.],
       [80.],
       [80.],
       [80.],
       [80.],
       [80.],
       [80.],
       [80.],
       [80.],
       [80.],
       [80.],
       [80.],
       [80.],
       [80.],
       [80.],
       [80.],
       [80.],
       [80.],
       [80.],
       [80.],
       [80.],
       [80.],
       [80.],
       [80.],
       [80.],
       [80.],
       [80.],
       [80.],
       [80.],
       [80.],
       [80.],
       [80.],
       [80.],
       [80.],
       [80.],
       [80.],
       [80.],
       [80.],
       [80.],
       [80.],
       [80.],
       [80.],
       [80.],
       [80.],
       [80.],
       [80.],
       [80.],
       [80.],
       [80.],
       [80.],
       [80.],
       [80.],
       [80.],
       [80.],
       [80.],
       [80.],
       [80.],
       [80.],
       [80.],
       [80.],
       [80.],
       [80.],
       [80.],
       [80.],
       [80.],
       [80.],
       [80.],
       [80.],
       [80.],
       [80.],
       [80.],
       [80.],
       [80.],
       [80.],
       [80.],
       [80.],
       [80.],
       [80.],
       [80.],
       [80.],
       [80.],
       [80.],
       [80.],
       [80.],
       [80.],
       [80.],
       [80.],
       [80.],
       [80.],
       [80.],
       [80.],
       [80.],
       [80.],
       [80.],
       [80.],
       [80.],
       [80.],
       [80.],
       [80.],
       [80.],
       [80.],
       [80.],
       [80.],
       [80.],
       [80.],
       [80.],
       [80.],
       [80.],
       [80.],
       [80.],
       [80.],
       [80.],
       [80.],
       [80.],
       [80.],
       [80.],
       [80.],
       [80.]]), 'dt': 0.01, 'N': 400, 'l': 1e-05}","{'Q': 157.89473684210526, 'gbar': 8.421052631578947, 'T': 10000, 'supervisor': array([[-1.89214982e-17],
       [ 4.44288287e-04],
       [ 8.88576529e-04],
       ...,
       [-1.33286468e-03],
       [-8.88576529e-04],
       [-4.44288287e-04]]), 'BIAS': array([[80.],
       [80.],
       [80.],
       [80.],
       [80.],
       [80.],
       [80.],
       [80.],
       [80.],
       [80.],
       [80.],
       [80.],
       [80.],
       [80.],
       [80.],
       [80.],
       [80.],
       [80.],
       [80.],
       [80.],
       [80.],
       [80.],
       [80.],
       [80.],
       [80.],
       [80.],
       [80.],
       [80.],
       [80.],
       [80.],
       [80.],
       [80.],
       [80.],
       [80.],
       [80.],
       [80.],
       [80.],
       [80.],
       [80.],
       [80.],
       [80.],
       [80.],
       [80.],
       [80.],
       [80.],
       [80.],
       [80.],
       [80.],
       [80.],
       [80.],
       [80.],
       [80.],
       [80.],
       [80.],
       [80.],
       [80.],
       [80.],
       [80.],
       [80.],
       [80.],
       [80.],
       [80.],
       [80.],
       [80.],
       [80.],
       [80.],
       [80.],
       [80.],
       [80.],
       [80.],
       [80.],
       [80.],
       [80.],
       [80.],
       [80.],
       [80.],
       [80.],
       [80.],
       [80.],
       [80.],
       [80.],
       [80.],
       [80.],
       [80.],
       [80.],
       [80.],
       [80.],
       [80.],
       [80.],
       [80.],
       [80.],
       [80.],
       [80.],
       [80.],
       [80.],
       [80.],
       [80.],
       [80.],
       [80.],
       [80.],
       [80.],
       [80.],
       [80.],
       [80.],
       [80.],
       [80.],
       [80.],
       [80.],
       [80.],
       [80.],
       [80.],
       [80.],
       [80.],
       [80.],
       [80.],
       [80.],
       [80.],
       [80.],
       [80.],
       [80.],
       [80.],
       [80.],
       [80.],
       [80.],
       [80.],
       [80.],
       [80.],
       [80.],
       [80.],
       [80.],
       [80.],
       [80.],
       [80.],
       [80.],
       [80.],
       [80.],
       [80.],
       [80.],
       [80.],
       [80.],
       [80.],
       [80.],
       [80.],
       [80.],
       [80.],
       [80.],
       [80.],
       [80.],
       [80.],
       [80.],
       [80.],
       [80.],
       [80.],
       [80.],
       [80.],
       [80.],
       [80.],
       [80.],
       [80.],
       [80.],
       [80.],
       [80.],
       [80.],
       [80.],
       [80.],
       [80.],
       [80.],
       [80.],
       [80.],
       [80.],
       [80.],
       [80.],
       [80.],
       [80.],
       [80.],
       [80.],
       [80.],
       [80.],
       [80.],
       [80.],
       [80.],
       [80.],
       [80.],
       [80.],
       [80.],
       [80.],
       [80.],
       [80.],
       [80.],
       [80.],
       [80.],
       [80.],
       [80.],
       [80.],
       [80.],
       [80.],
       [80.],
       [80.],
       [80.],
       [80.],
       [80.],
       [80.],
       [80.],
       [80.],
       [80.],
       [80.],
       [80.],
       [80.],
       [80.],
       [80.],
       [80.],
       [80.],
       [80.],
       [80.],
       [80.],
       [80.],
       [80.],
       [80.],
       [80.],
       [80.],
       [80.],
       [80.],
       [80.],
       [80.],
       [80.],
       [80.],
       [80.],
       [80.],
       [80.],
       [80.],
       [80.],
       [80.],
       [80.],
       [80.],
       [80.],
       [80.],
       [80.],
       [80.],
       [80.],
       [80.],
       [80.],
       [80.],
       [80.],
       [80.],
       [80.],
       [80.],
       [80.],
       [80.],
       [80.],
       [80.],
       [80.],
       [80.],
       [80.],
       [80.],
       [80.],
       [80.],
       [80.],
       [80.],
       [80.],
       [80.],
       [80.],
       [80.],
       [80.],
       [80.],
       [80.],
       [80.],
       [80.],
       [80.],
       [80.],
       [80.],
       [80.],
       [80.],
       [80.],
       [80.],
       [80.],
       [80.],
       [80.],
       [80.],
       [80.],
       [80.],
       [80.],
       [80.],
       [80.],
       [80.],
       [80.],
       [80.],
       [80.],
       [80.],
       [80.],
       [80.],
       [80.],
       [80.],
       [80.],
       [80.],
       [80.],
       [80.],
       [80.],
       [80.],
       [80.],
       [80.],
       [80.],
       [80.],
       [80.],
       [80.],
       [80.],
       [80.],
       [80.],
       [80.],
       [80.],
       [80.],
       [80.],
       [80.],
       [80.],
       [80.],
       [80.],
       [80.],
       [80.],
       [80.],
       [80.],
       [80.],
       [80.],
       [80.],
       [80.],
       [80.],
       [80.],
       [80.],
       [80.],
       [80.],
       [80.],
       [80.],
       [80.],
       [80.],
       [80.],
       [80.],
       [80.],
       [80.],
       [80.],
       [80.],
       [80.],
       [80.],
       [80.],
       [80.],
       [80.],
       [80.],
       [80.],
       [80.],
       [80.],
       [80.],
       [80.],
       [80.],
       [80.],
       [80.],
       [80.],
       [80.],
       [80.],
       [80.],
       [80.],
       [80.],
       [80.],
       [80.],
       [80.],
       [80.],
       [80.],
       [80.],
       [80.],
       [80.],
       [80.],
       [80.],
       [80.],
       [80.],
       [80.],
       [80.],
       [80.],
       [80.],
       [80.],
       [80.],
       [80.],
       [80.],
       [80.],
       [80.],
       [80.],
       [80.],
       [80.],
       [80.],
       [80.],
       [80.],
       [80.],
       [80.],
       [80.],
       [80.],
       [80.],
       [80.],
       [80.],
       [80.],
       [80.],
       [80.],
       [80.],
       [80.],
       [80.],
       [80.]]), 'dt': 0.01, 'N': 400, 'l': 1e-05}","{'Q': 157.89473684210526, 'gbar': 9.473684210526315, 'T': 10000, 'supervisor': array([[-1.89214982e-17],
       [ 4.44288287e-04],
       [ 8.88576529e-04],
       ...,
       [-1.33286468e-03],
       [-8.88576529e-04],
       [-4.44288287e-04]]), 'BIAS': array([[80.],
       [80.],
       [80.],
       [80.],
       [80.],
       [80.],
       [80.],
       [80.],
       [80.],
       [80.],
       [80.],
       [80.],
       [80.],
       [80.],
       [80.],
       [80.],
       [80.],
       [80.],
       [80.],
       [80.],
       [80.],
       [80.],
       [80.],
       [80.],
       [80.],
       [80.],
       [80.],
       [80.],
       [80.],
       [80.],
       [80.],
       [80.],
       [80.],
       [80.],
       [80.],
       [80.],
       [80.],
       [80.],
       [80.],
       [80.],
       [80.],
       [80.],
       [80.],
       [80.],
       [80.],
       [80.],
       [80.],
       [80.],
       [80.],
       [80.],
       [80.],
       [80.],
       [80.],
       [80.],
       [80.],
       [80.],
       [80.],
       [80.],
       [80.],
       [80.],
       [80.],
       [80.],
       [80.],
       [80.],
       [80.],
       [80.],
       [80.],
       [80.],
       [80.],
       [80.],
       [80.],
       [80.],
       [80.],
       [80.],
       [80.],
       [80.],
       [80.],
       [80.],
       [80.],
       [80.],
       [80.],
       [80.],
       [80.],
       [80.],
       [80.],
       [80.],
       [80.],
       [80.],
       [80.],
       [80.],
       [80.],
       [80.],
       [80.],
       [80.],
       [80.],
       [80.],
       [80.],
       [80.],
       [80.],
       [80.],
       [80.],
       [80.],
       [80.],
       [80.],
       [80.],
       [80.],
       [80.],
       [80.],
       [80.],
       [80.],
       [80.],
       [80.],
       [80.],
       [80.],
       [80.],
       [80.],
       [80.],
       [80.],
       [80.],
       [80.],
       [80.],
       [80.],
       [80.],
       [80.],
       [80.],
       [80.],
       [80.],
       [80.],
       [80.],
       [80.],
       [80.],
       [80.],
       [80.],
       [80.],
       [80.],
       [80.],
       [80.],
       [80.],
       [80.],
       [80.],
       [80.],
       [80.],
       [80.],
       [80.],
       [80.],
       [80.],
       [80.],
       [80.],
       [80.],
       [80.],
       [80.],
       [80.],
       [80.],
       [80.],
       [80.],
       [80.],
       [80.],
       [80.],
       [80.],
       [80.],
       [80.],
       [80.],
       [80.],
       [80.],
       [80.],
       [80.],
       [80.],
       [80.],
       [80.],
       [80.],
       [80.],
       [80.],
       [80.],
       [80.],
       [80.],
       [80.],
       [80.],
       [80.],
       [80.],
       [80.],
       [80.],
       [80.],
       [80.],
       [80.],
       [80.],
       [80.],
       [80.],
       [80.],
       [80.],
       [80.],
       [80.],
       [80.],
       [80.],
       [80.],
       [80.],
       [80.],
       [80.],
       [80.],
       [80.],
       [80.],
       [80.],
       [80.],
       [80.],
       [80.],
       [80.],
       [80.],
       [80.],
       [80.],
       [80.],
       [80.],
       [80.],
       [80.],
       [80.],
       [80.],
       [80.],
       [80.],
       [80.],
       [80.],
       [80.],
       [80.],
       [80.],
       [80.],
       [80.],
       [80.],
       [80.],
       [80.],
       [80.],
       [80.],
       [80.],
       [80.],
       [80.],
       [80.],
       [80.],
       [80.],
       [80.],
       [80.],
       [80.],
       [80.],
       [80.],
       [80.],
       [80.],
       [80.],
       [80.],
       [80.],
       [80.],
       [80.],
       [80.],
       [80.],
       [80.],
       [80.],
       [80.],
       [80.],
       [80.],
       [80.],
       [80.],
       [80.],
       [80.],
       [80.],
       [80.],
       [80.],
       [80.],
       [80.],
       [80.],
       [80.],
       [80.],
       [80.],
       [80.],
       [80.],
       [80.],
       [80.],
       [80.],
       [80.],
       [80.],
       [80.],
       [80.],
       [80.],
       [80.],
       [80.],
       [80.],
       [80.],
       [80.],
       [80.],
       [80.],
       [80.],
       [80.],
       [80.],
       [80.],
       [80.],
       [80.],
       [80.],
       [80.],
       [80.],
       [80.],
       [80.],
       [80.],
       [80.],
       [80.],
       [80.],
       [80.],
       [80.],
       [80.],
       [80.],
       [80.],
       [80.],
       [80.],
       [80.],
       [80.],
       [80.],
       [80.],
       [80.],
       [80.],
       [80.],
       [80.],
       [80.],
       [80.],
       [80.],
       [80.],
       [80.],
       [80.],
       [80.],
       [80.],
       [80.],
       [80.],
       [80.],
       [80.],
       [80.],
       [80.],
       [80.],
       [80.],
       [80.],
       [80.],
       [80.],
       [80.],
       [80.],
       [80.],
       [80.],
       [80.],
       [80.],
       [80.],
       [80.],
       [80.],
       [80.],
       [80.],
       [80.],
       [80.],
       [80.],
       [80.],
       [80.],
       [80.],
       [80.],
       [80.],
       [80.],
       [80.],
       [80.],
       [80.],
       [80.],
       [80.],
       [80.],
       [80.],
       [80.],
       [80.],
       [80.],
       [80.],
       [80.],
       [80.],
       [80.],
       [80.],
       [80.],
       [80.],
       [80.],
       [80.],
       [80.],
       [80.],
       [80.],
       [80.],
       [80.],
       [80.],
       [80.],
       [80.],
       [80.],
       [80.],
       [80.],
       [80.],
       [80.],
       [80.],
       [80.],
       [80.],
       [80.],
       [80.],
       [80.],
       [80.],
       [80.],
       [80.],
       [80.],
       [80.],
       [80.],
       [80.],
       [80.],
       [80.],
       [80.]]), 'dt': 0.01, 'N': 400, 'l': 1e-05}","{'Q': 157.89473684210526, 'gbar': 10.526315789473683, 'T': 10000, 'supervisor': array([[-1.89214982e-17],
       [ 4.44288287e-04],
       [ 8.88576529e-04],
       ...,
       [-1.33286468e-03],
       [-8.88576529e-04],
       [-4.44288287e-04]]), 'BIAS': array([[80.],
       [80.],
       [80.],
       [80.],
       [80.],
       [80.],
       [80.],
       [80.],
       [80.],
       [80.],
       [80.],
       [80.],
       [80.],
       [80.],
       [80.],
       [80.],
       [80.],
       [80.],
       [80.],
       [80.],
       [80.],
       [80.],
       [80.],
       [80.],
       [80.],
       [80.],
       [80.],
       [80.],
       [80.],
       [80.],
       [80.],
       [80.],
       [80.],
       [80.],
       [80.],
       [80.],
       [80.],
       [80.],
       [80.],
       [80.],
       [80.],
       [80.],
       [80.],
       [80.],
       [80.],
       [80.],
       [80.],
       [80.],
       [80.],
       [80.],
       [80.],
       [80.],
       [80.],
       [80.],
       [80.],
       [80.],
       [80.],
       [80.],
       [80.],
       [80.],
       [80.],
       [80.],
       [80.],
       [80.],
       [80.],
       [80.],
       [80.],
       [80.],
       [80.],
       [80.],
       [80.],
       [80.],
       [80.],
       [80.],
       [80.],
       [80.],
       [80.],
       [80.],
       [80.],
       [80.],
       [80.],
       [80.],
       [80.],
       [80.],
       [80.],
       [80.],
       [80.],
       [80.],
       [80.],
       [80.],
       [80.],
       [80.],
       [80.],
       [80.],
       [80.],
       [80.],
       [80.],
       [80.],
       [80.],
       [80.],
       [80.],
       [80.],
       [80.],
       [80.],
       [80.],
       [80.],
       [80.],
       [80.],
       [80.],
       [80.],
       [80.],
       [80.],
       [80.],
       [80.],
       [80.],
       [80.],
       [80.],
       [80.],
       [80.],
       [80.],
       [80.],
       [80.],
       [80.],
       [80.],
       [80.],
       [80.],
       [80.],
       [80.],
       [80.],
       [80.],
       [80.],
       [80.],
       [80.],
       [80.],
       [80.],
       [80.],
       [80.],
       [80.],
       [80.],
       [80.],
       [80.],
       [80.],
       [80.],
       [80.],
       [80.],
       [80.],
       [80.],
       [80.],
       [80.],
       [80.],
       [80.],
       [80.],
       [80.],
       [80.],
       [80.],
       [80.],
       [80.],
       [80.],
       [80.],
       [80.],
       [80.],
       [80.],
       [80.],
       [80.],
       [80.],
       [80.],
       [80.],
       [80.],
       [80.],
       [80.],
       [80.],
       [80.],
       [80.],
       [80.],
       [80.],
       [80.],
       [80.],
       [80.],
       [80.],
       [80.],
       [80.],
       [80.],
       [80.],
       [80.],
       [80.],
       [80.],
       [80.],
       [80.],
       [80.],
       [80.],
       [80.],
       [80.],
       [80.],
       [80.],
       [80.],
       [80.],
       [80.],
       [80.],
       [80.],
       [80.],
       [80.],
       [80.],
       [80.],
       [80.],
       [80.],
       [80.],
       [80.],
       [80.],
       [80.],
       [80.],
       [80.],
       [80.],
       [80.],
       [80.],
       [80.],
       [80.],
       [80.],
       [80.],
       [80.],
       [80.],
       [80.],
       [80.],
       [80.],
       [80.],
       [80.],
       [80.],
       [80.],
       [80.],
       [80.],
       [80.],
       [80.],
       [80.],
       [80.],
       [80.],
       [80.],
       [80.],
       [80.],
       [80.],
       [80.],
       [80.],
       [80.],
       [80.],
       [80.],
       [80.],
       [80.],
       [80.],
       [80.],
       [80.],
       [80.],
       [80.],
       [80.],
       [80.],
       [80.],
       [80.],
       [80.],
       [80.],
       [80.],
       [80.],
       [80.],
       [80.],
       [80.],
       [80.],
       [80.],
       [80.],
       [80.],
       [80.],
       [80.],
       [80.],
       [80.],
       [80.],
       [80.],
       [80.],
       [80.],
       [80.],
       [80.],
       [80.],
       [80.],
       [80.],
       [80.],
       [80.],
       [80.],
       [80.],
       [80.],
       [80.],
       [80.],
       [80.],
       [80.],
       [80.],
       [80.],
       [80.],
       [80.],
       [80.],
       [80.],
       [80.],
       [80.],
       [80.],
       [80.],
       [80.],
       [80.],
       [80.],
       [80.],
       [80.],
       [80.],
       [80.],
       [80.],
       [80.],
       [80.],
       [80.],
       [80.],
       [80.],
       [80.],
       [80.],
       [80.],
       [80.],
       [80.],
       [80.],
       [80.],
       [80.],
       [80.],
       [80.],
       [80.],
       [80.],
       [80.],
       [80.],
       [80.],
       [80.],
       [80.],
       [80.],
       [80.],
       [80.],
       [80.],
       [80.],
       [80.],
       [80.],
       [80.],
       [80.],
       [80.],
       [80.],
       [80.],
       [80.],
       [80.],
       [80.],
       [80.],
       [80.],
       [80.],
       [80.],
       [80.],
       [80.],
       [80.],
       [80.],
       [80.],
       [80.],
       [80.],
       [80.],
       [80.],
       [80.],
       [80.],
       [80.],
       [80.],
       [80.],
       [80.],
       [80.],
       [80.],
       [80.],
       [80.],
       [80.],
       [80.],
       [80.],
       [80.],
       [80.],
       [80.],
       [80.],
       [80.],
       [80.],
       [80.],
       [80.],
       [80.],
       [80.],
       [80.],
       [80.],
       [80.],
       [80.],
       [80.],
       [80.],
       [80.],
       [80.],
       [80.],
       [80.],
       [80.],
       [80.],
       [80.],
       [80.],
       [80.],
       [80.],
       [80.],
       [80.],
       [80.],
       [80.],
       [80.],
       [80.]]), 'dt': 0.01, 'N': 400, 'l': 1e-05}","{'Q': 157.89473684210526, 'gbar': 11.578947368421051, 'T': 10000, 'supervisor': array([[-1.89214982e-17],
       [ 4.44288287e-04],
       [ 8.88576529e-04],
       ...,
       [-1.33286468e-03],
       [-8.88576529e-04],
       [-4.44288287e-04]]), 'BIAS': array([[80.],
       [80.],
       [80.],
       [80.],
       [80.],
       [80.],
       [80.],
       [80.],
       [80.],
       [80.],
       [80.],
       [80.],
       [80.],
       [80.],
       [80.],
       [80.],
       [80.],
       [80.],
       [80.],
       [80.],
       [80.],
       [80.],
       [80.],
       [80.],
       [80.],
       [80.],
       [80.],
       [80.],
       [80.],
       [80.],
       [80.],
       [80.],
       [80.],
       [80.],
       [80.],
       [80.],
       [80.],
       [80.],
       [80.],
       [80.],
       [80.],
       [80.],
       [80.],
       [80.],
       [80.],
       [80.],
       [80.],
       [80.],
       [80.],
       [80.],
       [80.],
       [80.],
       [80.],
       [80.],
       [80.],
       [80.],
       [80.],
       [80.],
       [80.],
       [80.],
       [80.],
       [80.],
       [80.],
       [80.],
       [80.],
       [80.],
       [80.],
       [80.],
       [80.],
       [80.],
       [80.],
       [80.],
       [80.],
       [80.],
       [80.],
       [80.],
       [80.],
       [80.],
       [80.],
       [80.],
       [80.],
       [80.],
       [80.],
       [80.],
       [80.],
       [80.],
       [80.],
       [80.],
       [80.],
       [80.],
       [80.],
       [80.],
       [80.],
       [80.],
       [80.],
       [80.],
       [80.],
       [80.],
       [80.],
       [80.],
       [80.],
       [80.],
       [80.],
       [80.],
       [80.],
       [80.],
       [80.],
       [80.],
       [80.],
       [80.],
       [80.],
       [80.],
       [80.],
       [80.],
       [80.],
       [80.],
       [80.],
       [80.],
       [80.],
       [80.],
       [80.],
       [80.],
       [80.],
       [80.],
       [80.],
       [80.],
       [80.],
       [80.],
       [80.],
       [80.],
       [80.],
       [80.],
       [80.],
       [80.],
       [80.],
       [80.],
       [80.],
       [80.],
       [80.],
       [80.],
       [80.],
       [80.],
       [80.],
       [80.],
       [80.],
       [80.],
       [80.],
       [80.],
       [80.],
       [80.],
       [80.],
       [80.],
       [80.],
       [80.],
       [80.],
       [80.],
       [80.],
       [80.],
       [80.],
       [80.],
       [80.],
       [80.],
       [80.],
       [80.],
       [80.],
       [80.],
       [80.],
       [80.],
       [80.],
       [80.],
       [80.],
       [80.],
       [80.],
       [80.],
       [80.],
       [80.],
       [80.],
       [80.],
       [80.],
       [80.],
       [80.],
       [80.],
       [80.],
       [80.],
       [80.],
       [80.],
       [80.],
       [80.],
       [80.],
       [80.],
       [80.],
       [80.],
       [80.],
       [80.],
       [80.],
       [80.],
       [80.],
       [80.],
       [80.],
       [80.],
       [80.],
       [80.],
       [80.],
       [80.],
       [80.],
       [80.],
       [80.],
       [80.],
       [80.],
       [80.],
       [80.],
       [80.],
       [80.],
       [80.],
       [80.],
       [80.],
       [80.],
       [80.],
       [80.],
       [80.],
       [80.],
       [80.],
       [80.],
       [80.],
       [80.],
       [80.],
       [80.],
       [80.],
       [80.],
       [80.],
       [80.],
       [80.],
       [80.],
       [80.],
       [80.],
       [80.],
       [80.],
       [80.],
       [80.],
       [80.],
       [80.],
       [80.],
       [80.],
       [80.],
       [80.],
       [80.],
       [80.],
       [80.],
       [80.],
       [80.],
       [80.],
       [80.],
       [80.],
       [80.],
       [80.],
       [80.],
       [80.],
       [80.],
       [80.],
       [80.],
       [80.],
       [80.],
       [80.],
       [80.],
       [80.],
       [80.],
       [80.],
       [80.],
       [80.],
       [80.],
       [80.],
       [80.],
       [80.],
       [80.],
       [80.],
       [80.],
       [80.],
       [80.],
       [80.],
       [80.],
       [80.],
       [80.],
       [80.],
       [80.],
       [80.],
       [80.],
       [80.],
       [80.],
       [80.],
       [80.],
       [80.],
       [80.],
       [80.],
       [80.],
       [80.],
       [80.],
       [80.],
       [80.],
       [80.],
       [80.],
       [80.],
       [80.],
       [80.],
       [80.],
       [80.],
       [80.],
       [80.],
       [80.],
       [80.],
       [80.],
       [80.],
       [80.],
       [80.],
       [80.],
       [80.],
       [80.],
       [80.],
       [80.],
       [80.],
       [80.],
       [80.],
       [80.],
       [80.],
       [80.],
       [80.],
       [80.],
       [80.],
       [80.],
       [80.],
       [80.],
       [80.],
       [80.],
       [80.],
       [80.],
       [80.],
       [80.],
       [80.],
       [80.],
       [80.],
       [80.],
       [80.],
       [80.],
       [80.],
       [80.],
       [80.],
       [80.],
       [80.],
       [80.],
       [80.],
       [80.],
       [80.],
       [80.],
       [80.],
       [80.],
       [80.],
       [80.],
       [80.],
       [80.],
       [80.],
       [80.],
       [80.],
       [80.],
       [80.],
       [80.],
       [80.],
       [80.],
       [80.],
       [80.],
       [80.],
       [80.],
       [80.],
       [80.],
       [80.],
       [80.],
       [80.],
       [80.],
       [80.],
       [80.],
       [80.],
       [80.],
       [80.],
       [80.],
       [80.],
       [80.],
       [80.],
       [80.],
       [80.],
       [80.],
       [80.],
       [80.],
       [80.],
       [80.],
       [80.],
       [80.],
       [80.],
       [80.],
       [80.],
       [80.],
       [80.],
       [80.]]), 'dt': 0.01, 'N': 400, 'l': 1e-05}","{'Q': 157.89473684210526, 'gbar': 12.631578947368421, 'T': 10000, 'supervisor': array([[-1.89214982e-17],
       [ 4.44288287e-04],
       [ 8.88576529e-04],
       ...,
       [-1.33286468e-03],
       [-8.88576529e-04],
       [-4.44288287e-04]]), 'BIAS': array([[80.],
       [80.],
       [80.],
       [80.],
       [80.],
       [80.],
       [80.],
       [80.],
       [80.],
       [80.],
       [80.],
       [80.],
       [80.],
       [80.],
       [80.],
       [80.],
       [80.],
       [80.],
       [80.],
       [80.],
       [80.],
       [80.],
       [80.],
       [80.],
       [80.],
       [80.],
       [80.],
       [80.],
       [80.],
       [80.],
       [80.],
       [80.],
       [80.],
       [80.],
       [80.],
       [80.],
       [80.],
       [80.],
       [80.],
       [80.],
       [80.],
       [80.],
       [80.],
       [80.],
       [80.],
       [80.],
       [80.],
       [80.],
       [80.],
       [80.],
       [80.],
       [80.],
       [80.],
       [80.],
       [80.],
       [80.],
       [80.],
       [80.],
       [80.],
       [80.],
       [80.],
       [80.],
       [80.],
       [80.],
       [80.],
       [80.],
       [80.],
       [80.],
       [80.],
       [80.],
       [80.],
       [80.],
       [80.],
       [80.],
       [80.],
       [80.],
       [80.],
       [80.],
       [80.],
       [80.],
       [80.],
       [80.],
       [80.],
       [80.],
       [80.],
       [80.],
       [80.],
       [80.],
       [80.],
       [80.],
       [80.],
       [80.],
       [80.],
       [80.],
       [80.],
       [80.],
       [80.],
       [80.],
       [80.],
       [80.],
       [80.],
       [80.],
       [80.],
       [80.],
       [80.],
       [80.],
       [80.],
       [80.],
       [80.],
       [80.],
       [80.],
       [80.],
       [80.],
       [80.],
       [80.],
       [80.],
       [80.],
       [80.],
       [80.],
       [80.],
       [80.],
       [80.],
       [80.],
       [80.],
       [80.],
       [80.],
       [80.],
       [80.],
       [80.],
       [80.],
       [80.],
       [80.],
       [80.],
       [80.],
       [80.],
       [80.],
       [80.],
       [80.],
       [80.],
       [80.],
       [80.],
       [80.],
       [80.],
       [80.],
       [80.],
       [80.],
       [80.],
       [80.],
       [80.],
       [80.],
       [80.],
       [80.],
       [80.],
       [80.],
       [80.],
       [80.],
       [80.],
       [80.],
       [80.],
       [80.],
       [80.],
       [80.],
       [80.],
       [80.],
       [80.],
       [80.],
       [80.],
       [80.],
       [80.],
       [80.],
       [80.],
       [80.],
       [80.],
       [80.],
       [80.],
       [80.],
       [80.],
       [80.],
       [80.],
       [80.],
       [80.],
       [80.],
       [80.],
       [80.],
       [80.],
       [80.],
       [80.],
       [80.],
       [80.],
       [80.],
       [80.],
       [80.],
       [80.],
       [80.],
       [80.],
       [80.],
       [80.],
       [80.],
       [80.],
       [80.],
       [80.],
       [80.],
       [80.],
       [80.],
       [80.],
       [80.],
       [80.],
       [80.],
       [80.],
       [80.],
       [80.],
       [80.],
       [80.],
       [80.],
       [80.],
       [80.],
       [80.],
       [80.],
       [80.],
       [80.],
       [80.],
       [80.],
       [80.],
       [80.],
       [80.],
       [80.],
       [80.],
       [80.],
       [80.],
       [80.],
       [80.],
       [80.],
       [80.],
       [80.],
       [80.],
       [80.],
       [80.],
       [80.],
       [80.],
       [80.],
       [80.],
       [80.],
       [80.],
       [80.],
       [80.],
       [80.],
       [80.],
       [80.],
       [80.],
       [80.],
       [80.],
       [80.],
       [80.],
       [80.],
       [80.],
       [80.],
       [80.],
       [80.],
       [80.],
       [80.],
       [80.],
       [80.],
       [80.],
       [80.],
       [80.],
       [80.],
       [80.],
       [80.],
       [80.],
       [80.],
       [80.],
       [80.],
       [80.],
       [80.],
       [80.],
       [80.],
       [80.],
       [80.],
       [80.],
       [80.],
       [80.],
       [80.],
       [80.],
       [80.],
       [80.],
       [80.],
       [80.],
       [80.],
       [80.],
       [80.],
       [80.],
       [80.],
       [80.],
       [80.],
       [80.],
       [80.],
       [80.],
       [80.],
       [80.],
       [80.],
       [80.],
       [80.],
       [80.],
       [80.],
       [80.],
       [80.],
       [80.],
       [80.],
       [80.],
       [80.],
       [80.],
       [80.],
       [80.],
       [80.],
       [80.],
       [80.],
       [80.],
       [80.],
       [80.],
       [80.],
       [80.],
       [80.],
       [80.],
       [80.],
       [80.],
       [80.],
       [80.],
       [80.],
       [80.],
       [80.],
       [80.],
       [80.],
       [80.],
       [80.],
       [80.],
       [80.],
       [80.],
       [80.],
       [80.],
       [80.],
       [80.],
       [80.],
       [80.],
       [80.],
       [80.],
       [80.],
       [80.],
       [80.],
       [80.],
       [80.],
       [80.],
       [80.],
       [80.],
       [80.],
       [80.],
       [80.],
       [80.],
       [80.],
       [80.],
       [80.],
       [80.],
       [80.],
       [80.],
       [80.],
       [80.],
       [80.],
       [80.],
       [80.],
       [80.],
       [80.],
       [80.],
       [80.],
       [80.],
       [80.],
       [80.],
       [80.],
       [80.],
       [80.],
       [80.],
       [80.],
       [80.],
       [80.],
       [80.],
       [80.],
       [80.],
       [80.],
       [80.],
       [80.],
       [80.],
       [80.],
       [80.],
       [80.],
       [80.],
       [80.],
       [80.],
       [80.],
       [80.],
       [80.],
       [80.],
       [80.]]), 'dt': 0.01, 'N': 400, 'l': 1e-05}","{'Q': 157.89473684210526, 'gbar': 13.68421052631579, 'T': 10000, 'supervisor': array([[-1.89214982e-17],
       [ 4.44288287e-04],
       [ 8.88576529e-04],
       ...,
       [-1.33286468e-03],
       [-8.88576529e-04],
       [-4.44288287e-04]]), 'BIAS': array([[80.],
       [80.],
       [80.],
       [80.],
       [80.],
       [80.],
       [80.],
       [80.],
       [80.],
       [80.],
       [80.],
       [80.],
       [80.],
       [80.],
       [80.],
       [80.],
       [80.],
       [80.],
       [80.],
       [80.],
       [80.],
       [80.],
       [80.],
       [80.],
       [80.],
       [80.],
       [80.],
       [80.],
       [80.],
       [80.],
       [80.],
       [80.],
       [80.],
       [80.],
       [80.],
       [80.],
       [80.],
       [80.],
       [80.],
       [80.],
       [80.],
       [80.],
       [80.],
       [80.],
       [80.],
       [80.],
       [80.],
       [80.],
       [80.],
       [80.],
       [80.],
       [80.],
       [80.],
       [80.],
       [80.],
       [80.],
       [80.],
       [80.],
       [80.],
       [80.],
       [80.],
       [80.],
       [80.],
       [80.],
       [80.],
       [80.],
       [80.],
       [80.],
       [80.],
       [80.],
       [80.],
       [80.],
       [80.],
       [80.],
       [80.],
       [80.],
       [80.],
       [80.],
       [80.],
       [80.],
       [80.],
       [80.],
       [80.],
       [80.],
       [80.],
       [80.],
       [80.],
       [80.],
       [80.],
       [80.],
       [80.],
       [80.],
       [80.],
       [80.],
       [80.],
       [80.],
       [80.],
       [80.],
       [80.],
       [80.],
       [80.],
       [80.],
       [80.],
       [80.],
       [80.],
       [80.],
       [80.],
       [80.],
       [80.],
       [80.],
       [80.],
       [80.],
       [80.],
       [80.],
       [80.],
       [80.],
       [80.],
       [80.],
       [80.],
       [80.],
       [80.],
       [80.],
       [80.],
       [80.],
       [80.],
       [80.],
       [80.],
       [80.],
       [80.],
       [80.],
       [80.],
       [80.],
       [80.],
       [80.],
       [80.],
       [80.],
       [80.],
       [80.],
       [80.],
       [80.],
       [80.],
       [80.],
       [80.],
       [80.],
       [80.],
       [80.],
       [80.],
       [80.],
       [80.],
       [80.],
       [80.],
       [80.],
       [80.],
       [80.],
       [80.],
       [80.],
       [80.],
       [80.],
       [80.],
       [80.],
       [80.],
       [80.],
       [80.],
       [80.],
       [80.],
       [80.],
       [80.],
       [80.],
       [80.],
       [80.],
       [80.],
       [80.],
       [80.],
       [80.],
       [80.],
       [80.],
       [80.],
       [80.],
       [80.],
       [80.],
       [80.],
       [80.],
       [80.],
       [80.],
       [80.],
       [80.],
       [80.],
       [80.],
       [80.],
       [80.],
       [80.],
       [80.],
       [80.],
       [80.],
       [80.],
       [80.],
       [80.],
       [80.],
       [80.],
       [80.],
       [80.],
       [80.],
       [80.],
       [80.],
       [80.],
       [80.],
       [80.],
       [80.],
       [80.],
       [80.],
       [80.],
       [80.],
       [80.],
       [80.],
       [80.],
       [80.],
       [80.],
       [80.],
       [80.],
       [80.],
       [80.],
       [80.],
       [80.],
       [80.],
       [80.],
       [80.],
       [80.],
       [80.],
       [80.],
       [80.],
       [80.],
       [80.],
       [80.],
       [80.],
       [80.],
       [80.],
       [80.],
       [80.],
       [80.],
       [80.],
       [80.],
       [80.],
       [80.],
       [80.],
       [80.],
       [80.],
       [80.],
       [80.],
       [80.],
       [80.],
       [80.],
       [80.],
       [80.],
       [80.],
       [80.],
       [80.],
       [80.],
       [80.],
       [80.],
       [80.],
       [80.],
       [80.],
       [80.],
       [80.],
       [80.],
       [80.],
       [80.],
       [80.],
       [80.],
       [80.],
       [80.],
       [80.],
       [80.],
       [80.],
       [80.],
       [80.],
       [80.],
       [80.],
       [80.],
       [80.],
       [80.],
       [80.],
       [80.],
       [80.],
       [80.],
       [80.],
       [80.],
       [80.],
       [80.],
       [80.],
       [80.],
       [80.],
       [80.],
       [80.],
       [80.],
       [80.],
       [80.],
       [80.],
       [80.],
       [80.],
       [80.],
       [80.],
       [80.],
       [80.],
       [80.],
       [80.],
       [80.],
       [80.],
       [80.],
       [80.],
       [80.],
       [80.],
       [80.],
       [80.],
       [80.],
       [80.],
       [80.],
       [80.],
       [80.],
       [80.],
       [80.],
       [80.],
       [80.],
       [80.],
       [80.],
       [80.],
       [80.],
       [80.],
       [80.],
       [80.],
       [80.],
       [80.],
       [80.],
       [80.],
       [80.],
       [80.],
       [80.],
       [80.],
       [80.],
       [80.],
       [80.],
       [80.],
       [80.],
       [80.],
       [80.],
       [80.],
       [80.],
       [80.],
       [80.],
       [80.],
       [80.],
       [80.],
       [80.],
       [80.],
       [80.],
       [80.],
       [80.],
       [80.],
       [80.],
       [80.],
       [80.],
       [80.],
       [80.],
       [80.],
       [80.],
       [80.],
       [80.],
       [80.],
       [80.],
       [80.],
       [80.],
       [80.],
       [80.],
       [80.],
       [80.],
       [80.],
       [80.],
       [80.],
       [80.],
       [80.],
       [80.],
       [80.],
       [80.],
       [80.],
       [80.],
       [80.],
       [80.],
       [80.],
       [80.],
       [80.],
       [80.],
       [80.],
       [80.],
       [80.],
       [80.],
       [80.],
       [80.],
       [80.],
       [80.],
       [80.]]), 'dt': 0.01, 'N': 400, 'l': 1e-05}","{'Q': 157.89473684210526, 'gbar': 14.736842105263158, 'T': 10000, 'supervisor': array([[-1.89214982e-17],
       [ 4.44288287e-04],
       [ 8.88576529e-04],
       ...,
       [-1.33286468e-03],
       [-8.88576529e-04],
       [-4.44288287e-04]]), 'BIAS': array([[80.],
       [80.],
       [80.],
       [80.],
       [80.],
       [80.],
       [80.],
       [80.],
       [80.],
       [80.],
       [80.],
       [80.],
       [80.],
       [80.],
       [80.],
       [80.],
       [80.],
       [80.],
       [80.],
       [80.],
       [80.],
       [80.],
       [80.],
       [80.],
       [80.],
       [80.],
       [80.],
       [80.],
       [80.],
       [80.],
       [80.],
       [80.],
       [80.],
       [80.],
       [80.],
       [80.],
       [80.],
       [80.],
       [80.],
       [80.],
       [80.],
       [80.],
       [80.],
       [80.],
       [80.],
       [80.],
       [80.],
       [80.],
       [80.],
       [80.],
       [80.],
       [80.],
       [80.],
       [80.],
       [80.],
       [80.],
       [80.],
       [80.],
       [80.],
       [80.],
       [80.],
       [80.],
       [80.],
       [80.],
       [80.],
       [80.],
       [80.],
       [80.],
       [80.],
       [80.],
       [80.],
       [80.],
       [80.],
       [80.],
       [80.],
       [80.],
       [80.],
       [80.],
       [80.],
       [80.],
       [80.],
       [80.],
       [80.],
       [80.],
       [80.],
       [80.],
       [80.],
       [80.],
       [80.],
       [80.],
       [80.],
       [80.],
       [80.],
       [80.],
       [80.],
       [80.],
       [80.],
       [80.],
       [80.],
       [80.],
       [80.],
       [80.],
       [80.],
       [80.],
       [80.],
       [80.],
       [80.],
       [80.],
       [80.],
       [80.],
       [80.],
       [80.],
       [80.],
       [80.],
       [80.],
       [80.],
       [80.],
       [80.],
       [80.],
       [80.],
       [80.],
       [80.],
       [80.],
       [80.],
       [80.],
       [80.],
       [80.],
       [80.],
       [80.],
       [80.],
       [80.],
       [80.],
       [80.],
       [80.],
       [80.],
       [80.],
       [80.],
       [80.],
       [80.],
       [80.],
       [80.],
       [80.],
       [80.],
       [80.],
       [80.],
       [80.],
       [80.],
       [80.],
       [80.],
       [80.],
       [80.],
       [80.],
       [80.],
       [80.],
       [80.],
       [80.],
       [80.],
       [80.],
       [80.],
       [80.],
       [80.],
       [80.],
       [80.],
       [80.],
       [80.],
       [80.],
       [80.],
       [80.],
       [80.],
       [80.],
       [80.],
       [80.],
       [80.],
       [80.],
       [80.],
       [80.],
       [80.],
       [80.],
       [80.],
       [80.],
       [80.],
       [80.],
       [80.],
       [80.],
       [80.],
       [80.],
       [80.],
       [80.],
       [80.],
       [80.],
       [80.],
       [80.],
       [80.],
       [80.],
       [80.],
       [80.],
       [80.],
       [80.],
       [80.],
       [80.],
       [80.],
       [80.],
       [80.],
       [80.],
       [80.],
       [80.],
       [80.],
       [80.],
       [80.],
       [80.],
       [80.],
       [80.],
       [80.],
       [80.],
       [80.],
       [80.],
       [80.],
       [80.],
       [80.],
       [80.],
       [80.],
       [80.],
       [80.],
       [80.],
       [80.],
       [80.],
       [80.],
       [80.],
       [80.],
       [80.],
       [80.],
       [80.],
       [80.],
       [80.],
       [80.],
       [80.],
       [80.],
       [80.],
       [80.],
       [80.],
       [80.],
       [80.],
       [80.],
       [80.],
       [80.],
       [80.],
       [80.],
       [80.],
       [80.],
       [80.],
       [80.],
       [80.],
       [80.],
       [80.],
       [80.],
       [80.],
       [80.],
       [80.],
       [80.],
       [80.],
       [80.],
       [80.],
       [80.],
       [80.],
       [80.],
       [80.],
       [80.],
       [80.],
       [80.],
       [80.],
       [80.],
       [80.],
       [80.],
       [80.],
       [80.],
       [80.],
       [80.],
       [80.],
       [80.],
       [80.],
       [80.],
       [80.],
       [80.],
       [80.],
       [80.],
       [80.],
       [80.],
       [80.],
       [80.],
       [80.],
       [80.],
       [80.],
       [80.],
       [80.],
       [80.],
       [80.],
       [80.],
       [80.],
       [80.],
       [80.],
       [80.],
       [80.],
       [80.],
       [80.],
       [80.],
       [80.],
       [80.],
       [80.],
       [80.],
       [80.],
       [80.],
       [80.],
       [80.],
       [80.],
       [80.],
       [80.],
       [80.],
       [80.],
       [80.],
       [80.],
       [80.],
       [80.],
       [80.],
       [80.],
       [80.],
       [80.],
       [80.],
       [80.],
       [80.],
       [80.],
       [80.],
       [80.],
       [80.],
       [80.],
       [80.],
       [80.],
       [80.],
       [80.],
       [80.],
       [80.],
       [80.],
       [80.],
       [80.],
       [80.],
       [80.],
       [80.],
       [80.],
       [80.],
       [80.],
       [80.],
       [80.],
       [80.],
       [80.],
       [80.],
       [80.],
       [80.],
       [80.],
       [80.],
       [80.],
       [80.],
       [80.],
       [80.],
       [80.],
       [80.],
       [80.],
       [80.],
       [80.],
       [80.],
       [80.],
       [80.],
       [80.],
       [80.],
       [80.],
       [80.],
       [80.],
       [80.],
       [80.],
       [80.],
       [80.],
       [80.],
       [80.],
       [80.],
       [80.],
       [80.],
       [80.],
       [80.],
       [80.],
       [80.],
       [80.],
       [80.],
       [80.],
       [80.],
       [80.],
       [80.],
       [80.],
       [80.],
       [80.],
       [80.],
       [80.],
       [80.]]), 'dt': 0.01, 'N': 400, 'l': 1e-05}","{'Q': 157.89473684210526, 'gbar': 15.789473684210526, 'T': 10000, 'supervisor': array([[-1.89214982e-17],
       [ 4.44288287e-04],
       [ 8.88576529e-04],
       ...,
       [-1.33286468e-03],
       [-8.88576529e-04],
       [-4.44288287e-04]]), 'BIAS': array([[80.],
       [80.],
       [80.],
       [80.],
       [80.],
       [80.],
       [80.],
       [80.],
       [80.],
       [80.],
       [80.],
       [80.],
       [80.],
       [80.],
       [80.],
       [80.],
       [80.],
       [80.],
       [80.],
       [80.],
       [80.],
       [80.],
       [80.],
       [80.],
       [80.],
       [80.],
       [80.],
       [80.],
       [80.],
       [80.],
       [80.],
       [80.],
       [80.],
       [80.],
       [80.],
       [80.],
       [80.],
       [80.],
       [80.],
       [80.],
       [80.],
       [80.],
       [80.],
       [80.],
       [80.],
       [80.],
       [80.],
       [80.],
       [80.],
       [80.],
       [80.],
       [80.],
       [80.],
       [80.],
       [80.],
       [80.],
       [80.],
       [80.],
       [80.],
       [80.],
       [80.],
       [80.],
       [80.],
       [80.],
       [80.],
       [80.],
       [80.],
       [80.],
       [80.],
       [80.],
       [80.],
       [80.],
       [80.],
       [80.],
       [80.],
       [80.],
       [80.],
       [80.],
       [80.],
       [80.],
       [80.],
       [80.],
       [80.],
       [80.],
       [80.],
       [80.],
       [80.],
       [80.],
       [80.],
       [80.],
       [80.],
       [80.],
       [80.],
       [80.],
       [80.],
       [80.],
       [80.],
       [80.],
       [80.],
       [80.],
       [80.],
       [80.],
       [80.],
       [80.],
       [80.],
       [80.],
       [80.],
       [80.],
       [80.],
       [80.],
       [80.],
       [80.],
       [80.],
       [80.],
       [80.],
       [80.],
       [80.],
       [80.],
       [80.],
       [80.],
       [80.],
       [80.],
       [80.],
       [80.],
       [80.],
       [80.],
       [80.],
       [80.],
       [80.],
       [80.],
       [80.],
       [80.],
       [80.],
       [80.],
       [80.],
       [80.],
       [80.],
       [80.],
       [80.],
       [80.],
       [80.],
       [80.],
       [80.],
       [80.],
       [80.],
       [80.],
       [80.],
       [80.],
       [80.],
       [80.],
       [80.],
       [80.],
       [80.],
       [80.],
       [80.],
       [80.],
       [80.],
       [80.],
       [80.],
       [80.],
       [80.],
       [80.],
       [80.],
       [80.],
       [80.],
       [80.],
       [80.],
       [80.],
       [80.],
       [80.],
       [80.],
       [80.],
       [80.],
       [80.],
       [80.],
       [80.],
       [80.],
       [80.],
       [80.],
       [80.],
       [80.],
       [80.],
       [80.],
       [80.],
       [80.],
       [80.],
       [80.],
       [80.],
       [80.],
       [80.],
       [80.],
       [80.],
       [80.],
       [80.],
       [80.],
       [80.],
       [80.],
       [80.],
       [80.],
       [80.],
       [80.],
       [80.],
       [80.],
       [80.],
       [80.],
       [80.],
       [80.],
       [80.],
       [80.],
       [80.],
       [80.],
       [80.],
       [80.],
       [80.],
       [80.],
       [80.],
       [80.],
       [80.],
       [80.],
       [80.],
       [80.],
       [80.],
       [80.],
       [80.],
       [80.],
       [80.],
       [80.],
       [80.],
       [80.],
       [80.],
       [80.],
       [80.],
       [80.],
       [80.],
       [80.],
       [80.],
       [80.],
       [80.],
       [80.],
       [80.],
       [80.],
       [80.],
       [80.],
       [80.],
       [80.],
       [80.],
       [80.],
       [80.],
       [80.],
       [80.],
       [80.],
       [80.],
       [80.],
       [80.],
       [80.],
       [80.],
       [80.],
       [80.],
       [80.],
       [80.],
       [80.],
       [80.],
       [80.],
       [80.],
       [80.],
       [80.],
       [80.],
       [80.],
       [80.],
       [80.],
       [80.],
       [80.],
       [80.],
       [80.],
       [80.],
       [80.],
       [80.],
       [80.],
       [80.],
       [80.],
       [80.],
       [80.],
       [80.],
       [80.],
       [80.],
       [80.],
       [80.],
       [80.],
       [80.],
       [80.],
       [80.],
       [80.],
       [80.],
       [80.],
       [80.],
       [80.],
       [80.],
       [80.],
       [80.],
       [80.],
       [80.],
       [80.],
       [80.],
       [80.],
       [80.],
       [80.],
       [80.],
       [80.],
       [80.],
       [80.],
       [80.],
       [80.],
       [80.],
       [80.],
       [80.],
       [80.],
       [80.],
       [80.],
       [80.],
       [80.],
       [80.],
       [80.],
       [80.],
       [80.],
       [80.],
       [80.],
       [80.],
       [80.],
       [80.],
       [80.],
       [80.],
       [80.],
       [80.],
       [80.],
       [80.],
       [80.],
       [80.],
       [80.],
       [80.],
       [80.],
       [80.],
       [80.],
       [80.],
       [80.],
       [80.],
       [80.],
       [80.],
       [80.],
       [80.],
       [80.],
       [80.],
       [80.],
       [80.],
       [80.],
       [80.],
       [80.],
       [80.],
       [80.],
       [80.],
       [80.],
       [80.],
       [80.],
       [80.],
       [80.],
       [80.],
       [80.],
       [80.],
       [80.],
       [80.],
       [80.],
       [80.],
       [80.],
       [80.],
       [80.],
       [80.],
       [80.],
       [80.],
       [80.],
       [80.],
       [80.],
       [80.],
       [80.],
       [80.],
       [80.],
       [80.],
       [80.],
       [80.],
       [80.],
       [80.],
       [80.],
       [80.],
       [80.],
       [80.],
       [80.],
       [80.],
       [80.],
       [80.],
       [80.],
       [80.],
       [80.]]), 'dt': 0.01, 'N': 400, 'l': 1e-05}","{'Q': 157.89473684210526, 'gbar': 16.842105263157894, 'T': 10000, 'supervisor': array([[-1.89214982e-17],
       [ 4.44288287e-04],
       [ 8.88576529e-04],
       ...,
       [-1.33286468e-03],
       [-8.88576529e-04],
       [-4.44288287e-04]]), 'BIAS': array([[80.],
       [80.],
       [80.],
       [80.],
       [80.],
       [80.],
       [80.],
       [80.],
       [80.],
       [80.],
       [80.],
       [80.],
       [80.],
       [80.],
       [80.],
       [80.],
       [80.],
       [80.],
       [80.],
       [80.],
       [80.],
       [80.],
       [80.],
       [80.],
       [80.],
       [80.],
       [80.],
       [80.],
       [80.],
       [80.],
       [80.],
       [80.],
       [80.],
       [80.],
       [80.],
       [80.],
       [80.],
       [80.],
       [80.],
       [80.],
       [80.],
       [80.],
       [80.],
       [80.],
       [80.],
       [80.],
       [80.],
       [80.],
       [80.],
       [80.],
       [80.],
       [80.],
       [80.],
       [80.],
       [80.],
       [80.],
       [80.],
       [80.],
       [80.],
       [80.],
       [80.],
       [80.],
       [80.],
       [80.],
       [80.],
       [80.],
       [80.],
       [80.],
       [80.],
       [80.],
       [80.],
       [80.],
       [80.],
       [80.],
       [80.],
       [80.],
       [80.],
       [80.],
       [80.],
       [80.],
       [80.],
       [80.],
       [80.],
       [80.],
       [80.],
       [80.],
       [80.],
       [80.],
       [80.],
       [80.],
       [80.],
       [80.],
       [80.],
       [80.],
       [80.],
       [80.],
       [80.],
       [80.],
       [80.],
       [80.],
       [80.],
       [80.],
       [80.],
       [80.],
       [80.],
       [80.],
       [80.],
       [80.],
       [80.],
       [80.],
       [80.],
       [80.],
       [80.],
       [80.],
       [80.],
       [80.],
       [80.],
       [80.],
       [80.],
       [80.],
       [80.],
       [80.],
       [80.],
       [80.],
       [80.],
       [80.],
       [80.],
       [80.],
       [80.],
       [80.],
       [80.],
       [80.],
       [80.],
       [80.],
       [80.],
       [80.],
       [80.],
       [80.],
       [80.],
       [80.],
       [80.],
       [80.],
       [80.],
       [80.],
       [80.],
       [80.],
       [80.],
       [80.],
       [80.],
       [80.],
       [80.],
       [80.],
       [80.],
       [80.],
       [80.],
       [80.],
       [80.],
       [80.],
       [80.],
       [80.],
       [80.],
       [80.],
       [80.],
       [80.],
       [80.],
       [80.],
       [80.],
       [80.],
       [80.],
       [80.],
       [80.],
       [80.],
       [80.],
       [80.],
       [80.],
       [80.],
       [80.],
       [80.],
       [80.],
       [80.],
       [80.],
       [80.],
       [80.],
       [80.],
       [80.],
       [80.],
       [80.],
       [80.],
       [80.],
       [80.],
       [80.],
       [80.],
       [80.],
       [80.],
       [80.],
       [80.],
       [80.],
       [80.],
       [80.],
       [80.],
       [80.],
       [80.],
       [80.],
       [80.],
       [80.],
       [80.],
       [80.],
       [80.],
       [80.],
       [80.],
       [80.],
       [80.],
       [80.],
       [80.],
       [80.],
       [80.],
       [80.],
       [80.],
       [80.],
       [80.],
       [80.],
       [80.],
       [80.],
       [80.],
       [80.],
       [80.],
       [80.],
       [80.],
       [80.],
       [80.],
       [80.],
       [80.],
       [80.],
       [80.],
       [80.],
       [80.],
       [80.],
       [80.],
       [80.],
       [80.],
       [80.],
       [80.],
       [80.],
       [80.],
       [80.],
       [80.],
       [80.],
       [80.],
       [80.],
       [80.],
       [80.],
       [80.],
       [80.],
       [80.],
       [80.],
       [80.],
       [80.],
       [80.],
       [80.],
       [80.],
       [80.],
       [80.],
       [80.],
       [80.],
       [80.],
       [80.],
       [80.],
       [80.],
       [80.],
       [80.],
       [80.],
       [80.],
       [80.],
       [80.],
       [80.],
       [80.],
       [80.],
       [80.],
       [80.],
       [80.],
       [80.],
       [80.],
       [80.],
       [80.],
       [80.],
       [80.],
       [80.],
       [80.],
       [80.],
       [80.],
       [80.],
       [80.],
       [80.],
       [80.],
       [80.],
       [80.],
       [80.],
       [80.],
       [80.],
       [80.],
       [80.],
       [80.],
       [80.],
       [80.],
       [80.],
       [80.],
       [80.],
       [80.],
       [80.],
       [80.],
       [80.],
       [80.],
       [80.],
       [80.],
       [80.],
       [80.],
       [80.],
       [80.],
       [80.],
       [80.],
       [80.],
       [80.],
       [80.],
       [80.],
       [80.],
       [80.],
       [80.],
       [80.],
       [80.],
       [80.],
       [80.],
       [80.],
       [80.],
       [80.],
       [80.],
       [80.],
       [80.],
       [80.],
       [80.],
       [80.],
       [80.],
       [80.],
       [80.],
       [80.],
       [80.],
       [80.],
       [80.],
       [80.],
       [80.],
       [80.],
       [80.],
       [80.],
       [80.],
       [80.],
       [80.],
       [80.],
       [80.],
       [80.],
       [80.],
       [80.],
       [80.],
       [80.],
       [80.],
       [80.],
       [80.],
       [80.],
       [80.],
       [80.],
       [80.],
       [80.],
       [80.],
       [80.],
       [80.],
       [80.],
       [80.],
       [80.],
       [80.],
       [80.],
       [80.],
       [80.],
       [80.],
       [80.],
       [80.],
       [80.],
       [80.],
       [80.],
       [80.],
       [80.],
       [80.],
       [80.],
       [80.],
       [80.],
       [80.],
       [80.],
       [80.],
       [80.],
       [80.],
       [80.],
       [80.],
       [80.]]), 'dt': 0.01, 'N': 400, 'l': 1e-05}","{'Q': 157.89473684210526, 'gbar': 17.894736842105264, 'T': 10000, 'supervisor': array([[-1.89214982e-17],
       [ 4.44288287e-04],
       [ 8.88576529e-04],
       ...,
       [-1.33286468e-03],
       [-8.88576529e-04],
       [-4.44288287e-04]]), 'BIAS': array([[80.],
       [80.],
       [80.],
       [80.],
       [80.],
       [80.],
       [80.],
       [80.],
       [80.],
       [80.],
       [80.],
       [80.],
       [80.],
       [80.],
       [80.],
       [80.],
       [80.],
       [80.],
       [80.],
       [80.],
       [80.],
       [80.],
       [80.],
       [80.],
       [80.],
       [80.],
       [80.],
       [80.],
       [80.],
       [80.],
       [80.],
       [80.],
       [80.],
       [80.],
       [80.],
       [80.],
       [80.],
       [80.],
       [80.],
       [80.],
       [80.],
       [80.],
       [80.],
       [80.],
       [80.],
       [80.],
       [80.],
       [80.],
       [80.],
       [80.],
       [80.],
       [80.],
       [80.],
       [80.],
       [80.],
       [80.],
       [80.],
       [80.],
       [80.],
       [80.],
       [80.],
       [80.],
       [80.],
       [80.],
       [80.],
       [80.],
       [80.],
       [80.],
       [80.],
       [80.],
       [80.],
       [80.],
       [80.],
       [80.],
       [80.],
       [80.],
       [80.],
       [80.],
       [80.],
       [80.],
       [80.],
       [80.],
       [80.],
       [80.],
       [80.],
       [80.],
       [80.],
       [80.],
       [80.],
       [80.],
       [80.],
       [80.],
       [80.],
       [80.],
       [80.],
       [80.],
       [80.],
       [80.],
       [80.],
       [80.],
       [80.],
       [80.],
       [80.],
       [80.],
       [80.],
       [80.],
       [80.],
       [80.],
       [80.],
       [80.],
       [80.],
       [80.],
       [80.],
       [80.],
       [80.],
       [80.],
       [80.],
       [80.],
       [80.],
       [80.],
       [80.],
       [80.],
       [80.],
       [80.],
       [80.],
       [80.],
       [80.],
       [80.],
       [80.],
       [80.],
       [80.],
       [80.],
       [80.],
       [80.],
       [80.],
       [80.],
       [80.],
       [80.],
       [80.],
       [80.],
       [80.],
       [80.],
       [80.],
       [80.],
       [80.],
       [80.],
       [80.],
       [80.],
       [80.],
       [80.],
       [80.],
       [80.],
       [80.],
       [80.],
       [80.],
       [80.],
       [80.],
       [80.],
       [80.],
       [80.],
       [80.],
       [80.],
       [80.],
       [80.],
       [80.],
       [80.],
       [80.],
       [80.],
       [80.],
       [80.],
       [80.],
       [80.],
       [80.],
       [80.],
       [80.],
       [80.],
       [80.],
       [80.],
       [80.],
       [80.],
       [80.],
       [80.],
       [80.],
       [80.],
       [80.],
       [80.],
       [80.],
       [80.],
       [80.],
       [80.],
       [80.],
       [80.],
       [80.],
       [80.],
       [80.],
       [80.],
       [80.],
       [80.],
       [80.],
       [80.],
       [80.],
       [80.],
       [80.],
       [80.],
       [80.],
       [80.],
       [80.],
       [80.],
       [80.],
       [80.],
       [80.],
       [80.],
       [80.],
       [80.],
       [80.],
       [80.],
       [80.],
       [80.],
       [80.],
       [80.],
       [80.],
       [80.],
       [80.],
       [80.],
       [80.],
       [80.],
       [80.],
       [80.],
       [80.],
       [80.],
       [80.],
       [80.],
       [80.],
       [80.],
       [80.],
       [80.],
       [80.],
       [80.],
       [80.],
       [80.],
       [80.],
       [80.],
       [80.],
       [80.],
       [80.],
       [80.],
       [80.],
       [80.],
       [80.],
       [80.],
       [80.],
       [80.],
       [80.],
       [80.],
       [80.],
       [80.],
       [80.],
       [80.],
       [80.],
       [80.],
       [80.],
       [80.],
       [80.],
       [80.],
       [80.],
       [80.],
       [80.],
       [80.],
       [80.],
       [80.],
       [80.],
       [80.],
       [80.],
       [80.],
       [80.],
       [80.],
       [80.],
       [80.],
       [80.],
       [80.],
       [80.],
       [80.],
       [80.],
       [80.],
       [80.],
       [80.],
       [80.],
       [80.],
       [80.],
       [80.],
       [80.],
       [80.],
       [80.],
       [80.],
       [80.],
       [80.],
       [80.],
       [80.],
       [80.],
       [80.],
       [80.],
       [80.],
       [80.],
       [80.],
       [80.],
       [80.],
       [80.],
       [80.],
       [80.],
       [80.],
       [80.],
       [80.],
       [80.],
       [80.],
       [80.],
       [80.],
       [80.],
       [80.],
       [80.],
       [80.],
       [80.],
       [80.],
       [80.],
       [80.],
       [80.],
       [80.],
       [80.],
       [80.],
       [80.],
       [80.],
       [80.],
       [80.],
       [80.],
       [80.],
       [80.],
       [80.],
       [80.],
       [80.],
       [80.],
       [80.],
       [80.],
       [80.],
       [80.],
       [80.],
       [80.],
       [80.],
       [80.],
       [80.],
       [80.],
       [80.],
       [80.],
       [80.],
       [80.],
       [80.],
       [80.],
       [80.],
       [80.],
       [80.],
       [80.],
       [80.],
       [80.],
       [80.],
       [80.],
       [80.],
       [80.],
       [80.],
       [80.],
       [80.],
       [80.],
       [80.],
       [80.],
       [80.],
       [80.],
       [80.],
       [80.],
       [80.],
       [80.],
       [80.],
       [80.],
       [80.],
       [80.],
       [80.],
       [80.],
       [80.],
       [80.],
       [80.],
       [80.],
       [80.],
       [80.],
       [80.],
       [80.],
       [80.],
       [80.],
       [80.],
       [80.],
       [80.],
       [80.],
       [80.],
       [80.],
       [80.]]), 'dt': 0.01, 'N': 400, 'l': 1e-05}","{'Q': 157.89473684210526, 'gbar': 18.94736842105263, 'T': 10000, 'supervisor': array([[-1.89214982e-17],
       [ 4.44288287e-04],
       [ 8.88576529e-04],
       ...,
       [-1.33286468e-03],
       [-8.88576529e-04],
       [-4.44288287e-04]]), 'BIAS': array([[80.],
       [80.],
       [80.],
       [80.],
       [80.],
       [80.],
       [80.],
       [80.],
       [80.],
       [80.],
       [80.],
       [80.],
       [80.],
       [80.],
       [80.],
       [80.],
       [80.],
       [80.],
       [80.],
       [80.],
       [80.],
       [80.],
       [80.],
       [80.],
       [80.],
       [80.],
       [80.],
       [80.],
       [80.],
       [80.],
       [80.],
       [80.],
       [80.],
       [80.],
       [80.],
       [80.],
       [80.],
       [80.],
       [80.],
       [80.],
       [80.],
       [80.],
       [80.],
       [80.],
       [80.],
       [80.],
       [80.],
       [80.],
       [80.],
       [80.],
       [80.],
       [80.],
       [80.],
       [80.],
       [80.],
       [80.],
       [80.],
       [80.],
       [80.],
       [80.],
       [80.],
       [80.],
       [80.],
       [80.],
       [80.],
       [80.],
       [80.],
       [80.],
       [80.],
       [80.],
       [80.],
       [80.],
       [80.],
       [80.],
       [80.],
       [80.],
       [80.],
       [80.],
       [80.],
       [80.],
       [80.],
       [80.],
       [80.],
       [80.],
       [80.],
       [80.],
       [80.],
       [80.],
       [80.],
       [80.],
       [80.],
       [80.],
       [80.],
       [80.],
       [80.],
       [80.],
       [80.],
       [80.],
       [80.],
       [80.],
       [80.],
       [80.],
       [80.],
       [80.],
       [80.],
       [80.],
       [80.],
       [80.],
       [80.],
       [80.],
       [80.],
       [80.],
       [80.],
       [80.],
       [80.],
       [80.],
       [80.],
       [80.],
       [80.],
       [80.],
       [80.],
       [80.],
       [80.],
       [80.],
       [80.],
       [80.],
       [80.],
       [80.],
       [80.],
       [80.],
       [80.],
       [80.],
       [80.],
       [80.],
       [80.],
       [80.],
       [80.],
       [80.],
       [80.],
       [80.],
       [80.],
       [80.],
       [80.],
       [80.],
       [80.],
       [80.],
       [80.],
       [80.],
       [80.],
       [80.],
       [80.],
       [80.],
       [80.],
       [80.],
       [80.],
       [80.],
       [80.],
       [80.],
       [80.],
       [80.],
       [80.],
       [80.],
       [80.],
       [80.],
       [80.],
       [80.],
       [80.],
       [80.],
       [80.],
       [80.],
       [80.],
       [80.],
       [80.],
       [80.],
       [80.],
       [80.],
       [80.],
       [80.],
       [80.],
       [80.],
       [80.],
       [80.],
       [80.],
       [80.],
       [80.],
       [80.],
       [80.],
       [80.],
       [80.],
       [80.],
       [80.],
       [80.],
       [80.],
       [80.],
       [80.],
       [80.],
       [80.],
       [80.],
       [80.],
       [80.],
       [80.],
       [80.],
       [80.],
       [80.],
       [80.],
       [80.],
       [80.],
       [80.],
       [80.],
       [80.],
       [80.],
       [80.],
       [80.],
       [80.],
       [80.],
       [80.],
       [80.],
       [80.],
       [80.],
       [80.],
       [80.],
       [80.],
       [80.],
       [80.],
       [80.],
       [80.],
       [80.],
       [80.],
       [80.],
       [80.],
       [80.],
       [80.],
       [80.],
       [80.],
       [80.],
       [80.],
       [80.],
       [80.],
       [80.],
       [80.],
       [80.],
       [80.],
       [80.],
       [80.],
       [80.],
       [80.],
       [80.],
       [80.],
       [80.],
       [80.],
       [80.],
       [80.],
       [80.],
       [80.],
       [80.],
       [80.],
       [80.],
       [80.],
       [80.],
       [80.],
       [80.],
       [80.],
       [80.],
       [80.],
       [80.],
       [80.],
       [80.],
       [80.],
       [80.],
       [80.],
       [80.],
       [80.],
       [80.],
       [80.],
       [80.],
       [80.],
       [80.],
       [80.],
       [80.],
       [80.],
       [80.],
       [80.],
       [80.],
       [80.],
       [80.],
       [80.],
       [80.],
       [80.],
       [80.],
       [80.],
       [80.],
       [80.],
       [80.],
       [80.],
       [80.],
       [80.],
       [80.],
       [80.],
       [80.],
       [80.],
       [80.],
       [80.],
       [80.],
       [80.],
       [80.],
       [80.],
       [80.],
       [80.],
       [80.],
       [80.],
       [80.],
       [80.],
       [80.],
       [80.],
       [80.],
       [80.],
       [80.],
       [80.],
       [80.],
       [80.],
       [80.],
       [80.],
       [80.],
       [80.],
       [80.],
       [80.],
       [80.],
       [80.],
       [80.],
       [80.],
       [80.],
       [80.],
       [80.],
       [80.],
       [80.],
       [80.],
       [80.],
       [80.],
       [80.],
       [80.],
       [80.],
       [80.],
       [80.],
       [80.],
       [80.],
       [80.],
       [80.],
       [80.],
       [80.],
       [80.],
       [80.],
       [80.],
       [80.],
       [80.],
       [80.],
       [80.],
       [80.],
       [80.],
       [80.],
       [80.],
       [80.],
       [80.],
       [80.],
       [80.],
       [80.],
       [80.],
       [80.],
       [80.],
       [80.],
       [80.],
       [80.],
       [80.],
       [80.],
       [80.],
       [80.],
       [80.],
       [80.],
       [80.],
       [80.],
       [80.],
       [80.],
       [80.],
       [80.],
       [80.],
       [80.],
       [80.],
       [80.],
       [80.],
       [80.],
       [80.],
       [80.],
       [80.],
       [80.],
       [80.],
       [80.],
       [80.],
       [80.],
       [80.],
       [80.],
       [80.]]), 'dt': 0.01, 'N': 400, 'l': 1e-05}","{'Q': 157.89473684210526, 'gbar': 20.0, 'T': 10000, 'supervisor': array([[-1.89214982e-17],
       [ 4.44288287e-04],
       [ 8.88576529e-04],
       ...,
       [-1.33286468e-03],
       [-8.88576529e-04],
       [-4.44288287e-04]]), 'BIAS': array([[80.],
       [80.],
       [80.],
       [80.],
       [80.],
       [80.],
       [80.],
       [80.],
       [80.],
       [80.],
       [80.],
       [80.],
       [80.],
       [80.],
       [80.],
       [80.],
       [80.],
       [80.],
       [80.],
       [80.],
       [80.],
       [80.],
       [80.],
       [80.],
       [80.],
       [80.],
       [80.],
       [80.],
       [80.],
       [80.],
       [80.],
       [80.],
       [80.],
       [80.],
       [80.],
       [80.],
       [80.],
       [80.],
       [80.],
       [80.],
       [80.],
       [80.],
       [80.],
       [80.],
       [80.],
       [80.],
       [80.],
       [80.],
       [80.],
       [80.],
       [80.],
       [80.],
       [80.],
       [80.],
       [80.],
       [80.],
       [80.],
       [80.],
       [80.],
       [80.],
       [80.],
       [80.],
       [80.],
       [80.],
       [80.],
       [80.],
       [80.],
       [80.],
       [80.],
       [80.],
       [80.],
       [80.],
       [80.],
       [80.],
       [80.],
       [80.],
       [80.],
       [80.],
       [80.],
       [80.],
       [80.],
       [80.],
       [80.],
       [80.],
       [80.],
       [80.],
       [80.],
       [80.],
       [80.],
       [80.],
       [80.],
       [80.],
       [80.],
       [80.],
       [80.],
       [80.],
       [80.],
       [80.],
       [80.],
       [80.],
       [80.],
       [80.],
       [80.],
       [80.],
       [80.],
       [80.],
       [80.],
       [80.],
       [80.],
       [80.],
       [80.],
       [80.],
       [80.],
       [80.],
       [80.],
       [80.],
       [80.],
       [80.],
       [80.],
       [80.],
       [80.],
       [80.],
       [80.],
       [80.],
       [80.],
       [80.],
       [80.],
       [80.],
       [80.],
       [80.],
       [80.],
       [80.],
       [80.],
       [80.],
       [80.],
       [80.],
       [80.],
       [80.],
       [80.],
       [80.],
       [80.],
       [80.],
       [80.],
       [80.],
       [80.],
       [80.],
       [80.],
       [80.],
       [80.],
       [80.],
       [80.],
       [80.],
       [80.],
       [80.],
       [80.],
       [80.],
       [80.],
       [80.],
       [80.],
       [80.],
       [80.],
       [80.],
       [80.],
       [80.],
       [80.],
       [80.],
       [80.],
       [80.],
       [80.],
       [80.],
       [80.],
       [80.],
       [80.],
       [80.],
       [80.],
       [80.],
       [80.],
       [80.],
       [80.],
       [80.],
       [80.],
       [80.],
       [80.],
       [80.],
       [80.],
       [80.],
       [80.],
       [80.],
       [80.],
       [80.],
       [80.],
       [80.],
       [80.],
       [80.],
       [80.],
       [80.],
       [80.],
       [80.],
       [80.],
       [80.],
       [80.],
       [80.],
       [80.],
       [80.],
       [80.],
       [80.],
       [80.],
       [80.],
       [80.],
       [80.],
       [80.],
       [80.],
       [80.],
       [80.],
       [80.],
       [80.],
       [80.],
       [80.],
       [80.],
       [80.],
       [80.],
       [80.],
       [80.],
       [80.],
       [80.],
       [80.],
       [80.],
       [80.],
       [80.],
       [80.],
       [80.],
       [80.],
       [80.],
       [80.],
       [80.],
       [80.],
       [80.],
       [80.],
       [80.],
       [80.],
       [80.],
       [80.],
       [80.],
       [80.],
       [80.],
       [80.],
       [80.],
       [80.],
       [80.],
       [80.],
       [80.],
       [80.],
       [80.],
       [80.],
       [80.],
       [80.],
       [80.],
       [80.],
       [80.],
       [80.],
       [80.],
       [80.],
       [80.],
       [80.],
       [80.],
       [80.],
       [80.],
       [80.],
       [80.],
       [80.],
       [80.],
       [80.],
       [80.],
       [80.],
       [80.],
       [80.],
       [80.],
       [80.],
       [80.],
       [80.],
       [80.],
       [80.],
       [80.],
       [80.],
       [80.],
       [80.],
       [80.],
       [80.],
       [80.],
       [80.],
       [80.],
       [80.],
       [80.],
       [80.],
       [80.],
       [80.],
       [80.],
       [80.],
       [80.],
       [80.],
       [80.],
       [80.],
       [80.],
       [80.],
       [80.],
       [80.],
       [80.],
       [80.],
       [80.],
       [80.],
       [80.],
       [80.],
       [80.],
       [80.],
       [80.],
       [80.],
       [80.],
       [80.],
       [80.],
       [80.],
       [80.],
       [80.],
       [80.],
       [80.],
       [80.],
       [80.],
       [80.],
       [80.],
       [80.],
       [80.],
       [80.],
       [80.],
       [80.],
       [80.],
       [80.],
       [80.],
       [80.],
       [80.],
       [80.],
       [80.],
       [80.],
       [80.],
       [80.],
       [80.],
       [80.],
       [80.],
       [80.],
       [80.],
       [80.],
       [80.],
       [80.],
       [80.],
       [80.],
       [80.],
       [80.],
       [80.],
       [80.],
       [80.],
       [80.],
       [80.],
       [80.],
       [80.],
       [80.],
       [80.],
       [80.],
       [80.],
       [80.],
       [80.],
       [80.],
       [80.],
       [80.],
       [80.],
       [80.],
       [80.],
       [80.],
       [80.],
       [80.],
       [80.],
       [80.],
       [80.],
       [80.],
       [80.],
       [80.],
       [80.],
       [80.],
       [80.],
       [80.],
       [80.],
       [80.],
       [80.],
       [80.],
       [80.],
       [80.],
       [80.],
       [80.],
       [80.],
       [80.],
       [80.],
       [80.],
       [80.]]), 'dt': 0.01, 'N': 400, 'l': 1e-05}"
"{'Q': 184.21052631578945, 'gbar': 0.0, 'T': 10000, 'supervisor': array([[-1.89214982e-17],
       [ 4.44288287e-04],
       [ 8.88576529e-04],
       ...,
       [-1.33286468e-03],
       [-8.88576529e-04],
       [-4.44288287e-04]]), 'BIAS': array([[80.],
       [80.],
       [80.],
       [80.],
       [80.],
       [80.],
       [80.],
       [80.],
       [80.],
       [80.],
       [80.],
       [80.],
       [80.],
       [80.],
       [80.],
       [80.],
       [80.],
       [80.],
       [80.],
       [80.],
       [80.],
       [80.],
       [80.],
       [80.],
       [80.],
       [80.],
       [80.],
       [80.],
       [80.],
       [80.],
       [80.],
       [80.],
       [80.],
       [80.],
       [80.],
       [80.],
       [80.],
       [80.],
       [80.],
       [80.],
       [80.],
       [80.],
       [80.],
       [80.],
       [80.],
       [80.],
       [80.],
       [80.],
       [80.],
       [80.],
       [80.],
       [80.],
       [80.],
       [80.],
       [80.],
       [80.],
       [80.],
       [80.],
       [80.],
       [80.],
       [80.],
       [80.],
       [80.],
       [80.],
       [80.],
       [80.],
       [80.],
       [80.],
       [80.],
       [80.],
       [80.],
       [80.],
       [80.],
       [80.],
       [80.],
       [80.],
       [80.],
       [80.],
       [80.],
       [80.],
       [80.],
       [80.],
       [80.],
       [80.],
       [80.],
       [80.],
       [80.],
       [80.],
       [80.],
       [80.],
       [80.],
       [80.],
       [80.],
       [80.],
       [80.],
       [80.],
       [80.],
       [80.],
       [80.],
       [80.],
       [80.],
       [80.],
       [80.],
       [80.],
       [80.],
       [80.],
       [80.],
       [80.],
       [80.],
       [80.],
       [80.],
       [80.],
       [80.],
       [80.],
       [80.],
       [80.],
       [80.],
       [80.],
       [80.],
       [80.],
       [80.],
       [80.],
       [80.],
       [80.],
       [80.],
       [80.],
       [80.],
       [80.],
       [80.],
       [80.],
       [80.],
       [80.],
       [80.],
       [80.],
       [80.],
       [80.],
       [80.],
       [80.],
       [80.],
       [80.],
       [80.],
       [80.],
       [80.],
       [80.],
       [80.],
       [80.],
       [80.],
       [80.],
       [80.],
       [80.],
       [80.],
       [80.],
       [80.],
       [80.],
       [80.],
       [80.],
       [80.],
       [80.],
       [80.],
       [80.],
       [80.],
       [80.],
       [80.],
       [80.],
       [80.],
       [80.],
       [80.],
       [80.],
       [80.],
       [80.],
       [80.],
       [80.],
       [80.],
       [80.],
       [80.],
       [80.],
       [80.],
       [80.],
       [80.],
       [80.],
       [80.],
       [80.],
       [80.],
       [80.],
       [80.],
       [80.],
       [80.],
       [80.],
       [80.],
       [80.],
       [80.],
       [80.],
       [80.],
       [80.],
       [80.],
       [80.],
       [80.],
       [80.],
       [80.],
       [80.],
       [80.],
       [80.],
       [80.],
       [80.],
       [80.],
       [80.],
       [80.],
       [80.],
       [80.],
       [80.],
       [80.],
       [80.],
       [80.],
       [80.],
       [80.],
       [80.],
       [80.],
       [80.],
       [80.],
       [80.],
       [80.],
       [80.],
       [80.],
       [80.],
       [80.],
       [80.],
       [80.],
       [80.],
       [80.],
       [80.],
       [80.],
       [80.],
       [80.],
       [80.],
       [80.],
       [80.],
       [80.],
       [80.],
       [80.],
       [80.],
       [80.],
       [80.],
       [80.],
       [80.],
       [80.],
       [80.],
       [80.],
       [80.],
       [80.],
       [80.],
       [80.],
       [80.],
       [80.],
       [80.],
       [80.],
       [80.],
       [80.],
       [80.],
       [80.],
       [80.],
       [80.],
       [80.],
       [80.],
       [80.],
       [80.],
       [80.],
       [80.],
       [80.],
       [80.],
       [80.],
       [80.],
       [80.],
       [80.],
       [80.],
       [80.],
       [80.],
       [80.],
       [80.],
       [80.],
       [80.],
       [80.],
       [80.],
       [80.],
       [80.],
       [80.],
       [80.],
       [80.],
       [80.],
       [80.],
       [80.],
       [80.],
       [80.],
       [80.],
       [80.],
       [80.],
       [80.],
       [80.],
       [80.],
       [80.],
       [80.],
       [80.],
       [80.],
       [80.],
       [80.],
       [80.],
       [80.],
       [80.],
       [80.],
       [80.],
       [80.],
       [80.],
       [80.],
       [80.],
       [80.],
       [80.],
       [80.],
       [80.],
       [80.],
       [80.],
       [80.],
       [80.],
       [80.],
       [80.],
       [80.],
       [80.],
       [80.],
       [80.],
       [80.],
       [80.],
       [80.],
       [80.],
       [80.],
       [80.],
       [80.],
       [80.],
       [80.],
       [80.],
       [80.],
       [80.],
       [80.],
       [80.],
       [80.],
       [80.],
       [80.],
       [80.],
       [80.],
       [80.],
       [80.],
       [80.],
       [80.],
       [80.],
       [80.],
       [80.],
       [80.],
       [80.],
       [80.],
       [80.],
       [80.],
       [80.],
       [80.],
       [80.],
       [80.],
       [80.],
       [80.],
       [80.],
       [80.],
       [80.],
       [80.],
       [80.],
       [80.],
       [80.],
       [80.],
       [80.],
       [80.],
       [80.],
       [80.],
       [80.],
       [80.],
       [80.],
       [80.],
       [80.],
       [80.],
       [80.],
       [80.],
       [80.],
       [80.],
       [80.],
       [80.],
       [80.],
       [80.],
       [80.],
       [80.],
       [80.],
       [80.],
       [80.],
       [80.],
       [80.],
       [80.],
       [80.],
       [80.]]), 'dt': 0.01, 'N': 400, 'l': 1e-05}","{'Q': 184.21052631578945, 'gbar': 1.0526315789473684, 'T': 10000, 'supervisor': array([[-1.89214982e-17],
       [ 4.44288287e-04],
       [ 8.88576529e-04],
       ...,
       [-1.33286468e-03],
       [-8.88576529e-04],
       [-4.44288287e-04]]), 'BIAS': array([[80.],
       [80.],
       [80.],
       [80.],
       [80.],
       [80.],
       [80.],
       [80.],
       [80.],
       [80.],
       [80.],
       [80.],
       [80.],
       [80.],
       [80.],
       [80.],
       [80.],
       [80.],
       [80.],
       [80.],
       [80.],
       [80.],
       [80.],
       [80.],
       [80.],
       [80.],
       [80.],
       [80.],
       [80.],
       [80.],
       [80.],
       [80.],
       [80.],
       [80.],
       [80.],
       [80.],
       [80.],
       [80.],
       [80.],
       [80.],
       [80.],
       [80.],
       [80.],
       [80.],
       [80.],
       [80.],
       [80.],
       [80.],
       [80.],
       [80.],
       [80.],
       [80.],
       [80.],
       [80.],
       [80.],
       [80.],
       [80.],
       [80.],
       [80.],
       [80.],
       [80.],
       [80.],
       [80.],
       [80.],
       [80.],
       [80.],
       [80.],
       [80.],
       [80.],
       [80.],
       [80.],
       [80.],
       [80.],
       [80.],
       [80.],
       [80.],
       [80.],
       [80.],
       [80.],
       [80.],
       [80.],
       [80.],
       [80.],
       [80.],
       [80.],
       [80.],
       [80.],
       [80.],
       [80.],
       [80.],
       [80.],
       [80.],
       [80.],
       [80.],
       [80.],
       [80.],
       [80.],
       [80.],
       [80.],
       [80.],
       [80.],
       [80.],
       [80.],
       [80.],
       [80.],
       [80.],
       [80.],
       [80.],
       [80.],
       [80.],
       [80.],
       [80.],
       [80.],
       [80.],
       [80.],
       [80.],
       [80.],
       [80.],
       [80.],
       [80.],
       [80.],
       [80.],
       [80.],
       [80.],
       [80.],
       [80.],
       [80.],
       [80.],
       [80.],
       [80.],
       [80.],
       [80.],
       [80.],
       [80.],
       [80.],
       [80.],
       [80.],
       [80.],
       [80.],
       [80.],
       [80.],
       [80.],
       [80.],
       [80.],
       [80.],
       [80.],
       [80.],
       [80.],
       [80.],
       [80.],
       [80.],
       [80.],
       [80.],
       [80.],
       [80.],
       [80.],
       [80.],
       [80.],
       [80.],
       [80.],
       [80.],
       [80.],
       [80.],
       [80.],
       [80.],
       [80.],
       [80.],
       [80.],
       [80.],
       [80.],
       [80.],
       [80.],
       [80.],
       [80.],
       [80.],
       [80.],
       [80.],
       [80.],
       [80.],
       [80.],
       [80.],
       [80.],
       [80.],
       [80.],
       [80.],
       [80.],
       [80.],
       [80.],
       [80.],
       [80.],
       [80.],
       [80.],
       [80.],
       [80.],
       [80.],
       [80.],
       [80.],
       [80.],
       [80.],
       [80.],
       [80.],
       [80.],
       [80.],
       [80.],
       [80.],
       [80.],
       [80.],
       [80.],
       [80.],
       [80.],
       [80.],
       [80.],
       [80.],
       [80.],
       [80.],
       [80.],
       [80.],
       [80.],
       [80.],
       [80.],
       [80.],
       [80.],
       [80.],
       [80.],
       [80.],
       [80.],
       [80.],
       [80.],
       [80.],
       [80.],
       [80.],
       [80.],
       [80.],
       [80.],
       [80.],
       [80.],
       [80.],
       [80.],
       [80.],
       [80.],
       [80.],
       [80.],
       [80.],
       [80.],
       [80.],
       [80.],
       [80.],
       [80.],
       [80.],
       [80.],
       [80.],
       [80.],
       [80.],
       [80.],
       [80.],
       [80.],
       [80.],
       [80.],
       [80.],
       [80.],
       [80.],
       [80.],
       [80.],
       [80.],
       [80.],
       [80.],
       [80.],
       [80.],
       [80.],
       [80.],
       [80.],
       [80.],
       [80.],
       [80.],
       [80.],
       [80.],
       [80.],
       [80.],
       [80.],
       [80.],
       [80.],
       [80.],
       [80.],
       [80.],
       [80.],
       [80.],
       [80.],
       [80.],
       [80.],
       [80.],
       [80.],
       [80.],
       [80.],
       [80.],
       [80.],
       [80.],
       [80.],
       [80.],
       [80.],
       [80.],
       [80.],
       [80.],
       [80.],
       [80.],
       [80.],
       [80.],
       [80.],
       [80.],
       [80.],
       [80.],
       [80.],
       [80.],
       [80.],
       [80.],
       [80.],
       [80.],
       [80.],
       [80.],
       [80.],
       [80.],
       [80.],
       [80.],
       [80.],
       [80.],
       [80.],
       [80.],
       [80.],
       [80.],
       [80.],
       [80.],
       [80.],
       [80.],
       [80.],
       [80.],
       [80.],
       [80.],
       [80.],
       [80.],
       [80.],
       [80.],
       [80.],
       [80.],
       [80.],
       [80.],
       [80.],
       [80.],
       [80.],
       [80.],
       [80.],
       [80.],
       [80.],
       [80.],
       [80.],
       [80.],
       [80.],
       [80.],
       [80.],
       [80.],
       [80.],
       [80.],
       [80.],
       [80.],
       [80.],
       [80.],
       [80.],
       [80.],
       [80.],
       [80.],
       [80.],
       [80.],
       [80.],
       [80.],
       [80.],
       [80.],
       [80.],
       [80.],
       [80.],
       [80.],
       [80.],
       [80.],
       [80.],
       [80.],
       [80.],
       [80.],
       [80.],
       [80.],
       [80.],
       [80.],
       [80.],
       [80.],
       [80.],
       [80.],
       [80.],
       [80.],
       [80.],
       [80.],
       [80.],
       [80.],
       [80.],
       [80.]]), 'dt': 0.01, 'N': 400, 'l': 1e-05}","{'Q': 184.21052631578945, 'gbar': 2.1052631578947367, 'T': 10000, 'supervisor': array([[-1.89214982e-17],
       [ 4.44288287e-04],
       [ 8.88576529e-04],
       ...,
       [-1.33286468e-03],
       [-8.88576529e-04],
       [-4.44288287e-04]]), 'BIAS': array([[80.],
       [80.],
       [80.],
       [80.],
       [80.],
       [80.],
       [80.],
       [80.],
       [80.],
       [80.],
       [80.],
       [80.],
       [80.],
       [80.],
       [80.],
       [80.],
       [80.],
       [80.],
       [80.],
       [80.],
       [80.],
       [80.],
       [80.],
       [80.],
       [80.],
       [80.],
       [80.],
       [80.],
       [80.],
       [80.],
       [80.],
       [80.],
       [80.],
       [80.],
       [80.],
       [80.],
       [80.],
       [80.],
       [80.],
       [80.],
       [80.],
       [80.],
       [80.],
       [80.],
       [80.],
       [80.],
       [80.],
       [80.],
       [80.],
       [80.],
       [80.],
       [80.],
       [80.],
       [80.],
       [80.],
       [80.],
       [80.],
       [80.],
       [80.],
       [80.],
       [80.],
       [80.],
       [80.],
       [80.],
       [80.],
       [80.],
       [80.],
       [80.],
       [80.],
       [80.],
       [80.],
       [80.],
       [80.],
       [80.],
       [80.],
       [80.],
       [80.],
       [80.],
       [80.],
       [80.],
       [80.],
       [80.],
       [80.],
       [80.],
       [80.],
       [80.],
       [80.],
       [80.],
       [80.],
       [80.],
       [80.],
       [80.],
       [80.],
       [80.],
       [80.],
       [80.],
       [80.],
       [80.],
       [80.],
       [80.],
       [80.],
       [80.],
       [80.],
       [80.],
       [80.],
       [80.],
       [80.],
       [80.],
       [80.],
       [80.],
       [80.],
       [80.],
       [80.],
       [80.],
       [80.],
       [80.],
       [80.],
       [80.],
       [80.],
       [80.],
       [80.],
       [80.],
       [80.],
       [80.],
       [80.],
       [80.],
       [80.],
       [80.],
       [80.],
       [80.],
       [80.],
       [80.],
       [80.],
       [80.],
       [80.],
       [80.],
       [80.],
       [80.],
       [80.],
       [80.],
       [80.],
       [80.],
       [80.],
       [80.],
       [80.],
       [80.],
       [80.],
       [80.],
       [80.],
       [80.],
       [80.],
       [80.],
       [80.],
       [80.],
       [80.],
       [80.],
       [80.],
       [80.],
       [80.],
       [80.],
       [80.],
       [80.],
       [80.],
       [80.],
       [80.],
       [80.],
       [80.],
       [80.],
       [80.],
       [80.],
       [80.],
       [80.],
       [80.],
       [80.],
       [80.],
       [80.],
       [80.],
       [80.],
       [80.],
       [80.],
       [80.],
       [80.],
       [80.],
       [80.],
       [80.],
       [80.],
       [80.],
       [80.],
       [80.],
       [80.],
       [80.],
       [80.],
       [80.],
       [80.],
       [80.],
       [80.],
       [80.],
       [80.],
       [80.],
       [80.],
       [80.],
       [80.],
       [80.],
       [80.],
       [80.],
       [80.],
       [80.],
       [80.],
       [80.],
       [80.],
       [80.],
       [80.],
       [80.],
       [80.],
       [80.],
       [80.],
       [80.],
       [80.],
       [80.],
       [80.],
       [80.],
       [80.],
       [80.],
       [80.],
       [80.],
       [80.],
       [80.],
       [80.],
       [80.],
       [80.],
       [80.],
       [80.],
       [80.],
       [80.],
       [80.],
       [80.],
       [80.],
       [80.],
       [80.],
       [80.],
       [80.],
       [80.],
       [80.],
       [80.],
       [80.],
       [80.],
       [80.],
       [80.],
       [80.],
       [80.],
       [80.],
       [80.],
       [80.],
       [80.],
       [80.],
       [80.],
       [80.],
       [80.],
       [80.],
       [80.],
       [80.],
       [80.],
       [80.],
       [80.],
       [80.],
       [80.],
       [80.],
       [80.],
       [80.],
       [80.],
       [80.],
       [80.],
       [80.],
       [80.],
       [80.],
       [80.],
       [80.],
       [80.],
       [80.],
       [80.],
       [80.],
       [80.],
       [80.],
       [80.],
       [80.],
       [80.],
       [80.],
       [80.],
       [80.],
       [80.],
       [80.],
       [80.],
       [80.],
       [80.],
       [80.],
       [80.],
       [80.],
       [80.],
       [80.],
       [80.],
       [80.],
       [80.],
       [80.],
       [80.],
       [80.],
       [80.],
       [80.],
       [80.],
       [80.],
       [80.],
       [80.],
       [80.],
       [80.],
       [80.],
       [80.],
       [80.],
       [80.],
       [80.],
       [80.],
       [80.],
       [80.],
       [80.],
       [80.],
       [80.],
       [80.],
       [80.],
       [80.],
       [80.],
       [80.],
       [80.],
       [80.],
       [80.],
       [80.],
       [80.],
       [80.],
       [80.],
       [80.],
       [80.],
       [80.],
       [80.],
       [80.],
       [80.],
       [80.],
       [80.],
       [80.],
       [80.],
       [80.],
       [80.],
       [80.],
       [80.],
       [80.],
       [80.],
       [80.],
       [80.],
       [80.],
       [80.],
       [80.],
       [80.],
       [80.],
       [80.],
       [80.],
       [80.],
       [80.],
       [80.],
       [80.],
       [80.],
       [80.],
       [80.],
       [80.],
       [80.],
       [80.],
       [80.],
       [80.],
       [80.],
       [80.],
       [80.],
       [80.],
       [80.],
       [80.],
       [80.],
       [80.],
       [80.],
       [80.],
       [80.],
       [80.],
       [80.],
       [80.],
       [80.],
       [80.],
       [80.],
       [80.],
       [80.],
       [80.],
       [80.],
       [80.],
       [80.],
       [80.],
       [80.],
       [80.],
       [80.]]), 'dt': 0.01, 'N': 400, 'l': 1e-05}","{'Q': 184.21052631578945, 'gbar': 3.1578947368421053, 'T': 10000, 'supervisor': array([[-1.89214982e-17],
       [ 4.44288287e-04],
       [ 8.88576529e-04],
       ...,
       [-1.33286468e-03],
       [-8.88576529e-04],
       [-4.44288287e-04]]), 'BIAS': array([[80.],
       [80.],
       [80.],
       [80.],
       [80.],
       [80.],
       [80.],
       [80.],
       [80.],
       [80.],
       [80.],
       [80.],
       [80.],
       [80.],
       [80.],
       [80.],
       [80.],
       [80.],
       [80.],
       [80.],
       [80.],
       [80.],
       [80.],
       [80.],
       [80.],
       [80.],
       [80.],
       [80.],
       [80.],
       [80.],
       [80.],
       [80.],
       [80.],
       [80.],
       [80.],
       [80.],
       [80.],
       [80.],
       [80.],
       [80.],
       [80.],
       [80.],
       [80.],
       [80.],
       [80.],
       [80.],
       [80.],
       [80.],
       [80.],
       [80.],
       [80.],
       [80.],
       [80.],
       [80.],
       [80.],
       [80.],
       [80.],
       [80.],
       [80.],
       [80.],
       [80.],
       [80.],
       [80.],
       [80.],
       [80.],
       [80.],
       [80.],
       [80.],
       [80.],
       [80.],
       [80.],
       [80.],
       [80.],
       [80.],
       [80.],
       [80.],
       [80.],
       [80.],
       [80.],
       [80.],
       [80.],
       [80.],
       [80.],
       [80.],
       [80.],
       [80.],
       [80.],
       [80.],
       [80.],
       [80.],
       [80.],
       [80.],
       [80.],
       [80.],
       [80.],
       [80.],
       [80.],
       [80.],
       [80.],
       [80.],
       [80.],
       [80.],
       [80.],
       [80.],
       [80.],
       [80.],
       [80.],
       [80.],
       [80.],
       [80.],
       [80.],
       [80.],
       [80.],
       [80.],
       [80.],
       [80.],
       [80.],
       [80.],
       [80.],
       [80.],
       [80.],
       [80.],
       [80.],
       [80.],
       [80.],
       [80.],
       [80.],
       [80.],
       [80.],
       [80.],
       [80.],
       [80.],
       [80.],
       [80.],
       [80.],
       [80.],
       [80.],
       [80.],
       [80.],
       [80.],
       [80.],
       [80.],
       [80.],
       [80.],
       [80.],
       [80.],
       [80.],
       [80.],
       [80.],
       [80.],
       [80.],
       [80.],
       [80.],
       [80.],
       [80.],
       [80.],
       [80.],
       [80.],
       [80.],
       [80.],
       [80.],
       [80.],
       [80.],
       [80.],
       [80.],
       [80.],
       [80.],
       [80.],
       [80.],
       [80.],
       [80.],
       [80.],
       [80.],
       [80.],
       [80.],
       [80.],
       [80.],
       [80.],
       [80.],
       [80.],
       [80.],
       [80.],
       [80.],
       [80.],
       [80.],
       [80.],
       [80.],
       [80.],
       [80.],
       [80.],
       [80.],
       [80.],
       [80.],
       [80.],
       [80.],
       [80.],
       [80.],
       [80.],
       [80.],
       [80.],
       [80.],
       [80.],
       [80.],
       [80.],
       [80.],
       [80.],
       [80.],
       [80.],
       [80.],
       [80.],
       [80.],
       [80.],
       [80.],
       [80.],
       [80.],
       [80.],
       [80.],
       [80.],
       [80.],
       [80.],
       [80.],
       [80.],
       [80.],
       [80.],
       [80.],
       [80.],
       [80.],
       [80.],
       [80.],
       [80.],
       [80.],
       [80.],
       [80.],
       [80.],
       [80.],
       [80.],
       [80.],
       [80.],
       [80.],
       [80.],
       [80.],
       [80.],
       [80.],
       [80.],
       [80.],
       [80.],
       [80.],
       [80.],
       [80.],
       [80.],
       [80.],
       [80.],
       [80.],
       [80.],
       [80.],
       [80.],
       [80.],
       [80.],
       [80.],
       [80.],
       [80.],
       [80.],
       [80.],
       [80.],
       [80.],
       [80.],
       [80.],
       [80.],
       [80.],
       [80.],
       [80.],
       [80.],
       [80.],
       [80.],
       [80.],
       [80.],
       [80.],
       [80.],
       [80.],
       [80.],
       [80.],
       [80.],
       [80.],
       [80.],
       [80.],
       [80.],
       [80.],
       [80.],
       [80.],
       [80.],
       [80.],
       [80.],
       [80.],
       [80.],
       [80.],
       [80.],
       [80.],
       [80.],
       [80.],
       [80.],
       [80.],
       [80.],
       [80.],
       [80.],
       [80.],
       [80.],
       [80.],
       [80.],
       [80.],
       [80.],
       [80.],
       [80.],
       [80.],
       [80.],
       [80.],
       [80.],
       [80.],
       [80.],
       [80.],
       [80.],
       [80.],
       [80.],
       [80.],
       [80.],
       [80.],
       [80.],
       [80.],
       [80.],
       [80.],
       [80.],
       [80.],
       [80.],
       [80.],
       [80.],
       [80.],
       [80.],
       [80.],
       [80.],
       [80.],
       [80.],
       [80.],
       [80.],
       [80.],
       [80.],
       [80.],
       [80.],
       [80.],
       [80.],
       [80.],
       [80.],
       [80.],
       [80.],
       [80.],
       [80.],
       [80.],
       [80.],
       [80.],
       [80.],
       [80.],
       [80.],
       [80.],
       [80.],
       [80.],
       [80.],
       [80.],
       [80.],
       [80.],
       [80.],
       [80.],
       [80.],
       [80.],
       [80.],
       [80.],
       [80.],
       [80.],
       [80.],
       [80.],
       [80.],
       [80.],
       [80.],
       [80.],
       [80.],
       [80.],
       [80.],
       [80.],
       [80.],
       [80.],
       [80.],
       [80.],
       [80.],
       [80.],
       [80.],
       [80.],
       [80.],
       [80.],
       [80.],
       [80.],
       [80.],
       [80.],
       [80.]]), 'dt': 0.01, 'N': 400, 'l': 1e-05}","{'Q': 184.21052631578945, 'gbar': 4.2105263157894735, 'T': 10000, 'supervisor': array([[-1.89214982e-17],
       [ 4.44288287e-04],
       [ 8.88576529e-04],
       ...,
       [-1.33286468e-03],
       [-8.88576529e-04],
       [-4.44288287e-04]]), 'BIAS': array([[80.],
       [80.],
       [80.],
       [80.],
       [80.],
       [80.],
       [80.],
       [80.],
       [80.],
       [80.],
       [80.],
       [80.],
       [80.],
       [80.],
       [80.],
       [80.],
       [80.],
       [80.],
       [80.],
       [80.],
       [80.],
       [80.],
       [80.],
       [80.],
       [80.],
       [80.],
       [80.],
       [80.],
       [80.],
       [80.],
       [80.],
       [80.],
       [80.],
       [80.],
       [80.],
       [80.],
       [80.],
       [80.],
       [80.],
       [80.],
       [80.],
       [80.],
       [80.],
       [80.],
       [80.],
       [80.],
       [80.],
       [80.],
       [80.],
       [80.],
       [80.],
       [80.],
       [80.],
       [80.],
       [80.],
       [80.],
       [80.],
       [80.],
       [80.],
       [80.],
       [80.],
       [80.],
       [80.],
       [80.],
       [80.],
       [80.],
       [80.],
       [80.],
       [80.],
       [80.],
       [80.],
       [80.],
       [80.],
       [80.],
       [80.],
       [80.],
       [80.],
       [80.],
       [80.],
       [80.],
       [80.],
       [80.],
       [80.],
       [80.],
       [80.],
       [80.],
       [80.],
       [80.],
       [80.],
       [80.],
       [80.],
       [80.],
       [80.],
       [80.],
       [80.],
       [80.],
       [80.],
       [80.],
       [80.],
       [80.],
       [80.],
       [80.],
       [80.],
       [80.],
       [80.],
       [80.],
       [80.],
       [80.],
       [80.],
       [80.],
       [80.],
       [80.],
       [80.],
       [80.],
       [80.],
       [80.],
       [80.],
       [80.],
       [80.],
       [80.],
       [80.],
       [80.],
       [80.],
       [80.],
       [80.],
       [80.],
       [80.],
       [80.],
       [80.],
       [80.],
       [80.],
       [80.],
       [80.],
       [80.],
       [80.],
       [80.],
       [80.],
       [80.],
       [80.],
       [80.],
       [80.],
       [80.],
       [80.],
       [80.],
       [80.],
       [80.],
       [80.],
       [80.],
       [80.],
       [80.],
       [80.],
       [80.],
       [80.],
       [80.],
       [80.],
       [80.],
       [80.],
       [80.],
       [80.],
       [80.],
       [80.],
       [80.],
       [80.],
       [80.],
       [80.],
       [80.],
       [80.],
       [80.],
       [80.],
       [80.],
       [80.],
       [80.],
       [80.],
       [80.],
       [80.],
       [80.],
       [80.],
       [80.],
       [80.],
       [80.],
       [80.],
       [80.],
       [80.],
       [80.],
       [80.],
       [80.],
       [80.],
       [80.],
       [80.],
       [80.],
       [80.],
       [80.],
       [80.],
       [80.],
       [80.],
       [80.],
       [80.],
       [80.],
       [80.],
       [80.],
       [80.],
       [80.],
       [80.],
       [80.],
       [80.],
       [80.],
       [80.],
       [80.],
       [80.],
       [80.],
       [80.],
       [80.],
       [80.],
       [80.],
       [80.],
       [80.],
       [80.],
       [80.],
       [80.],
       [80.],
       [80.],
       [80.],
       [80.],
       [80.],
       [80.],
       [80.],
       [80.],
       [80.],
       [80.],
       [80.],
       [80.],
       [80.],
       [80.],
       [80.],
       [80.],
       [80.],
       [80.],
       [80.],
       [80.],
       [80.],
       [80.],
       [80.],
       [80.],
       [80.],
       [80.],
       [80.],
       [80.],
       [80.],
       [80.],
       [80.],
       [80.],
       [80.],
       [80.],
       [80.],
       [80.],
       [80.],
       [80.],
       [80.],
       [80.],
       [80.],
       [80.],
       [80.],
       [80.],
       [80.],
       [80.],
       [80.],
       [80.],
       [80.],
       [80.],
       [80.],
       [80.],
       [80.],
       [80.],
       [80.],
       [80.],
       [80.],
       [80.],
       [80.],
       [80.],
       [80.],
       [80.],
       [80.],
       [80.],
       [80.],
       [80.],
       [80.],
       [80.],
       [80.],
       [80.],
       [80.],
       [80.],
       [80.],
       [80.],
       [80.],
       [80.],
       [80.],
       [80.],
       [80.],
       [80.],
       [80.],
       [80.],
       [80.],
       [80.],
       [80.],
       [80.],
       [80.],
       [80.],
       [80.],
       [80.],
       [80.],
       [80.],
       [80.],
       [80.],
       [80.],
       [80.],
       [80.],
       [80.],
       [80.],
       [80.],
       [80.],
       [80.],
       [80.],
       [80.],
       [80.],
       [80.],
       [80.],
       [80.],
       [80.],
       [80.],
       [80.],
       [80.],
       [80.],
       [80.],
       [80.],
       [80.],
       [80.],
       [80.],
       [80.],
       [80.],
       [80.],
       [80.],
       [80.],
       [80.],
       [80.],
       [80.],
       [80.],
       [80.],
       [80.],
       [80.],
       [80.],
       [80.],
       [80.],
       [80.],
       [80.],
       [80.],
       [80.],
       [80.],
       [80.],
       [80.],
       [80.],
       [80.],
       [80.],
       [80.],
       [80.],
       [80.],
       [80.],
       [80.],
       [80.],
       [80.],
       [80.],
       [80.],
       [80.],
       [80.],
       [80.],
       [80.],
       [80.],
       [80.],
       [80.],
       [80.],
       [80.],
       [80.],
       [80.],
       [80.],
       [80.],
       [80.],
       [80.],
       [80.],
       [80.],
       [80.],
       [80.],
       [80.],
       [80.],
       [80.],
       [80.],
       [80.],
       [80.],
       [80.],
       [80.],
       [80.],
       [80.]]), 'dt': 0.01, 'N': 400, 'l': 1e-05}","{'Q': 184.21052631578945, 'gbar': 5.263157894736842, 'T': 10000, 'supervisor': array([[-1.89214982e-17],
       [ 4.44288287e-04],
       [ 8.88576529e-04],
       ...,
       [-1.33286468e-03],
       [-8.88576529e-04],
       [-4.44288287e-04]]), 'BIAS': array([[80.],
       [80.],
       [80.],
       [80.],
       [80.],
       [80.],
       [80.],
       [80.],
       [80.],
       [80.],
       [80.],
       [80.],
       [80.],
       [80.],
       [80.],
       [80.],
       [80.],
       [80.],
       [80.],
       [80.],
       [80.],
       [80.],
       [80.],
       [80.],
       [80.],
       [80.],
       [80.],
       [80.],
       [80.],
       [80.],
       [80.],
       [80.],
       [80.],
       [80.],
       [80.],
       [80.],
       [80.],
       [80.],
       [80.],
       [80.],
       [80.],
       [80.],
       [80.],
       [80.],
       [80.],
       [80.],
       [80.],
       [80.],
       [80.],
       [80.],
       [80.],
       [80.],
       [80.],
       [80.],
       [80.],
       [80.],
       [80.],
       [80.],
       [80.],
       [80.],
       [80.],
       [80.],
       [80.],
       [80.],
       [80.],
       [80.],
       [80.],
       [80.],
       [80.],
       [80.],
       [80.],
       [80.],
       [80.],
       [80.],
       [80.],
       [80.],
       [80.],
       [80.],
       [80.],
       [80.],
       [80.],
       [80.],
       [80.],
       [80.],
       [80.],
       [80.],
       [80.],
       [80.],
       [80.],
       [80.],
       [80.],
       [80.],
       [80.],
       [80.],
       [80.],
       [80.],
       [80.],
       [80.],
       [80.],
       [80.],
       [80.],
       [80.],
       [80.],
       [80.],
       [80.],
       [80.],
       [80.],
       [80.],
       [80.],
       [80.],
       [80.],
       [80.],
       [80.],
       [80.],
       [80.],
       [80.],
       [80.],
       [80.],
       [80.],
       [80.],
       [80.],
       [80.],
       [80.],
       [80.],
       [80.],
       [80.],
       [80.],
       [80.],
       [80.],
       [80.],
       [80.],
       [80.],
       [80.],
       [80.],
       [80.],
       [80.],
       [80.],
       [80.],
       [80.],
       [80.],
       [80.],
       [80.],
       [80.],
       [80.],
       [80.],
       [80.],
       [80.],
       [80.],
       [80.],
       [80.],
       [80.],
       [80.],
       [80.],
       [80.],
       [80.],
       [80.],
       [80.],
       [80.],
       [80.],
       [80.],
       [80.],
       [80.],
       [80.],
       [80.],
       [80.],
       [80.],
       [80.],
       [80.],
       [80.],
       [80.],
       [80.],
       [80.],
       [80.],
       [80.],
       [80.],
       [80.],
       [80.],
       [80.],
       [80.],
       [80.],
       [80.],
       [80.],
       [80.],
       [80.],
       [80.],
       [80.],
       [80.],
       [80.],
       [80.],
       [80.],
       [80.],
       [80.],
       [80.],
       [80.],
       [80.],
       [80.],
       [80.],
       [80.],
       [80.],
       [80.],
       [80.],
       [80.],
       [80.],
       [80.],
       [80.],
       [80.],
       [80.],
       [80.],
       [80.],
       [80.],
       [80.],
       [80.],
       [80.],
       [80.],
       [80.],
       [80.],
       [80.],
       [80.],
       [80.],
       [80.],
       [80.],
       [80.],
       [80.],
       [80.],
       [80.],
       [80.],
       [80.],
       [80.],
       [80.],
       [80.],
       [80.],
       [80.],
       [80.],
       [80.],
       [80.],
       [80.],
       [80.],
       [80.],
       [80.],
       [80.],
       [80.],
       [80.],
       [80.],
       [80.],
       [80.],
       [80.],
       [80.],
       [80.],
       [80.],
       [80.],
       [80.],
       [80.],
       [80.],
       [80.],
       [80.],
       [80.],
       [80.],
       [80.],
       [80.],
       [80.],
       [80.],
       [80.],
       [80.],
       [80.],
       [80.],
       [80.],
       [80.],
       [80.],
       [80.],
       [80.],
       [80.],
       [80.],
       [80.],
       [80.],
       [80.],
       [80.],
       [80.],
       [80.],
       [80.],
       [80.],
       [80.],
       [80.],
       [80.],
       [80.],
       [80.],
       [80.],
       [80.],
       [80.],
       [80.],
       [80.],
       [80.],
       [80.],
       [80.],
       [80.],
       [80.],
       [80.],
       [80.],
       [80.],
       [80.],
       [80.],
       [80.],
       [80.],
       [80.],
       [80.],
       [80.],
       [80.],
       [80.],
       [80.],
       [80.],
       [80.],
       [80.],
       [80.],
       [80.],
       [80.],
       [80.],
       [80.],
       [80.],
       [80.],
       [80.],
       [80.],
       [80.],
       [80.],
       [80.],
       [80.],
       [80.],
       [80.],
       [80.],
       [80.],
       [80.],
       [80.],
       [80.],
       [80.],
       [80.],
       [80.],
       [80.],
       [80.],
       [80.],
       [80.],
       [80.],
       [80.],
       [80.],
       [80.],
       [80.],
       [80.],
       [80.],
       [80.],
       [80.],
       [80.],
       [80.],
       [80.],
       [80.],
       [80.],
       [80.],
       [80.],
       [80.],
       [80.],
       [80.],
       [80.],
       [80.],
       [80.],
       [80.],
       [80.],
       [80.],
       [80.],
       [80.],
       [80.],
       [80.],
       [80.],
       [80.],
       [80.],
       [80.],
       [80.],
       [80.],
       [80.],
       [80.],
       [80.],
       [80.],
       [80.],
       [80.],
       [80.],
       [80.],
       [80.],
       [80.],
       [80.],
       [80.],
       [80.],
       [80.],
       [80.],
       [80.],
       [80.],
       [80.],
       [80.],
       [80.],
       [80.],
       [80.],
       [80.],
       [80.],
       [80.],
       [80.],
       [80.]]), 'dt': 0.01, 'N': 400, 'l': 1e-05}","{'Q': 184.21052631578945, 'gbar': 6.315789473684211, 'T': 10000, 'supervisor': array([[-1.89214982e-17],
       [ 4.44288287e-04],
       [ 8.88576529e-04],
       ...,
       [-1.33286468e-03],
       [-8.88576529e-04],
       [-4.44288287e-04]]), 'BIAS': array([[80.],
       [80.],
       [80.],
       [80.],
       [80.],
       [80.],
       [80.],
       [80.],
       [80.],
       [80.],
       [80.],
       [80.],
       [80.],
       [80.],
       [80.],
       [80.],
       [80.],
       [80.],
       [80.],
       [80.],
       [80.],
       [80.],
       [80.],
       [80.],
       [80.],
       [80.],
       [80.],
       [80.],
       [80.],
       [80.],
       [80.],
       [80.],
       [80.],
       [80.],
       [80.],
       [80.],
       [80.],
       [80.],
       [80.],
       [80.],
       [80.],
       [80.],
       [80.],
       [80.],
       [80.],
       [80.],
       [80.],
       [80.],
       [80.],
       [80.],
       [80.],
       [80.],
       [80.],
       [80.],
       [80.],
       [80.],
       [80.],
       [80.],
       [80.],
       [80.],
       [80.],
       [80.],
       [80.],
       [80.],
       [80.],
       [80.],
       [80.],
       [80.],
       [80.],
       [80.],
       [80.],
       [80.],
       [80.],
       [80.],
       [80.],
       [80.],
       [80.],
       [80.],
       [80.],
       [80.],
       [80.],
       [80.],
       [80.],
       [80.],
       [80.],
       [80.],
       [80.],
       [80.],
       [80.],
       [80.],
       [80.],
       [80.],
       [80.],
       [80.],
       [80.],
       [80.],
       [80.],
       [80.],
       [80.],
       [80.],
       [80.],
       [80.],
       [80.],
       [80.],
       [80.],
       [80.],
       [80.],
       [80.],
       [80.],
       [80.],
       [80.],
       [80.],
       [80.],
       [80.],
       [80.],
       [80.],
       [80.],
       [80.],
       [80.],
       [80.],
       [80.],
       [80.],
       [80.],
       [80.],
       [80.],
       [80.],
       [80.],
       [80.],
       [80.],
       [80.],
       [80.],
       [80.],
       [80.],
       [80.],
       [80.],
       [80.],
       [80.],
       [80.],
       [80.],
       [80.],
       [80.],
       [80.],
       [80.],
       [80.],
       [80.],
       [80.],
       [80.],
       [80.],
       [80.],
       [80.],
       [80.],
       [80.],
       [80.],
       [80.],
       [80.],
       [80.],
       [80.],
       [80.],
       [80.],
       [80.],
       [80.],
       [80.],
       [80.],
       [80.],
       [80.],
       [80.],
       [80.],
       [80.],
       [80.],
       [80.],
       [80.],
       [80.],
       [80.],
       [80.],
       [80.],
       [80.],
       [80.],
       [80.],
       [80.],
       [80.],
       [80.],
       [80.],
       [80.],
       [80.],
       [80.],
       [80.],
       [80.],
       [80.],
       [80.],
       [80.],
       [80.],
       [80.],
       [80.],
       [80.],
       [80.],
       [80.],
       [80.],
       [80.],
       [80.],
       [80.],
       [80.],
       [80.],
       [80.],
       [80.],
       [80.],
       [80.],
       [80.],
       [80.],
       [80.],
       [80.],
       [80.],
       [80.],
       [80.],
       [80.],
       [80.],
       [80.],
       [80.],
       [80.],
       [80.],
       [80.],
       [80.],
       [80.],
       [80.],
       [80.],
       [80.],
       [80.],
       [80.],
       [80.],
       [80.],
       [80.],
       [80.],
       [80.],
       [80.],
       [80.],
       [80.],
       [80.],
       [80.],
       [80.],
       [80.],
       [80.],
       [80.],
       [80.],
       [80.],
       [80.],
       [80.],
       [80.],
       [80.],
       [80.],
       [80.],
       [80.],
       [80.],
       [80.],
       [80.],
       [80.],
       [80.],
       [80.],
       [80.],
       [80.],
       [80.],
       [80.],
       [80.],
       [80.],
       [80.],
       [80.],
       [80.],
       [80.],
       [80.],
       [80.],
       [80.],
       [80.],
       [80.],
       [80.],
       [80.],
       [80.],
       [80.],
       [80.],
       [80.],
       [80.],
       [80.],
       [80.],
       [80.],
       [80.],
       [80.],
       [80.],
       [80.],
       [80.],
       [80.],
       [80.],
       [80.],
       [80.],
       [80.],
       [80.],
       [80.],
       [80.],
       [80.],
       [80.],
       [80.],
       [80.],
       [80.],
       [80.],
       [80.],
       [80.],
       [80.],
       [80.],
       [80.],
       [80.],
       [80.],
       [80.],
       [80.],
       [80.],
       [80.],
       [80.],
       [80.],
       [80.],
       [80.],
       [80.],
       [80.],
       [80.],
       [80.],
       [80.],
       [80.],
       [80.],
       [80.],
       [80.],
       [80.],
       [80.],
       [80.],
       [80.],
       [80.],
       [80.],
       [80.],
       [80.],
       [80.],
       [80.],
       [80.],
       [80.],
       [80.],
       [80.],
       [80.],
       [80.],
       [80.],
       [80.],
       [80.],
       [80.],
       [80.],
       [80.],
       [80.],
       [80.],
       [80.],
       [80.],
       [80.],
       [80.],
       [80.],
       [80.],
       [80.],
       [80.],
       [80.],
       [80.],
       [80.],
       [80.],
       [80.],
       [80.],
       [80.],
       [80.],
       [80.],
       [80.],
       [80.],
       [80.],
       [80.],
       [80.],
       [80.],
       [80.],
       [80.],
       [80.],
       [80.],
       [80.],
       [80.],
       [80.],
       [80.],
       [80.],
       [80.],
       [80.],
       [80.],
       [80.],
       [80.],
       [80.],
       [80.],
       [80.],
       [80.],
       [80.],
       [80.],
       [80.],
       [80.],
       [80.],
       [80.],
       [80.],
       [80.],
       [80.],
       [80.],
       [80.]]), 'dt': 0.01, 'N': 400, 'l': 1e-05}","{'Q': 184.21052631578945, 'gbar': 7.368421052631579, 'T': 10000, 'supervisor': array([[-1.89214982e-17],
       [ 4.44288287e-04],
       [ 8.88576529e-04],
       ...,
       [-1.33286468e-03],
       [-8.88576529e-04],
       [-4.44288287e-04]]), 'BIAS': array([[80.],
       [80.],
       [80.],
       [80.],
       [80.],
       [80.],
       [80.],
       [80.],
       [80.],
       [80.],
       [80.],
       [80.],
       [80.],
       [80.],
       [80.],
       [80.],
       [80.],
       [80.],
       [80.],
       [80.],
       [80.],
       [80.],
       [80.],
       [80.],
       [80.],
       [80.],
       [80.],
       [80.],
       [80.],
       [80.],
       [80.],
       [80.],
       [80.],
       [80.],
       [80.],
       [80.],
       [80.],
       [80.],
       [80.],
       [80.],
       [80.],
       [80.],
       [80.],
       [80.],
       [80.],
       [80.],
       [80.],
       [80.],
       [80.],
       [80.],
       [80.],
       [80.],
       [80.],
       [80.],
       [80.],
       [80.],
       [80.],
       [80.],
       [80.],
       [80.],
       [80.],
       [80.],
       [80.],
       [80.],
       [80.],
       [80.],
       [80.],
       [80.],
       [80.],
       [80.],
       [80.],
       [80.],
       [80.],
       [80.],
       [80.],
       [80.],
       [80.],
       [80.],
       [80.],
       [80.],
       [80.],
       [80.],
       [80.],
       [80.],
       [80.],
       [80.],
       [80.],
       [80.],
       [80.],
       [80.],
       [80.],
       [80.],
       [80.],
       [80.],
       [80.],
       [80.],
       [80.],
       [80.],
       [80.],
       [80.],
       [80.],
       [80.],
       [80.],
       [80.],
       [80.],
       [80.],
       [80.],
       [80.],
       [80.],
       [80.],
       [80.],
       [80.],
       [80.],
       [80.],
       [80.],
       [80.],
       [80.],
       [80.],
       [80.],
       [80.],
       [80.],
       [80.],
       [80.],
       [80.],
       [80.],
       [80.],
       [80.],
       [80.],
       [80.],
       [80.],
       [80.],
       [80.],
       [80.],
       [80.],
       [80.],
       [80.],
       [80.],
       [80.],
       [80.],
       [80.],
       [80.],
       [80.],
       [80.],
       [80.],
       [80.],
       [80.],
       [80.],
       [80.],
       [80.],
       [80.],
       [80.],
       [80.],
       [80.],
       [80.],
       [80.],
       [80.],
       [80.],
       [80.],
       [80.],
       [80.],
       [80.],
       [80.],
       [80.],
       [80.],
       [80.],
       [80.],
       [80.],
       [80.],
       [80.],
       [80.],
       [80.],
       [80.],
       [80.],
       [80.],
       [80.],
       [80.],
       [80.],
       [80.],
       [80.],
       [80.],
       [80.],
       [80.],
       [80.],
       [80.],
       [80.],
       [80.],
       [80.],
       [80.],
       [80.],
       [80.],
       [80.],
       [80.],
       [80.],
       [80.],
       [80.],
       [80.],
       [80.],
       [80.],
       [80.],
       [80.],
       [80.],
       [80.],
       [80.],
       [80.],
       [80.],
       [80.],
       [80.],
       [80.],
       [80.],
       [80.],
       [80.],
       [80.],
       [80.],
       [80.],
       [80.],
       [80.],
       [80.],
       [80.],
       [80.],
       [80.],
       [80.],
       [80.],
       [80.],
       [80.],
       [80.],
       [80.],
       [80.],
       [80.],
       [80.],
       [80.],
       [80.],
       [80.],
       [80.],
       [80.],
       [80.],
       [80.],
       [80.],
       [80.],
       [80.],
       [80.],
       [80.],
       [80.],
       [80.],
       [80.],
       [80.],
       [80.],
       [80.],
       [80.],
       [80.],
       [80.],
       [80.],
       [80.],
       [80.],
       [80.],
       [80.],
       [80.],
       [80.],
       [80.],
       [80.],
       [80.],
       [80.],
       [80.],
       [80.],
       [80.],
       [80.],
       [80.],
       [80.],
       [80.],
       [80.],
       [80.],
       [80.],
       [80.],
       [80.],
       [80.],
       [80.],
       [80.],
       [80.],
       [80.],
       [80.],
       [80.],
       [80.],
       [80.],
       [80.],
       [80.],
       [80.],
       [80.],
       [80.],
       [80.],
       [80.],
       [80.],
       [80.],
       [80.],
       [80.],
       [80.],
       [80.],
       [80.],
       [80.],
       [80.],
       [80.],
       [80.],
       [80.],
       [80.],
       [80.],
       [80.],
       [80.],
       [80.],
       [80.],
       [80.],
       [80.],
       [80.],
       [80.],
       [80.],
       [80.],
       [80.],
       [80.],
       [80.],
       [80.],
       [80.],
       [80.],
       [80.],
       [80.],
       [80.],
       [80.],
       [80.],
       [80.],
       [80.],
       [80.],
       [80.],
       [80.],
       [80.],
       [80.],
       [80.],
       [80.],
       [80.],
       [80.],
       [80.],
       [80.],
       [80.],
       [80.],
       [80.],
       [80.],
       [80.],
       [80.],
       [80.],
       [80.],
       [80.],
       [80.],
       [80.],
       [80.],
       [80.],
       [80.],
       [80.],
       [80.],
       [80.],
       [80.],
       [80.],
       [80.],
       [80.],
       [80.],
       [80.],
       [80.],
       [80.],
       [80.],
       [80.],
       [80.],
       [80.],
       [80.],
       [80.],
       [80.],
       [80.],
       [80.],
       [80.],
       [80.],
       [80.],
       [80.],
       [80.],
       [80.],
       [80.],
       [80.],
       [80.],
       [80.],
       [80.],
       [80.],
       [80.],
       [80.],
       [80.],
       [80.],
       [80.],
       [80.],
       [80.],
       [80.],
       [80.],
       [80.],
       [80.],
       [80.],
       [80.],
       [80.],
       [80.],
       [80.],
       [80.]]), 'dt': 0.01, 'N': 400, 'l': 1e-05}","{'Q': 184.21052631578945, 'gbar': 8.421052631578947, 'T': 10000, 'supervisor': array([[-1.89214982e-17],
       [ 4.44288287e-04],
       [ 8.88576529e-04],
       ...,
       [-1.33286468e-03],
       [-8.88576529e-04],
       [-4.44288287e-04]]), 'BIAS': array([[80.],
       [80.],
       [80.],
       [80.],
       [80.],
       [80.],
       [80.],
       [80.],
       [80.],
       [80.],
       [80.],
       [80.],
       [80.],
       [80.],
       [80.],
       [80.],
       [80.],
       [80.],
       [80.],
       [80.],
       [80.],
       [80.],
       [80.],
       [80.],
       [80.],
       [80.],
       [80.],
       [80.],
       [80.],
       [80.],
       [80.],
       [80.],
       [80.],
       [80.],
       [80.],
       [80.],
       [80.],
       [80.],
       [80.],
       [80.],
       [80.],
       [80.],
       [80.],
       [80.],
       [80.],
       [80.],
       [80.],
       [80.],
       [80.],
       [80.],
       [80.],
       [80.],
       [80.],
       [80.],
       [80.],
       [80.],
       [80.],
       [80.],
       [80.],
       [80.],
       [80.],
       [80.],
       [80.],
       [80.],
       [80.],
       [80.],
       [80.],
       [80.],
       [80.],
       [80.],
       [80.],
       [80.],
       [80.],
       [80.],
       [80.],
       [80.],
       [80.],
       [80.],
       [80.],
       [80.],
       [80.],
       [80.],
       [80.],
       [80.],
       [80.],
       [80.],
       [80.],
       [80.],
       [80.],
       [80.],
       [80.],
       [80.],
       [80.],
       [80.],
       [80.],
       [80.],
       [80.],
       [80.],
       [80.],
       [80.],
       [80.],
       [80.],
       [80.],
       [80.],
       [80.],
       [80.],
       [80.],
       [80.],
       [80.],
       [80.],
       [80.],
       [80.],
       [80.],
       [80.],
       [80.],
       [80.],
       [80.],
       [80.],
       [80.],
       [80.],
       [80.],
       [80.],
       [80.],
       [80.],
       [80.],
       [80.],
       [80.],
       [80.],
       [80.],
       [80.],
       [80.],
       [80.],
       [80.],
       [80.],
       [80.],
       [80.],
       [80.],
       [80.],
       [80.],
       [80.],
       [80.],
       [80.],
       [80.],
       [80.],
       [80.],
       [80.],
       [80.],
       [80.],
       [80.],
       [80.],
       [80.],
       [80.],
       [80.],
       [80.],
       [80.],
       [80.],
       [80.],
       [80.],
       [80.],
       [80.],
       [80.],
       [80.],
       [80.],
       [80.],
       [80.],
       [80.],
       [80.],
       [80.],
       [80.],
       [80.],
       [80.],
       [80.],
       [80.],
       [80.],
       [80.],
       [80.],
       [80.],
       [80.],
       [80.],
       [80.],
       [80.],
       [80.],
       [80.],
       [80.],
       [80.],
       [80.],
       [80.],
       [80.],
       [80.],
       [80.],
       [80.],
       [80.],
       [80.],
       [80.],
       [80.],
       [80.],
       [80.],
       [80.],
       [80.],
       [80.],
       [80.],
       [80.],
       [80.],
       [80.],
       [80.],
       [80.],
       [80.],
       [80.],
       [80.],
       [80.],
       [80.],
       [80.],
       [80.],
       [80.],
       [80.],
       [80.],
       [80.],
       [80.],
       [80.],
       [80.],
       [80.],
       [80.],
       [80.],
       [80.],
       [80.],
       [80.],
       [80.],
       [80.],
       [80.],
       [80.],
       [80.],
       [80.],
       [80.],
       [80.],
       [80.],
       [80.],
       [80.],
       [80.],
       [80.],
       [80.],
       [80.],
       [80.],
       [80.],
       [80.],
       [80.],
       [80.],
       [80.],
       [80.],
       [80.],
       [80.],
       [80.],
       [80.],
       [80.],
       [80.],
       [80.],
       [80.],
       [80.],
       [80.],
       [80.],
       [80.],
       [80.],
       [80.],
       [80.],
       [80.],
       [80.],
       [80.],
       [80.],
       [80.],
       [80.],
       [80.],
       [80.],
       [80.],
       [80.],
       [80.],
       [80.],
       [80.],
       [80.],
       [80.],
       [80.],
       [80.],
       [80.],
       [80.],
       [80.],
       [80.],
       [80.],
       [80.],
       [80.],
       [80.],
       [80.],
       [80.],
       [80.],
       [80.],
       [80.],
       [80.],
       [80.],
       [80.],
       [80.],
       [80.],
       [80.],
       [80.],
       [80.],
       [80.],
       [80.],
       [80.],
       [80.],
       [80.],
       [80.],
       [80.],
       [80.],
       [80.],
       [80.],
       [80.],
       [80.],
       [80.],
       [80.],
       [80.],
       [80.],
       [80.],
       [80.],
       [80.],
       [80.],
       [80.],
       [80.],
       [80.],
       [80.],
       [80.],
       [80.],
       [80.],
       [80.],
       [80.],
       [80.],
       [80.],
       [80.],
       [80.],
       [80.],
       [80.],
       [80.],
       [80.],
       [80.],
       [80.],
       [80.],
       [80.],
       [80.],
       [80.],
       [80.],
       [80.],
       [80.],
       [80.],
       [80.],
       [80.],
       [80.],
       [80.],
       [80.],
       [80.],
       [80.],
       [80.],
       [80.],
       [80.],
       [80.],
       [80.],
       [80.],
       [80.],
       [80.],
       [80.],
       [80.],
       [80.],
       [80.],
       [80.],
       [80.],
       [80.],
       [80.],
       [80.],
       [80.],
       [80.],
       [80.],
       [80.],
       [80.],
       [80.],
       [80.],
       [80.],
       [80.],
       [80.],
       [80.],
       [80.],
       [80.],
       [80.],
       [80.],
       [80.],
       [80.],
       [80.],
       [80.],
       [80.],
       [80.],
       [80.],
       [80.],
       [80.],
       [80.],
       [80.],
       [80.],
       [80.]]), 'dt': 0.01, 'N': 400, 'l': 1e-05}","{'Q': 184.21052631578945, 'gbar': 9.473684210526315, 'T': 10000, 'supervisor': array([[-1.89214982e-17],
       [ 4.44288287e-04],
       [ 8.88576529e-04],
       ...,
       [-1.33286468e-03],
       [-8.88576529e-04],
       [-4.44288287e-04]]), 'BIAS': array([[80.],
       [80.],
       [80.],
       [80.],
       [80.],
       [80.],
       [80.],
       [80.],
       [80.],
       [80.],
       [80.],
       [80.],
       [80.],
       [80.],
       [80.],
       [80.],
       [80.],
       [80.],
       [80.],
       [80.],
       [80.],
       [80.],
       [80.],
       [80.],
       [80.],
       [80.],
       [80.],
       [80.],
       [80.],
       [80.],
       [80.],
       [80.],
       [80.],
       [80.],
       [80.],
       [80.],
       [80.],
       [80.],
       [80.],
       [80.],
       [80.],
       [80.],
       [80.],
       [80.],
       [80.],
       [80.],
       [80.],
       [80.],
       [80.],
       [80.],
       [80.],
       [80.],
       [80.],
       [80.],
       [80.],
       [80.],
       [80.],
       [80.],
       [80.],
       [80.],
       [80.],
       [80.],
       [80.],
       [80.],
       [80.],
       [80.],
       [80.],
       [80.],
       [80.],
       [80.],
       [80.],
       [80.],
       [80.],
       [80.],
       [80.],
       [80.],
       [80.],
       [80.],
       [80.],
       [80.],
       [80.],
       [80.],
       [80.],
       [80.],
       [80.],
       [80.],
       [80.],
       [80.],
       [80.],
       [80.],
       [80.],
       [80.],
       [80.],
       [80.],
       [80.],
       [80.],
       [80.],
       [80.],
       [80.],
       [80.],
       [80.],
       [80.],
       [80.],
       [80.],
       [80.],
       [80.],
       [80.],
       [80.],
       [80.],
       [80.],
       [80.],
       [80.],
       [80.],
       [80.],
       [80.],
       [80.],
       [80.],
       [80.],
       [80.],
       [80.],
       [80.],
       [80.],
       [80.],
       [80.],
       [80.],
       [80.],
       [80.],
       [80.],
       [80.],
       [80.],
       [80.],
       [80.],
       [80.],
       [80.],
       [80.],
       [80.],
       [80.],
       [80.],
       [80.],
       [80.],
       [80.],
       [80.],
       [80.],
       [80.],
       [80.],
       [80.],
       [80.],
       [80.],
       [80.],
       [80.],
       [80.],
       [80.],
       [80.],
       [80.],
       [80.],
       [80.],
       [80.],
       [80.],
       [80.],
       [80.],
       [80.],
       [80.],
       [80.],
       [80.],
       [80.],
       [80.],
       [80.],
       [80.],
       [80.],
       [80.],
       [80.],
       [80.],
       [80.],
       [80.],
       [80.],
       [80.],
       [80.],
       [80.],
       [80.],
       [80.],
       [80.],
       [80.],
       [80.],
       [80.],
       [80.],
       [80.],
       [80.],
       [80.],
       [80.],
       [80.],
       [80.],
       [80.],
       [80.],
       [80.],
       [80.],
       [80.],
       [80.],
       [80.],
       [80.],
       [80.],
       [80.],
       [80.],
       [80.],
       [80.],
       [80.],
       [80.],
       [80.],
       [80.],
       [80.],
       [80.],
       [80.],
       [80.],
       [80.],
       [80.],
       [80.],
       [80.],
       [80.],
       [80.],
       [80.],
       [80.],
       [80.],
       [80.],
       [80.],
       [80.],
       [80.],
       [80.],
       [80.],
       [80.],
       [80.],
       [80.],
       [80.],
       [80.],
       [80.],
       [80.],
       [80.],
       [80.],
       [80.],
       [80.],
       [80.],
       [80.],
       [80.],
       [80.],
       [80.],
       [80.],
       [80.],
       [80.],
       [80.],
       [80.],
       [80.],
       [80.],
       [80.],
       [80.],
       [80.],
       [80.],
       [80.],
       [80.],
       [80.],
       [80.],
       [80.],
       [80.],
       [80.],
       [80.],
       [80.],
       [80.],
       [80.],
       [80.],
       [80.],
       [80.],
       [80.],
       [80.],
       [80.],
       [80.],
       [80.],
       [80.],
       [80.],
       [80.],
       [80.],
       [80.],
       [80.],
       [80.],
       [80.],
       [80.],
       [80.],
       [80.],
       [80.],
       [80.],
       [80.],
       [80.],
       [80.],
       [80.],
       [80.],
       [80.],
       [80.],
       [80.],
       [80.],
       [80.],
       [80.],
       [80.],
       [80.],
       [80.],
       [80.],
       [80.],
       [80.],
       [80.],
       [80.],
       [80.],
       [80.],
       [80.],
       [80.],
       [80.],
       [80.],
       [80.],
       [80.],
       [80.],
       [80.],
       [80.],
       [80.],
       [80.],
       [80.],
       [80.],
       [80.],
       [80.],
       [80.],
       [80.],
       [80.],
       [80.],
       [80.],
       [80.],
       [80.],
       [80.],
       [80.],
       [80.],
       [80.],
       [80.],
       [80.],
       [80.],
       [80.],
       [80.],
       [80.],
       [80.],
       [80.],
       [80.],
       [80.],
       [80.],
       [80.],
       [80.],
       [80.],
       [80.],
       [80.],
       [80.],
       [80.],
       [80.],
       [80.],
       [80.],
       [80.],
       [80.],
       [80.],
       [80.],
       [80.],
       [80.],
       [80.],
       [80.],
       [80.],
       [80.],
       [80.],
       [80.],
       [80.],
       [80.],
       [80.],
       [80.],
       [80.],
       [80.],
       [80.],
       [80.],
       [80.],
       [80.],
       [80.],
       [80.],
       [80.],
       [80.],
       [80.],
       [80.],
       [80.],
       [80.],
       [80.],
       [80.],
       [80.],
       [80.],
       [80.],
       [80.],
       [80.],
       [80.],
       [80.],
       [80.],
       [80.],
       [80.],
       [80.],
       [80.],
       [80.],
       [80.]]), 'dt': 0.01, 'N': 400, 'l': 1e-05}","{'Q': 184.21052631578945, 'gbar': 10.526315789473683, 'T': 10000, 'supervisor': array([[-1.89214982e-17],
       [ 4.44288287e-04],
       [ 8.88576529e-04],
       ...,
       [-1.33286468e-03],
       [-8.88576529e-04],
       [-4.44288287e-04]]), 'BIAS': array([[80.],
       [80.],
       [80.],
       [80.],
       [80.],
       [80.],
       [80.],
       [80.],
       [80.],
       [80.],
       [80.],
       [80.],
       [80.],
       [80.],
       [80.],
       [80.],
       [80.],
       [80.],
       [80.],
       [80.],
       [80.],
       [80.],
       [80.],
       [80.],
       [80.],
       [80.],
       [80.],
       [80.],
       [80.],
       [80.],
       [80.],
       [80.],
       [80.],
       [80.],
       [80.],
       [80.],
       [80.],
       [80.],
       [80.],
       [80.],
       [80.],
       [80.],
       [80.],
       [80.],
       [80.],
       [80.],
       [80.],
       [80.],
       [80.],
       [80.],
       [80.],
       [80.],
       [80.],
       [80.],
       [80.],
       [80.],
       [80.],
       [80.],
       [80.],
       [80.],
       [80.],
       [80.],
       [80.],
       [80.],
       [80.],
       [80.],
       [80.],
       [80.],
       [80.],
       [80.],
       [80.],
       [80.],
       [80.],
       [80.],
       [80.],
       [80.],
       [80.],
       [80.],
       [80.],
       [80.],
       [80.],
       [80.],
       [80.],
       [80.],
       [80.],
       [80.],
       [80.],
       [80.],
       [80.],
       [80.],
       [80.],
       [80.],
       [80.],
       [80.],
       [80.],
       [80.],
       [80.],
       [80.],
       [80.],
       [80.],
       [80.],
       [80.],
       [80.],
       [80.],
       [80.],
       [80.],
       [80.],
       [80.],
       [80.],
       [80.],
       [80.],
       [80.],
       [80.],
       [80.],
       [80.],
       [80.],
       [80.],
       [80.],
       [80.],
       [80.],
       [80.],
       [80.],
       [80.],
       [80.],
       [80.],
       [80.],
       [80.],
       [80.],
       [80.],
       [80.],
       [80.],
       [80.],
       [80.],
       [80.],
       [80.],
       [80.],
       [80.],
       [80.],
       [80.],
       [80.],
       [80.],
       [80.],
       [80.],
       [80.],
       [80.],
       [80.],
       [80.],
       [80.],
       [80.],
       [80.],
       [80.],
       [80.],
       [80.],
       [80.],
       [80.],
       [80.],
       [80.],
       [80.],
       [80.],
       [80.],
       [80.],
       [80.],
       [80.],
       [80.],
       [80.],
       [80.],
       [80.],
       [80.],
       [80.],
       [80.],
       [80.],
       [80.],
       [80.],
       [80.],
       [80.],
       [80.],
       [80.],
       [80.],
       [80.],
       [80.],
       [80.],
       [80.],
       [80.],
       [80.],
       [80.],
       [80.],
       [80.],
       [80.],
       [80.],
       [80.],
       [80.],
       [80.],
       [80.],
       [80.],
       [80.],
       [80.],
       [80.],
       [80.],
       [80.],
       [80.],
       [80.],
       [80.],
       [80.],
       [80.],
       [80.],
       [80.],
       [80.],
       [80.],
       [80.],
       [80.],
       [80.],
       [80.],
       [80.],
       [80.],
       [80.],
       [80.],
       [80.],
       [80.],
       [80.],
       [80.],
       [80.],
       [80.],
       [80.],
       [80.],
       [80.],
       [80.],
       [80.],
       [80.],
       [80.],
       [80.],
       [80.],
       [80.],
       [80.],
       [80.],
       [80.],
       [80.],
       [80.],
       [80.],
       [80.],
       [80.],
       [80.],
       [80.],
       [80.],
       [80.],
       [80.],
       [80.],
       [80.],
       [80.],
       [80.],
       [80.],
       [80.],
       [80.],
       [80.],
       [80.],
       [80.],
       [80.],
       [80.],
       [80.],
       [80.],
       [80.],
       [80.],
       [80.],
       [80.],
       [80.],
       [80.],
       [80.],
       [80.],
       [80.],
       [80.],
       [80.],
       [80.],
       [80.],
       [80.],
       [80.],
       [80.],
       [80.],
       [80.],
       [80.],
       [80.],
       [80.],
       [80.],
       [80.],
       [80.],
       [80.],
       [80.],
       [80.],
       [80.],
       [80.],
       [80.],
       [80.],
       [80.],
       [80.],
       [80.],
       [80.],
       [80.],
       [80.],
       [80.],
       [80.],
       [80.],
       [80.],
       [80.],
       [80.],
       [80.],
       [80.],
       [80.],
       [80.],
       [80.],
       [80.],
       [80.],
       [80.],
       [80.],
       [80.],
       [80.],
       [80.],
       [80.],
       [80.],
       [80.],
       [80.],
       [80.],
       [80.],
       [80.],
       [80.],
       [80.],
       [80.],
       [80.],
       [80.],
       [80.],
       [80.],
       [80.],
       [80.],
       [80.],
       [80.],
       [80.],
       [80.],
       [80.],
       [80.],
       [80.],
       [80.],
       [80.],
       [80.],
       [80.],
       [80.],
       [80.],
       [80.],
       [80.],
       [80.],
       [80.],
       [80.],
       [80.],
       [80.],
       [80.],
       [80.],
       [80.],
       [80.],
       [80.],
       [80.],
       [80.],
       [80.],
       [80.],
       [80.],
       [80.],
       [80.],
       [80.],
       [80.],
       [80.],
       [80.],
       [80.],
       [80.],
       [80.],
       [80.],
       [80.],
       [80.],
       [80.],
       [80.],
       [80.],
       [80.],
       [80.],
       [80.],
       [80.],
       [80.],
       [80.],
       [80.],
       [80.],
       [80.],
       [80.],
       [80.],
       [80.],
       [80.],
       [80.],
       [80.],
       [80.],
       [80.],
       [80.],
       [80.],
       [80.],
       [80.],
       [80.],
       [80.],
       [80.],
       [80.]]), 'dt': 0.01, 'N': 400, 'l': 1e-05}","{'Q': 184.21052631578945, 'gbar': 11.578947368421051, 'T': 10000, 'supervisor': array([[-1.89214982e-17],
       [ 4.44288287e-04],
       [ 8.88576529e-04],
       ...,
       [-1.33286468e-03],
       [-8.88576529e-04],
       [-4.44288287e-04]]), 'BIAS': array([[80.],
       [80.],
       [80.],
       [80.],
       [80.],
       [80.],
       [80.],
       [80.],
       [80.],
       [80.],
       [80.],
       [80.],
       [80.],
       [80.],
       [80.],
       [80.],
       [80.],
       [80.],
       [80.],
       [80.],
       [80.],
       [80.],
       [80.],
       [80.],
       [80.],
       [80.],
       [80.],
       [80.],
       [80.],
       [80.],
       [80.],
       [80.],
       [80.],
       [80.],
       [80.],
       [80.],
       [80.],
       [80.],
       [80.],
       [80.],
       [80.],
       [80.],
       [80.],
       [80.],
       [80.],
       [80.],
       [80.],
       [80.],
       [80.],
       [80.],
       [80.],
       [80.],
       [80.],
       [80.],
       [80.],
       [80.],
       [80.],
       [80.],
       [80.],
       [80.],
       [80.],
       [80.],
       [80.],
       [80.],
       [80.],
       [80.],
       [80.],
       [80.],
       [80.],
       [80.],
       [80.],
       [80.],
       [80.],
       [80.],
       [80.],
       [80.],
       [80.],
       [80.],
       [80.],
       [80.],
       [80.],
       [80.],
       [80.],
       [80.],
       [80.],
       [80.],
       [80.],
       [80.],
       [80.],
       [80.],
       [80.],
       [80.],
       [80.],
       [80.],
       [80.],
       [80.],
       [80.],
       [80.],
       [80.],
       [80.],
       [80.],
       [80.],
       [80.],
       [80.],
       [80.],
       [80.],
       [80.],
       [80.],
       [80.],
       [80.],
       [80.],
       [80.],
       [80.],
       [80.],
       [80.],
       [80.],
       [80.],
       [80.],
       [80.],
       [80.],
       [80.],
       [80.],
       [80.],
       [80.],
       [80.],
       [80.],
       [80.],
       [80.],
       [80.],
       [80.],
       [80.],
       [80.],
       [80.],
       [80.],
       [80.],
       [80.],
       [80.],
       [80.],
       [80.],
       [80.],
       [80.],
       [80.],
       [80.],
       [80.],
       [80.],
       [80.],
       [80.],
       [80.],
       [80.],
       [80.],
       [80.],
       [80.],
       [80.],
       [80.],
       [80.],
       [80.],
       [80.],
       [80.],
       [80.],
       [80.],
       [80.],
       [80.],
       [80.],
       [80.],
       [80.],
       [80.],
       [80.],
       [80.],
       [80.],
       [80.],
       [80.],
       [80.],
       [80.],
       [80.],
       [80.],
       [80.],
       [80.],
       [80.],
       [80.],
       [80.],
       [80.],
       [80.],
       [80.],
       [80.],
       [80.],
       [80.],
       [80.],
       [80.],
       [80.],
       [80.],
       [80.],
       [80.],
       [80.],
       [80.],
       [80.],
       [80.],
       [80.],
       [80.],
       [80.],
       [80.],
       [80.],
       [80.],
       [80.],
       [80.],
       [80.],
       [80.],
       [80.],
       [80.],
       [80.],
       [80.],
       [80.],
       [80.],
       [80.],
       [80.],
       [80.],
       [80.],
       [80.],
       [80.],
       [80.],
       [80.],
       [80.],
       [80.],
       [80.],
       [80.],
       [80.],
       [80.],
       [80.],
       [80.],
       [80.],
       [80.],
       [80.],
       [80.],
       [80.],
       [80.],
       [80.],
       [80.],
       [80.],
       [80.],
       [80.],
       [80.],
       [80.],
       [80.],
       [80.],
       [80.],
       [80.],
       [80.],
       [80.],
       [80.],
       [80.],
       [80.],
       [80.],
       [80.],
       [80.],
       [80.],
       [80.],
       [80.],
       [80.],
       [80.],
       [80.],
       [80.],
       [80.],
       [80.],
       [80.],
       [80.],
       [80.],
       [80.],
       [80.],
       [80.],
       [80.],
       [80.],
       [80.],
       [80.],
       [80.],
       [80.],
       [80.],
       [80.],
       [80.],
       [80.],
       [80.],
       [80.],
       [80.],
       [80.],
       [80.],
       [80.],
       [80.],
       [80.],
       [80.],
       [80.],
       [80.],
       [80.],
       [80.],
       [80.],
       [80.],
       [80.],
       [80.],
       [80.],
       [80.],
       [80.],
       [80.],
       [80.],
       [80.],
       [80.],
       [80.],
       [80.],
       [80.],
       [80.],
       [80.],
       [80.],
       [80.],
       [80.],
       [80.],
       [80.],
       [80.],
       [80.],
       [80.],
       [80.],
       [80.],
       [80.],
       [80.],
       [80.],
       [80.],
       [80.],
       [80.],
       [80.],
       [80.],
       [80.],
       [80.],
       [80.],
       [80.],
       [80.],
       [80.],
       [80.],
       [80.],
       [80.],
       [80.],
       [80.],
       [80.],
       [80.],
       [80.],
       [80.],
       [80.],
       [80.],
       [80.],
       [80.],
       [80.],
       [80.],
       [80.],
       [80.],
       [80.],
       [80.],
       [80.],
       [80.],
       [80.],
       [80.],
       [80.],
       [80.],
       [80.],
       [80.],
       [80.],
       [80.],
       [80.],
       [80.],
       [80.],
       [80.],
       [80.],
       [80.],
       [80.],
       [80.],
       [80.],
       [80.],
       [80.],
       [80.],
       [80.],
       [80.],
       [80.],
       [80.],
       [80.],
       [80.],
       [80.],
       [80.],
       [80.],
       [80.],
       [80.],
       [80.],
       [80.],
       [80.],
       [80.],
       [80.],
       [80.],
       [80.],
       [80.],
       [80.],
       [80.],
       [80.],
       [80.],
       [80.],
       [80.],
       [80.],
       [80.],
       [80.]]), 'dt': 0.01, 'N': 400, 'l': 1e-05}","{'Q': 184.21052631578945, 'gbar': 12.631578947368421, 'T': 10000, 'supervisor': array([[-1.89214982e-17],
       [ 4.44288287e-04],
       [ 8.88576529e-04],
       ...,
       [-1.33286468e-03],
       [-8.88576529e-04],
       [-4.44288287e-04]]), 'BIAS': array([[80.],
       [80.],
       [80.],
       [80.],
       [80.],
       [80.],
       [80.],
       [80.],
       [80.],
       [80.],
       [80.],
       [80.],
       [80.],
       [80.],
       [80.],
       [80.],
       [80.],
       [80.],
       [80.],
       [80.],
       [80.],
       [80.],
       [80.],
       [80.],
       [80.],
       [80.],
       [80.],
       [80.],
       [80.],
       [80.],
       [80.],
       [80.],
       [80.],
       [80.],
       [80.],
       [80.],
       [80.],
       [80.],
       [80.],
       [80.],
       [80.],
       [80.],
       [80.],
       [80.],
       [80.],
       [80.],
       [80.],
       [80.],
       [80.],
       [80.],
       [80.],
       [80.],
       [80.],
       [80.],
       [80.],
       [80.],
       [80.],
       [80.],
       [80.],
       [80.],
       [80.],
       [80.],
       [80.],
       [80.],
       [80.],
       [80.],
       [80.],
       [80.],
       [80.],
       [80.],
       [80.],
       [80.],
       [80.],
       [80.],
       [80.],
       [80.],
       [80.],
       [80.],
       [80.],
       [80.],
       [80.],
       [80.],
       [80.],
       [80.],
       [80.],
       [80.],
       [80.],
       [80.],
       [80.],
       [80.],
       [80.],
       [80.],
       [80.],
       [80.],
       [80.],
       [80.],
       [80.],
       [80.],
       [80.],
       [80.],
       [80.],
       [80.],
       [80.],
       [80.],
       [80.],
       [80.],
       [80.],
       [80.],
       [80.],
       [80.],
       [80.],
       [80.],
       [80.],
       [80.],
       [80.],
       [80.],
       [80.],
       [80.],
       [80.],
       [80.],
       [80.],
       [80.],
       [80.],
       [80.],
       [80.],
       [80.],
       [80.],
       [80.],
       [80.],
       [80.],
       [80.],
       [80.],
       [80.],
       [80.],
       [80.],
       [80.],
       [80.],
       [80.],
       [80.],
       [80.],
       [80.],
       [80.],
       [80.],
       [80.],
       [80.],
       [80.],
       [80.],
       [80.],
       [80.],
       [80.],
       [80.],
       [80.],
       [80.],
       [80.],
       [80.],
       [80.],
       [80.],
       [80.],
       [80.],
       [80.],
       [80.],
       [80.],
       [80.],
       [80.],
       [80.],
       [80.],
       [80.],
       [80.],
       [80.],
       [80.],
       [80.],
       [80.],
       [80.],
       [80.],
       [80.],
       [80.],
       [80.],
       [80.],
       [80.],
       [80.],
       [80.],
       [80.],
       [80.],
       [80.],
       [80.],
       [80.],
       [80.],
       [80.],
       [80.],
       [80.],
       [80.],
       [80.],
       [80.],
       [80.],
       [80.],
       [80.],
       [80.],
       [80.],
       [80.],
       [80.],
       [80.],
       [80.],
       [80.],
       [80.],
       [80.],
       [80.],
       [80.],
       [80.],
       [80.],
       [80.],
       [80.],
       [80.],
       [80.],
       [80.],
       [80.],
       [80.],
       [80.],
       [80.],
       [80.],
       [80.],
       [80.],
       [80.],
       [80.],
       [80.],
       [80.],
       [80.],
       [80.],
       [80.],
       [80.],
       [80.],
       [80.],
       [80.],
       [80.],
       [80.],
       [80.],
       [80.],
       [80.],
       [80.],
       [80.],
       [80.],
       [80.],
       [80.],
       [80.],
       [80.],
       [80.],
       [80.],
       [80.],
       [80.],
       [80.],
       [80.],
       [80.],
       [80.],
       [80.],
       [80.],
       [80.],
       [80.],
       [80.],
       [80.],
       [80.],
       [80.],
       [80.],
       [80.],
       [80.],
       [80.],
       [80.],
       [80.],
       [80.],
       [80.],
       [80.],
       [80.],
       [80.],
       [80.],
       [80.],
       [80.],
       [80.],
       [80.],
       [80.],
       [80.],
       [80.],
       [80.],
       [80.],
       [80.],
       [80.],
       [80.],
       [80.],
       [80.],
       [80.],
       [80.],
       [80.],
       [80.],
       [80.],
       [80.],
       [80.],
       [80.],
       [80.],
       [80.],
       [80.],
       [80.],
       [80.],
       [80.],
       [80.],
       [80.],
       [80.],
       [80.],
       [80.],
       [80.],
       [80.],
       [80.],
       [80.],
       [80.],
       [80.],
       [80.],
       [80.],
       [80.],
       [80.],
       [80.],
       [80.],
       [80.],
       [80.],
       [80.],
       [80.],
       [80.],
       [80.],
       [80.],
       [80.],
       [80.],
       [80.],
       [80.],
       [80.],
       [80.],
       [80.],
       [80.],
       [80.],
       [80.],
       [80.],
       [80.],
       [80.],
       [80.],
       [80.],
       [80.],
       [80.],
       [80.],
       [80.],
       [80.],
       [80.],
       [80.],
       [80.],
       [80.],
       [80.],
       [80.],
       [80.],
       [80.],
       [80.],
       [80.],
       [80.],
       [80.],
       [80.],
       [80.],
       [80.],
       [80.],
       [80.],
       [80.],
       [80.],
       [80.],
       [80.],
       [80.],
       [80.],
       [80.],
       [80.],
       [80.],
       [80.],
       [80.],
       [80.],
       [80.],
       [80.],
       [80.],
       [80.],
       [80.],
       [80.],
       [80.],
       [80.],
       [80.],
       [80.],
       [80.],
       [80.],
       [80.],
       [80.],
       [80.],
       [80.],
       [80.],
       [80.],
       [80.],
       [80.],
       [80.],
       [80.],
       [80.],
       [80.],
       [80.],
       [80.],
       [80.]]), 'dt': 0.01, 'N': 400, 'l': 1e-05}","{'Q': 184.21052631578945, 'gbar': 13.68421052631579, 'T': 10000, 'supervisor': array([[-1.89214982e-17],
       [ 4.44288287e-04],
       [ 8.88576529e-04],
       ...,
       [-1.33286468e-03],
       [-8.88576529e-04],
       [-4.44288287e-04]]), 'BIAS': array([[80.],
       [80.],
       [80.],
       [80.],
       [80.],
       [80.],
       [80.],
       [80.],
       [80.],
       [80.],
       [80.],
       [80.],
       [80.],
       [80.],
       [80.],
       [80.],
       [80.],
       [80.],
       [80.],
       [80.],
       [80.],
       [80.],
       [80.],
       [80.],
       [80.],
       [80.],
       [80.],
       [80.],
       [80.],
       [80.],
       [80.],
       [80.],
       [80.],
       [80.],
       [80.],
       [80.],
       [80.],
       [80.],
       [80.],
       [80.],
       [80.],
       [80.],
       [80.],
       [80.],
       [80.],
       [80.],
       [80.],
       [80.],
       [80.],
       [80.],
       [80.],
       [80.],
       [80.],
       [80.],
       [80.],
       [80.],
       [80.],
       [80.],
       [80.],
       [80.],
       [80.],
       [80.],
       [80.],
       [80.],
       [80.],
       [80.],
       [80.],
       [80.],
       [80.],
       [80.],
       [80.],
       [80.],
       [80.],
       [80.],
       [80.],
       [80.],
       [80.],
       [80.],
       [80.],
       [80.],
       [80.],
       [80.],
       [80.],
       [80.],
       [80.],
       [80.],
       [80.],
       [80.],
       [80.],
       [80.],
       [80.],
       [80.],
       [80.],
       [80.],
       [80.],
       [80.],
       [80.],
       [80.],
       [80.],
       [80.],
       [80.],
       [80.],
       [80.],
       [80.],
       [80.],
       [80.],
       [80.],
       [80.],
       [80.],
       [80.],
       [80.],
       [80.],
       [80.],
       [80.],
       [80.],
       [80.],
       [80.],
       [80.],
       [80.],
       [80.],
       [80.],
       [80.],
       [80.],
       [80.],
       [80.],
       [80.],
       [80.],
       [80.],
       [80.],
       [80.],
       [80.],
       [80.],
       [80.],
       [80.],
       [80.],
       [80.],
       [80.],
       [80.],
       [80.],
       [80.],
       [80.],
       [80.],
       [80.],
       [80.],
       [80.],
       [80.],
       [80.],
       [80.],
       [80.],
       [80.],
       [80.],
       [80.],
       [80.],
       [80.],
       [80.],
       [80.],
       [80.],
       [80.],
       [80.],
       [80.],
       [80.],
       [80.],
       [80.],
       [80.],
       [80.],
       [80.],
       [80.],
       [80.],
       [80.],
       [80.],
       [80.],
       [80.],
       [80.],
       [80.],
       [80.],
       [80.],
       [80.],
       [80.],
       [80.],
       [80.],
       [80.],
       [80.],
       [80.],
       [80.],
       [80.],
       [80.],
       [80.],
       [80.],
       [80.],
       [80.],
       [80.],
       [80.],
       [80.],
       [80.],
       [80.],
       [80.],
       [80.],
       [80.],
       [80.],
       [80.],
       [80.],
       [80.],
       [80.],
       [80.],
       [80.],
       [80.],
       [80.],
       [80.],
       [80.],
       [80.],
       [80.],
       [80.],
       [80.],
       [80.],
       [80.],
       [80.],
       [80.],
       [80.],
       [80.],
       [80.],
       [80.],
       [80.],
       [80.],
       [80.],
       [80.],
       [80.],
       [80.],
       [80.],
       [80.],
       [80.],
       [80.],
       [80.],
       [80.],
       [80.],
       [80.],
       [80.],
       [80.],
       [80.],
       [80.],
       [80.],
       [80.],
       [80.],
       [80.],
       [80.],
       [80.],
       [80.],
       [80.],
       [80.],
       [80.],
       [80.],
       [80.],
       [80.],
       [80.],
       [80.],
       [80.],
       [80.],
       [80.],
       [80.],
       [80.],
       [80.],
       [80.],
       [80.],
       [80.],
       [80.],
       [80.],
       [80.],
       [80.],
       [80.],
       [80.],
       [80.],
       [80.],
       [80.],
       [80.],
       [80.],
       [80.],
       [80.],
       [80.],
       [80.],
       [80.],
       [80.],
       [80.],
       [80.],
       [80.],
       [80.],
       [80.],
       [80.],
       [80.],
       [80.],
       [80.],
       [80.],
       [80.],
       [80.],
       [80.],
       [80.],
       [80.],
       [80.],
       [80.],
       [80.],
       [80.],
       [80.],
       [80.],
       [80.],
       [80.],
       [80.],
       [80.],
       [80.],
       [80.],
       [80.],
       [80.],
       [80.],
       [80.],
       [80.],
       [80.],
       [80.],
       [80.],
       [80.],
       [80.],
       [80.],
       [80.],
       [80.],
       [80.],
       [80.],
       [80.],
       [80.],
       [80.],
       [80.],
       [80.],
       [80.],
       [80.],
       [80.],
       [80.],
       [80.],
       [80.],
       [80.],
       [80.],
       [80.],
       [80.],
       [80.],
       [80.],
       [80.],
       [80.],
       [80.],
       [80.],
       [80.],
       [80.],
       [80.],
       [80.],
       [80.],
       [80.],
       [80.],
       [80.],
       [80.],
       [80.],
       [80.],
       [80.],
       [80.],
       [80.],
       [80.],
       [80.],
       [80.],
       [80.],
       [80.],
       [80.],
       [80.],
       [80.],
       [80.],
       [80.],
       [80.],
       [80.],
       [80.],
       [80.],
       [80.],
       [80.],
       [80.],
       [80.],
       [80.],
       [80.],
       [80.],
       [80.],
       [80.],
       [80.],
       [80.],
       [80.],
       [80.],
       [80.],
       [80.],
       [80.],
       [80.],
       [80.],
       [80.],
       [80.],
       [80.],
       [80.],
       [80.],
       [80.],
       [80.],
       [80.],
       [80.],
       [80.],
       [80.]]), 'dt': 0.01, 'N': 400, 'l': 1e-05}","{'Q': 184.21052631578945, 'gbar': 14.736842105263158, 'T': 10000, 'supervisor': array([[-1.89214982e-17],
       [ 4.44288287e-04],
       [ 8.88576529e-04],
       ...,
       [-1.33286468e-03],
       [-8.88576529e-04],
       [-4.44288287e-04]]), 'BIAS': array([[80.],
       [80.],
       [80.],
       [80.],
       [80.],
       [80.],
       [80.],
       [80.],
       [80.],
       [80.],
       [80.],
       [80.],
       [80.],
       [80.],
       [80.],
       [80.],
       [80.],
       [80.],
       [80.],
       [80.],
       [80.],
       [80.],
       [80.],
       [80.],
       [80.],
       [80.],
       [80.],
       [80.],
       [80.],
       [80.],
       [80.],
       [80.],
       [80.],
       [80.],
       [80.],
       [80.],
       [80.],
       [80.],
       [80.],
       [80.],
       [80.],
       [80.],
       [80.],
       [80.],
       [80.],
       [80.],
       [80.],
       [80.],
       [80.],
       [80.],
       [80.],
       [80.],
       [80.],
       [80.],
       [80.],
       [80.],
       [80.],
       [80.],
       [80.],
       [80.],
       [80.],
       [80.],
       [80.],
       [80.],
       [80.],
       [80.],
       [80.],
       [80.],
       [80.],
       [80.],
       [80.],
       [80.],
       [80.],
       [80.],
       [80.],
       [80.],
       [80.],
       [80.],
       [80.],
       [80.],
       [80.],
       [80.],
       [80.],
       [80.],
       [80.],
       [80.],
       [80.],
       [80.],
       [80.],
       [80.],
       [80.],
       [80.],
       [80.],
       [80.],
       [80.],
       [80.],
       [80.],
       [80.],
       [80.],
       [80.],
       [80.],
       [80.],
       [80.],
       [80.],
       [80.],
       [80.],
       [80.],
       [80.],
       [80.],
       [80.],
       [80.],
       [80.],
       [80.],
       [80.],
       [80.],
       [80.],
       [80.],
       [80.],
       [80.],
       [80.],
       [80.],
       [80.],
       [80.],
       [80.],
       [80.],
       [80.],
       [80.],
       [80.],
       [80.],
       [80.],
       [80.],
       [80.],
       [80.],
       [80.],
       [80.],
       [80.],
       [80.],
       [80.],
       [80.],
       [80.],
       [80.],
       [80.],
       [80.],
       [80.],
       [80.],
       [80.],
       [80.],
       [80.],
       [80.],
       [80.],
       [80.],
       [80.],
       [80.],
       [80.],
       [80.],
       [80.],
       [80.],
       [80.],
       [80.],
       [80.],
       [80.],
       [80.],
       [80.],
       [80.],
       [80.],
       [80.],
       [80.],
       [80.],
       [80.],
       [80.],
       [80.],
       [80.],
       [80.],
       [80.],
       [80.],
       [80.],
       [80.],
       [80.],
       [80.],
       [80.],
       [80.],
       [80.],
       [80.],
       [80.],
       [80.],
       [80.],
       [80.],
       [80.],
       [80.],
       [80.],
       [80.],
       [80.],
       [80.],
       [80.],
       [80.],
       [80.],
       [80.],
       [80.],
       [80.],
       [80.],
       [80.],
       [80.],
       [80.],
       [80.],
       [80.],
       [80.],
       [80.],
       [80.],
       [80.],
       [80.],
       [80.],
       [80.],
       [80.],
       [80.],
       [80.],
       [80.],
       [80.],
       [80.],
       [80.],
       [80.],
       [80.],
       [80.],
       [80.],
       [80.],
       [80.],
       [80.],
       [80.],
       [80.],
       [80.],
       [80.],
       [80.],
       [80.],
       [80.],
       [80.],
       [80.],
       [80.],
       [80.],
       [80.],
       [80.],
       [80.],
       [80.],
       [80.],
       [80.],
       [80.],
       [80.],
       [80.],
       [80.],
       [80.],
       [80.],
       [80.],
       [80.],
       [80.],
       [80.],
       [80.],
       [80.],
       [80.],
       [80.],
       [80.],
       [80.],
       [80.],
       [80.],
       [80.],
       [80.],
       [80.],
       [80.],
       [80.],
       [80.],
       [80.],
       [80.],
       [80.],
       [80.],
       [80.],
       [80.],
       [80.],
       [80.],
       [80.],
       [80.],
       [80.],
       [80.],
       [80.],
       [80.],
       [80.],
       [80.],
       [80.],
       [80.],
       [80.],
       [80.],
       [80.],
       [80.],
       [80.],
       [80.],
       [80.],
       [80.],
       [80.],
       [80.],
       [80.],
       [80.],
       [80.],
       [80.],
       [80.],
       [80.],
       [80.],
       [80.],
       [80.],
       [80.],
       [80.],
       [80.],
       [80.],
       [80.],
       [80.],
       [80.],
       [80.],
       [80.],
       [80.],
       [80.],
       [80.],
       [80.],
       [80.],
       [80.],
       [80.],
       [80.],
       [80.],
       [80.],
       [80.],
       [80.],
       [80.],
       [80.],
       [80.],
       [80.],
       [80.],
       [80.],
       [80.],
       [80.],
       [80.],
       [80.],
       [80.],
       [80.],
       [80.],
       [80.],
       [80.],
       [80.],
       [80.],
       [80.],
       [80.],
       [80.],
       [80.],
       [80.],
       [80.],
       [80.],
       [80.],
       [80.],
       [80.],
       [80.],
       [80.],
       [80.],
       [80.],
       [80.],
       [80.],
       [80.],
       [80.],
       [80.],
       [80.],
       [80.],
       [80.],
       [80.],
       [80.],
       [80.],
       [80.],
       [80.],
       [80.],
       [80.],
       [80.],
       [80.],
       [80.],
       [80.],
       [80.],
       [80.],
       [80.],
       [80.],
       [80.],
       [80.],
       [80.],
       [80.],
       [80.],
       [80.],
       [80.],
       [80.],
       [80.],
       [80.],
       [80.],
       [80.],
       [80.],
       [80.],
       [80.],
       [80.],
       [80.],
       [80.],
       [80.],
       [80.],
       [80.]]), 'dt': 0.01, 'N': 400, 'l': 1e-05}","{'Q': 184.21052631578945, 'gbar': 15.789473684210526, 'T': 10000, 'supervisor': array([[-1.89214982e-17],
       [ 4.44288287e-04],
       [ 8.88576529e-04],
       ...,
       [-1.33286468e-03],
       [-8.88576529e-04],
       [-4.44288287e-04]]), 'BIAS': array([[80.],
       [80.],
       [80.],
       [80.],
       [80.],
       [80.],
       [80.],
       [80.],
       [80.],
       [80.],
       [80.],
       [80.],
       [80.],
       [80.],
       [80.],
       [80.],
       [80.],
       [80.],
       [80.],
       [80.],
       [80.],
       [80.],
       [80.],
       [80.],
       [80.],
       [80.],
       [80.],
       [80.],
       [80.],
       [80.],
       [80.],
       [80.],
       [80.],
       [80.],
       [80.],
       [80.],
       [80.],
       [80.],
       [80.],
       [80.],
       [80.],
       [80.],
       [80.],
       [80.],
       [80.],
       [80.],
       [80.],
       [80.],
       [80.],
       [80.],
       [80.],
       [80.],
       [80.],
       [80.],
       [80.],
       [80.],
       [80.],
       [80.],
       [80.],
       [80.],
       [80.],
       [80.],
       [80.],
       [80.],
       [80.],
       [80.],
       [80.],
       [80.],
       [80.],
       [80.],
       [80.],
       [80.],
       [80.],
       [80.],
       [80.],
       [80.],
       [80.],
       [80.],
       [80.],
       [80.],
       [80.],
       [80.],
       [80.],
       [80.],
       [80.],
       [80.],
       [80.],
       [80.],
       [80.],
       [80.],
       [80.],
       [80.],
       [80.],
       [80.],
       [80.],
       [80.],
       [80.],
       [80.],
       [80.],
       [80.],
       [80.],
       [80.],
       [80.],
       [80.],
       [80.],
       [80.],
       [80.],
       [80.],
       [80.],
       [80.],
       [80.],
       [80.],
       [80.],
       [80.],
       [80.],
       [80.],
       [80.],
       [80.],
       [80.],
       [80.],
       [80.],
       [80.],
       [80.],
       [80.],
       [80.],
       [80.],
       [80.],
       [80.],
       [80.],
       [80.],
       [80.],
       [80.],
       [80.],
       [80.],
       [80.],
       [80.],
       [80.],
       [80.],
       [80.],
       [80.],
       [80.],
       [80.],
       [80.],
       [80.],
       [80.],
       [80.],
       [80.],
       [80.],
       [80.],
       [80.],
       [80.],
       [80.],
       [80.],
       [80.],
       [80.],
       [80.],
       [80.],
       [80.],
       [80.],
       [80.],
       [80.],
       [80.],
       [80.],
       [80.],
       [80.],
       [80.],
       [80.],
       [80.],
       [80.],
       [80.],
       [80.],
       [80.],
       [80.],
       [80.],
       [80.],
       [80.],
       [80.],
       [80.],
       [80.],
       [80.],
       [80.],
       [80.],
       [80.],
       [80.],
       [80.],
       [80.],
       [80.],
       [80.],
       [80.],
       [80.],
       [80.],
       [80.],
       [80.],
       [80.],
       [80.],
       [80.],
       [80.],
       [80.],
       [80.],
       [80.],
       [80.],
       [80.],
       [80.],
       [80.],
       [80.],
       [80.],
       [80.],
       [80.],
       [80.],
       [80.],
       [80.],
       [80.],
       [80.],
       [80.],
       [80.],
       [80.],
       [80.],
       [80.],
       [80.],
       [80.],
       [80.],
       [80.],
       [80.],
       [80.],
       [80.],
       [80.],
       [80.],
       [80.],
       [80.],
       [80.],
       [80.],
       [80.],
       [80.],
       [80.],
       [80.],
       [80.],
       [80.],
       [80.],
       [80.],
       [80.],
       [80.],
       [80.],
       [80.],
       [80.],
       [80.],
       [80.],
       [80.],
       [80.],
       [80.],
       [80.],
       [80.],
       [80.],
       [80.],
       [80.],
       [80.],
       [80.],
       [80.],
       [80.],
       [80.],
       [80.],
       [80.],
       [80.],
       [80.],
       [80.],
       [80.],
       [80.],
       [80.],
       [80.],
       [80.],
       [80.],
       [80.],
       [80.],
       [80.],
       [80.],
       [80.],
       [80.],
       [80.],
       [80.],
       [80.],
       [80.],
       [80.],
       [80.],
       [80.],
       [80.],
       [80.],
       [80.],
       [80.],
       [80.],
       [80.],
       [80.],
       [80.],
       [80.],
       [80.],
       [80.],
       [80.],
       [80.],
       [80.],
       [80.],
       [80.],
       [80.],
       [80.],
       [80.],
       [80.],
       [80.],
       [80.],
       [80.],
       [80.],
       [80.],
       [80.],
       [80.],
       [80.],
       [80.],
       [80.],
       [80.],
       [80.],
       [80.],
       [80.],
       [80.],
       [80.],
       [80.],
       [80.],
       [80.],
       [80.],
       [80.],
       [80.],
       [80.],
       [80.],
       [80.],
       [80.],
       [80.],
       [80.],
       [80.],
       [80.],
       [80.],
       [80.],
       [80.],
       [80.],
       [80.],
       [80.],
       [80.],
       [80.],
       [80.],
       [80.],
       [80.],
       [80.],
       [80.],
       [80.],
       [80.],
       [80.],
       [80.],
       [80.],
       [80.],
       [80.],
       [80.],
       [80.],
       [80.],
       [80.],
       [80.],
       [80.],
       [80.],
       [80.],
       [80.],
       [80.],
       [80.],
       [80.],
       [80.],
       [80.],
       [80.],
       [80.],
       [80.],
       [80.],
       [80.],
       [80.],
       [80.],
       [80.],
       [80.],
       [80.],
       [80.],
       [80.],
       [80.],
       [80.],
       [80.],
       [80.],
       [80.],
       [80.],
       [80.],
       [80.],
       [80.],
       [80.],
       [80.],
       [80.],
       [80.],
       [80.],
       [80.],
       [80.],
       [80.],
       [80.],
       [80.],
       [80.],
       [80.]]), 'dt': 0.01, 'N': 400, 'l': 1e-05}","{'Q': 184.21052631578945, 'gbar': 16.842105263157894, 'T': 10000, 'supervisor': array([[-1.89214982e-17],
       [ 4.44288287e-04],
       [ 8.88576529e-04],
       ...,
       [-1.33286468e-03],
       [-8.88576529e-04],
       [-4.44288287e-04]]), 'BIAS': array([[80.],
       [80.],
       [80.],
       [80.],
       [80.],
       [80.],
       [80.],
       [80.],
       [80.],
       [80.],
       [80.],
       [80.],
       [80.],
       [80.],
       [80.],
       [80.],
       [80.],
       [80.],
       [80.],
       [80.],
       [80.],
       [80.],
       [80.],
       [80.],
       [80.],
       [80.],
       [80.],
       [80.],
       [80.],
       [80.],
       [80.],
       [80.],
       [80.],
       [80.],
       [80.],
       [80.],
       [80.],
       [80.],
       [80.],
       [80.],
       [80.],
       [80.],
       [80.],
       [80.],
       [80.],
       [80.],
       [80.],
       [80.],
       [80.],
       [80.],
       [80.],
       [80.],
       [80.],
       [80.],
       [80.],
       [80.],
       [80.],
       [80.],
       [80.],
       [80.],
       [80.],
       [80.],
       [80.],
       [80.],
       [80.],
       [80.],
       [80.],
       [80.],
       [80.],
       [80.],
       [80.],
       [80.],
       [80.],
       [80.],
       [80.],
       [80.],
       [80.],
       [80.],
       [80.],
       [80.],
       [80.],
       [80.],
       [80.],
       [80.],
       [80.],
       [80.],
       [80.],
       [80.],
       [80.],
       [80.],
       [80.],
       [80.],
       [80.],
       [80.],
       [80.],
       [80.],
       [80.],
       [80.],
       [80.],
       [80.],
       [80.],
       [80.],
       [80.],
       [80.],
       [80.],
       [80.],
       [80.],
       [80.],
       [80.],
       [80.],
       [80.],
       [80.],
       [80.],
       [80.],
       [80.],
       [80.],
       [80.],
       [80.],
       [80.],
       [80.],
       [80.],
       [80.],
       [80.],
       [80.],
       [80.],
       [80.],
       [80.],
       [80.],
       [80.],
       [80.],
       [80.],
       [80.],
       [80.],
       [80.],
       [80.],
       [80.],
       [80.],
       [80.],
       [80.],
       [80.],
       [80.],
       [80.],
       [80.],
       [80.],
       [80.],
       [80.],
       [80.],
       [80.],
       [80.],
       [80.],
       [80.],
       [80.],
       [80.],
       [80.],
       [80.],
       [80.],
       [80.],
       [80.],
       [80.],
       [80.],
       [80.],
       [80.],
       [80.],
       [80.],
       [80.],
       [80.],
       [80.],
       [80.],
       [80.],
       [80.],
       [80.],
       [80.],
       [80.],
       [80.],
       [80.],
       [80.],
       [80.],
       [80.],
       [80.],
       [80.],
       [80.],
       [80.],
       [80.],
       [80.],
       [80.],
       [80.],
       [80.],
       [80.],
       [80.],
       [80.],
       [80.],
       [80.],
       [80.],
       [80.],
       [80.],
       [80.],
       [80.],
       [80.],
       [80.],
       [80.],
       [80.],
       [80.],
       [80.],
       [80.],
       [80.],
       [80.],
       [80.],
       [80.],
       [80.],
       [80.],
       [80.],
       [80.],
       [80.],
       [80.],
       [80.],
       [80.],
       [80.],
       [80.],
       [80.],
       [80.],
       [80.],
       [80.],
       [80.],
       [80.],
       [80.],
       [80.],
       [80.],
       [80.],
       [80.],
       [80.],
       [80.],
       [80.],
       [80.],
       [80.],
       [80.],
       [80.],
       [80.],
       [80.],
       [80.],
       [80.],
       [80.],
       [80.],
       [80.],
       [80.],
       [80.],
       [80.],
       [80.],
       [80.],
       [80.],
       [80.],
       [80.],
       [80.],
       [80.],
       [80.],
       [80.],
       [80.],
       [80.],
       [80.],
       [80.],
       [80.],
       [80.],
       [80.],
       [80.],
       [80.],
       [80.],
       [80.],
       [80.],
       [80.],
       [80.],
       [80.],
       [80.],
       [80.],
       [80.],
       [80.],
       [80.],
       [80.],
       [80.],
       [80.],
       [80.],
       [80.],
       [80.],
       [80.],
       [80.],
       [80.],
       [80.],
       [80.],
       [80.],
       [80.],
       [80.],
       [80.],
       [80.],
       [80.],
       [80.],
       [80.],
       [80.],
       [80.],
       [80.],
       [80.],
       [80.],
       [80.],
       [80.],
       [80.],
       [80.],
       [80.],
       [80.],
       [80.],
       [80.],
       [80.],
       [80.],
       [80.],
       [80.],
       [80.],
       [80.],
       [80.],
       [80.],
       [80.],
       [80.],
       [80.],
       [80.],
       [80.],
       [80.],
       [80.],
       [80.],
       [80.],
       [80.],
       [80.],
       [80.],
       [80.],
       [80.],
       [80.],
       [80.],
       [80.],
       [80.],
       [80.],
       [80.],
       [80.],
       [80.],
       [80.],
       [80.],
       [80.],
       [80.],
       [80.],
       [80.],
       [80.],
       [80.],
       [80.],
       [80.],
       [80.],
       [80.],
       [80.],
       [80.],
       [80.],
       [80.],
       [80.],
       [80.],
       [80.],
       [80.],
       [80.],
       [80.],
       [80.],
       [80.],
       [80.],
       [80.],
       [80.],
       [80.],
       [80.],
       [80.],
       [80.],
       [80.],
       [80.],
       [80.],
       [80.],
       [80.],
       [80.],
       [80.],
       [80.],
       [80.],
       [80.],
       [80.],
       [80.],
       [80.],
       [80.],
       [80.],
       [80.],
       [80.],
       [80.],
       [80.],
       [80.],
       [80.],
       [80.],
       [80.],
       [80.],
       [80.],
       [80.],
       [80.],
       [80.],
       [80.],
       [80.],
       [80.],
       [80.]]), 'dt': 0.01, 'N': 400, 'l': 1e-05}","{'Q': 184.21052631578945, 'gbar': 17.894736842105264, 'T': 10000, 'supervisor': array([[-1.89214982e-17],
       [ 4.44288287e-04],
       [ 8.88576529e-04],
       ...,
       [-1.33286468e-03],
       [-8.88576529e-04],
       [-4.44288287e-04]]), 'BIAS': array([[80.],
       [80.],
       [80.],
       [80.],
       [80.],
       [80.],
       [80.],
       [80.],
       [80.],
       [80.],
       [80.],
       [80.],
       [80.],
       [80.],
       [80.],
       [80.],
       [80.],
       [80.],
       [80.],
       [80.],
       [80.],
       [80.],
       [80.],
       [80.],
       [80.],
       [80.],
       [80.],
       [80.],
       [80.],
       [80.],
       [80.],
       [80.],
       [80.],
       [80.],
       [80.],
       [80.],
       [80.],
       [80.],
       [80.],
       [80.],
       [80.],
       [80.],
       [80.],
       [80.],
       [80.],
       [80.],
       [80.],
       [80.],
       [80.],
       [80.],
       [80.],
       [80.],
       [80.],
       [80.],
       [80.],
       [80.],
       [80.],
       [80.],
       [80.],
       [80.],
       [80.],
       [80.],
       [80.],
       [80.],
       [80.],
       [80.],
       [80.],
       [80.],
       [80.],
       [80.],
       [80.],
       [80.],
       [80.],
       [80.],
       [80.],
       [80.],
       [80.],
       [80.],
       [80.],
       [80.],
       [80.],
       [80.],
       [80.],
       [80.],
       [80.],
       [80.],
       [80.],
       [80.],
       [80.],
       [80.],
       [80.],
       [80.],
       [80.],
       [80.],
       [80.],
       [80.],
       [80.],
       [80.],
       [80.],
       [80.],
       [80.],
       [80.],
       [80.],
       [80.],
       [80.],
       [80.],
       [80.],
       [80.],
       [80.],
       [80.],
       [80.],
       [80.],
       [80.],
       [80.],
       [80.],
       [80.],
       [80.],
       [80.],
       [80.],
       [80.],
       [80.],
       [80.],
       [80.],
       [80.],
       [80.],
       [80.],
       [80.],
       [80.],
       [80.],
       [80.],
       [80.],
       [80.],
       [80.],
       [80.],
       [80.],
       [80.],
       [80.],
       [80.],
       [80.],
       [80.],
       [80.],
       [80.],
       [80.],
       [80.],
       [80.],
       [80.],
       [80.],
       [80.],
       [80.],
       [80.],
       [80.],
       [80.],
       [80.],
       [80.],
       [80.],
       [80.],
       [80.],
       [80.],
       [80.],
       [80.],
       [80.],
       [80.],
       [80.],
       [80.],
       [80.],
       [80.],
       [80.],
       [80.],
       [80.],
       [80.],
       [80.],
       [80.],
       [80.],
       [80.],
       [80.],
       [80.],
       [80.],
       [80.],
       [80.],
       [80.],
       [80.],
       [80.],
       [80.],
       [80.],
       [80.],
       [80.],
       [80.],
       [80.],
       [80.],
       [80.],
       [80.],
       [80.],
       [80.],
       [80.],
       [80.],
       [80.],
       [80.],
       [80.],
       [80.],
       [80.],
       [80.],
       [80.],
       [80.],
       [80.],
       [80.],
       [80.],
       [80.],
       [80.],
       [80.],
       [80.],
       [80.],
       [80.],
       [80.],
       [80.],
       [80.],
       [80.],
       [80.],
       [80.],
       [80.],
       [80.],
       [80.],
       [80.],
       [80.],
       [80.],
       [80.],
       [80.],
       [80.],
       [80.],
       [80.],
       [80.],
       [80.],
       [80.],
       [80.],
       [80.],
       [80.],
       [80.],
       [80.],
       [80.],
       [80.],
       [80.],
       [80.],
       [80.],
       [80.],
       [80.],
       [80.],
       [80.],
       [80.],
       [80.],
       [80.],
       [80.],
       [80.],
       [80.],
       [80.],
       [80.],
       [80.],
       [80.],
       [80.],
       [80.],
       [80.],
       [80.],
       [80.],
       [80.],
       [80.],
       [80.],
       [80.],
       [80.],
       [80.],
       [80.],
       [80.],
       [80.],
       [80.],
       [80.],
       [80.],
       [80.],
       [80.],
       [80.],
       [80.],
       [80.],
       [80.],
       [80.],
       [80.],
       [80.],
       [80.],
       [80.],
       [80.],
       [80.],
       [80.],
       [80.],
       [80.],
       [80.],
       [80.],
       [80.],
       [80.],
       [80.],
       [80.],
       [80.],
       [80.],
       [80.],
       [80.],
       [80.],
       [80.],
       [80.],
       [80.],
       [80.],
       [80.],
       [80.],
       [80.],
       [80.],
       [80.],
       [80.],
       [80.],
       [80.],
       [80.],
       [80.],
       [80.],
       [80.],
       [80.],
       [80.],
       [80.],
       [80.],
       [80.],
       [80.],
       [80.],
       [80.],
       [80.],
       [80.],
       [80.],
       [80.],
       [80.],
       [80.],
       [80.],
       [80.],
       [80.],
       [80.],
       [80.],
       [80.],
       [80.],
       [80.],
       [80.],
       [80.],
       [80.],
       [80.],
       [80.],
       [80.],
       [80.],
       [80.],
       [80.],
       [80.],
       [80.],
       [80.],
       [80.],
       [80.],
       [80.],
       [80.],
       [80.],
       [80.],
       [80.],
       [80.],
       [80.],
       [80.],
       [80.],
       [80.],
       [80.],
       [80.],
       [80.],
       [80.],
       [80.],
       [80.],
       [80.],
       [80.],
       [80.],
       [80.],
       [80.],
       [80.],
       [80.],
       [80.],
       [80.],
       [80.],
       [80.],
       [80.],
       [80.],
       [80.],
       [80.],
       [80.],
       [80.],
       [80.],
       [80.],
       [80.],
       [80.],
       [80.],
       [80.],
       [80.],
       [80.],
       [80.],
       [80.],
       [80.],
       [80.],
       [80.],
       [80.],
       [80.]]), 'dt': 0.01, 'N': 400, 'l': 1e-05}","{'Q': 184.21052631578945, 'gbar': 18.94736842105263, 'T': 10000, 'supervisor': array([[-1.89214982e-17],
       [ 4.44288287e-04],
       [ 8.88576529e-04],
       ...,
       [-1.33286468e-03],
       [-8.88576529e-04],
       [-4.44288287e-04]]), 'BIAS': array([[80.],
       [80.],
       [80.],
       [80.],
       [80.],
       [80.],
       [80.],
       [80.],
       [80.],
       [80.],
       [80.],
       [80.],
       [80.],
       [80.],
       [80.],
       [80.],
       [80.],
       [80.],
       [80.],
       [80.],
       [80.],
       [80.],
       [80.],
       [80.],
       [80.],
       [80.],
       [80.],
       [80.],
       [80.],
       [80.],
       [80.],
       [80.],
       [80.],
       [80.],
       [80.],
       [80.],
       [80.],
       [80.],
       [80.],
       [80.],
       [80.],
       [80.],
       [80.],
       [80.],
       [80.],
       [80.],
       [80.],
       [80.],
       [80.],
       [80.],
       [80.],
       [80.],
       [80.],
       [80.],
       [80.],
       [80.],
       [80.],
       [80.],
       [80.],
       [80.],
       [80.],
       [80.],
       [80.],
       [80.],
       [80.],
       [80.],
       [80.],
       [80.],
       [80.],
       [80.],
       [80.],
       [80.],
       [80.],
       [80.],
       [80.],
       [80.],
       [80.],
       [80.],
       [80.],
       [80.],
       [80.],
       [80.],
       [80.],
       [80.],
       [80.],
       [80.],
       [80.],
       [80.],
       [80.],
       [80.],
       [80.],
       [80.],
       [80.],
       [80.],
       [80.],
       [80.],
       [80.],
       [80.],
       [80.],
       [80.],
       [80.],
       [80.],
       [80.],
       [80.],
       [80.],
       [80.],
       [80.],
       [80.],
       [80.],
       [80.],
       [80.],
       [80.],
       [80.],
       [80.],
       [80.],
       [80.],
       [80.],
       [80.],
       [80.],
       [80.],
       [80.],
       [80.],
       [80.],
       [80.],
       [80.],
       [80.],
       [80.],
       [80.],
       [80.],
       [80.],
       [80.],
       [80.],
       [80.],
       [80.],
       [80.],
       [80.],
       [80.],
       [80.],
       [80.],
       [80.],
       [80.],
       [80.],
       [80.],
       [80.],
       [80.],
       [80.],
       [80.],
       [80.],
       [80.],
       [80.],
       [80.],
       [80.],
       [80.],
       [80.],
       [80.],
       [80.],
       [80.],
       [80.],
       [80.],
       [80.],
       [80.],
       [80.],
       [80.],
       [80.],
       [80.],
       [80.],
       [80.],
       [80.],
       [80.],
       [80.],
       [80.],
       [80.],
       [80.],
       [80.],
       [80.],
       [80.],
       [80.],
       [80.],
       [80.],
       [80.],
       [80.],
       [80.],
       [80.],
       [80.],
       [80.],
       [80.],
       [80.],
       [80.],
       [80.],
       [80.],
       [80.],
       [80.],
       [80.],
       [80.],
       [80.],
       [80.],
       [80.],
       [80.],
       [80.],
       [80.],
       [80.],
       [80.],
       [80.],
       [80.],
       [80.],
       [80.],
       [80.],
       [80.],
       [80.],
       [80.],
       [80.],
       [80.],
       [80.],
       [80.],
       [80.],
       [80.],
       [80.],
       [80.],
       [80.],
       [80.],
       [80.],
       [80.],
       [80.],
       [80.],
       [80.],
       [80.],
       [80.],
       [80.],
       [80.],
       [80.],
       [80.],
       [80.],
       [80.],
       [80.],
       [80.],
       [80.],
       [80.],
       [80.],
       [80.],
       [80.],
       [80.],
       [80.],
       [80.],
       [80.],
       [80.],
       [80.],
       [80.],
       [80.],
       [80.],
       [80.],
       [80.],
       [80.],
       [80.],
       [80.],
       [80.],
       [80.],
       [80.],
       [80.],
       [80.],
       [80.],
       [80.],
       [80.],
       [80.],
       [80.],
       [80.],
       [80.],
       [80.],
       [80.],
       [80.],
       [80.],
       [80.],
       [80.],
       [80.],
       [80.],
       [80.],
       [80.],
       [80.],
       [80.],
       [80.],
       [80.],
       [80.],
       [80.],
       [80.],
       [80.],
       [80.],
       [80.],
       [80.],
       [80.],
       [80.],
       [80.],
       [80.],
       [80.],
       [80.],
       [80.],
       [80.],
       [80.],
       [80.],
       [80.],
       [80.],
       [80.],
       [80.],
       [80.],
       [80.],
       [80.],
       [80.],
       [80.],
       [80.],
       [80.],
       [80.],
       [80.],
       [80.],
       [80.],
       [80.],
       [80.],
       [80.],
       [80.],
       [80.],
       [80.],
       [80.],
       [80.],
       [80.],
       [80.],
       [80.],
       [80.],
       [80.],
       [80.],
       [80.],
       [80.],
       [80.],
       [80.],
       [80.],
       [80.],
       [80.],
       [80.],
       [80.],
       [80.],
       [80.],
       [80.],
       [80.],
       [80.],
       [80.],
       [80.],
       [80.],
       [80.],
       [80.],
       [80.],
       [80.],
       [80.],
       [80.],
       [80.],
       [80.],
       [80.],
       [80.],
       [80.],
       [80.],
       [80.],
       [80.],
       [80.],
       [80.],
       [80.],
       [80.],
       [80.],
       [80.],
       [80.],
       [80.],
       [80.],
       [80.],
       [80.],
       [80.],
       [80.],
       [80.],
       [80.],
       [80.],
       [80.],
       [80.],
       [80.],
       [80.],
       [80.],
       [80.],
       [80.],
       [80.],
       [80.],
       [80.],
       [80.],
       [80.],
       [80.],
       [80.],
       [80.],
       [80.],
       [80.],
       [80.],
       [80.],
       [80.],
       [80.],
       [80.],
       [80.],
       [80.],
       [80.],
       [80.],
       [80.]]), 'dt': 0.01, 'N': 400, 'l': 1e-05}","{'Q': 184.21052631578945, 'gbar': 20.0, 'T': 10000, 'supervisor': array([[-1.89214982e-17],
       [ 4.44288287e-04],
       [ 8.88576529e-04],
       ...,
       [-1.33286468e-03],
       [-8.88576529e-04],
       [-4.44288287e-04]]), 'BIAS': array([[80.],
       [80.],
       [80.],
       [80.],
       [80.],
       [80.],
       [80.],
       [80.],
       [80.],
       [80.],
       [80.],
       [80.],
       [80.],
       [80.],
       [80.],
       [80.],
       [80.],
       [80.],
       [80.],
       [80.],
       [80.],
       [80.],
       [80.],
       [80.],
       [80.],
       [80.],
       [80.],
       [80.],
       [80.],
       [80.],
       [80.],
       [80.],
       [80.],
       [80.],
       [80.],
       [80.],
       [80.],
       [80.],
       [80.],
       [80.],
       [80.],
       [80.],
       [80.],
       [80.],
       [80.],
       [80.],
       [80.],
       [80.],
       [80.],
       [80.],
       [80.],
       [80.],
       [80.],
       [80.],
       [80.],
       [80.],
       [80.],
       [80.],
       [80.],
       [80.],
       [80.],
       [80.],
       [80.],
       [80.],
       [80.],
       [80.],
       [80.],
       [80.],
       [80.],
       [80.],
       [80.],
       [80.],
       [80.],
       [80.],
       [80.],
       [80.],
       [80.],
       [80.],
       [80.],
       [80.],
       [80.],
       [80.],
       [80.],
       [80.],
       [80.],
       [80.],
       [80.],
       [80.],
       [80.],
       [80.],
       [80.],
       [80.],
       [80.],
       [80.],
       [80.],
       [80.],
       [80.],
       [80.],
       [80.],
       [80.],
       [80.],
       [80.],
       [80.],
       [80.],
       [80.],
       [80.],
       [80.],
       [80.],
       [80.],
       [80.],
       [80.],
       [80.],
       [80.],
       [80.],
       [80.],
       [80.],
       [80.],
       [80.],
       [80.],
       [80.],
       [80.],
       [80.],
       [80.],
       [80.],
       [80.],
       [80.],
       [80.],
       [80.],
       [80.],
       [80.],
       [80.],
       [80.],
       [80.],
       [80.],
       [80.],
       [80.],
       [80.],
       [80.],
       [80.],
       [80.],
       [80.],
       [80.],
       [80.],
       [80.],
       [80.],
       [80.],
       [80.],
       [80.],
       [80.],
       [80.],
       [80.],
       [80.],
       [80.],
       [80.],
       [80.],
       [80.],
       [80.],
       [80.],
       [80.],
       [80.],
       [80.],
       [80.],
       [80.],
       [80.],
       [80.],
       [80.],
       [80.],
       [80.],
       [80.],
       [80.],
       [80.],
       [80.],
       [80.],
       [80.],
       [80.],
       [80.],
       [80.],
       [80.],
       [80.],
       [80.],
       [80.],
       [80.],
       [80.],
       [80.],
       [80.],
       [80.],
       [80.],
       [80.],
       [80.],
       [80.],
       [80.],
       [80.],
       [80.],
       [80.],
       [80.],
       [80.],
       [80.],
       [80.],
       [80.],
       [80.],
       [80.],
       [80.],
       [80.],
       [80.],
       [80.],
       [80.],
       [80.],
       [80.],
       [80.],
       [80.],
       [80.],
       [80.],
       [80.],
       [80.],
       [80.],
       [80.],
       [80.],
       [80.],
       [80.],
       [80.],
       [80.],
       [80.],
       [80.],
       [80.],
       [80.],
       [80.],
       [80.],
       [80.],
       [80.],
       [80.],
       [80.],
       [80.],
       [80.],
       [80.],
       [80.],
       [80.],
       [80.],
       [80.],
       [80.],
       [80.],
       [80.],
       [80.],
       [80.],
       [80.],
       [80.],
       [80.],
       [80.],
       [80.],
       [80.],
       [80.],
       [80.],
       [80.],
       [80.],
       [80.],
       [80.],
       [80.],
       [80.],
       [80.],
       [80.],
       [80.],
       [80.],
       [80.],
       [80.],
       [80.],
       [80.],
       [80.],
       [80.],
       [80.],
       [80.],
       [80.],
       [80.],
       [80.],
       [80.],
       [80.],
       [80.],
       [80.],
       [80.],
       [80.],
       [80.],
       [80.],
       [80.],
       [80.],
       [80.],
       [80.],
       [80.],
       [80.],
       [80.],
       [80.],
       [80.],
       [80.],
       [80.],
       [80.],
       [80.],
       [80.],
       [80.],
       [80.],
       [80.],
       [80.],
       [80.],
       [80.],
       [80.],
       [80.],
       [80.],
       [80.],
       [80.],
       [80.],
       [80.],
       [80.],
       [80.],
       [80.],
       [80.],
       [80.],
       [80.],
       [80.],
       [80.],
       [80.],
       [80.],
       [80.],
       [80.],
       [80.],
       [80.],
       [80.],
       [80.],
       [80.],
       [80.],
       [80.],
       [80.],
       [80.],
       [80.],
       [80.],
       [80.],
       [80.],
       [80.],
       [80.],
       [80.],
       [80.],
       [80.],
       [80.],
       [80.],
       [80.],
       [80.],
       [80.],
       [80.],
       [80.],
       [80.],
       [80.],
       [80.],
       [80.],
       [80.],
       [80.],
       [80.],
       [80.],
       [80.],
       [80.],
       [80.],
       [80.],
       [80.],
       [80.],
       [80.],
       [80.],
       [80.],
       [80.],
       [80.],
       [80.],
       [80.],
       [80.],
       [80.],
       [80.],
       [80.],
       [80.],
       [80.],
       [80.],
       [80.],
       [80.],
       [80.],
       [80.],
       [80.],
       [80.],
       [80.],
       [80.],
       [80.],
       [80.],
       [80.],
       [80.],
       [80.],
       [80.],
       [80.],
       [80.],
       [80.],
       [80.],
       [80.],
       [80.],
       [80.],
       [80.],
       [80.],
       [80.],
       [80.],
       [80.],
       [80.],
       [80.]]), 'dt': 0.01, 'N': 400, 'l': 1e-05}"
"{'Q': 210.52631578947367, 'gbar': 0.0, 'T': 10000, 'supervisor': array([[-1.89214982e-17],
       [ 4.44288287e-04],
       [ 8.88576529e-04],
       ...,
       [-1.33286468e-03],
       [-8.88576529e-04],
       [-4.44288287e-04]]), 'BIAS': array([[80.],
       [80.],
       [80.],
       [80.],
       [80.],
       [80.],
       [80.],
       [80.],
       [80.],
       [80.],
       [80.],
       [80.],
       [80.],
       [80.],
       [80.],
       [80.],
       [80.],
       [80.],
       [80.],
       [80.],
       [80.],
       [80.],
       [80.],
       [80.],
       [80.],
       [80.],
       [80.],
       [80.],
       [80.],
       [80.],
       [80.],
       [80.],
       [80.],
       [80.],
       [80.],
       [80.],
       [80.],
       [80.],
       [80.],
       [80.],
       [80.],
       [80.],
       [80.],
       [80.],
       [80.],
       [80.],
       [80.],
       [80.],
       [80.],
       [80.],
       [80.],
       [80.],
       [80.],
       [80.],
       [80.],
       [80.],
       [80.],
       [80.],
       [80.],
       [80.],
       [80.],
       [80.],
       [80.],
       [80.],
       [80.],
       [80.],
       [80.],
       [80.],
       [80.],
       [80.],
       [80.],
       [80.],
       [80.],
       [80.],
       [80.],
       [80.],
       [80.],
       [80.],
       [80.],
       [80.],
       [80.],
       [80.],
       [80.],
       [80.],
       [80.],
       [80.],
       [80.],
       [80.],
       [80.],
       [80.],
       [80.],
       [80.],
       [80.],
       [80.],
       [80.],
       [80.],
       [80.],
       [80.],
       [80.],
       [80.],
       [80.],
       [80.],
       [80.],
       [80.],
       [80.],
       [80.],
       [80.],
       [80.],
       [80.],
       [80.],
       [80.],
       [80.],
       [80.],
       [80.],
       [80.],
       [80.],
       [80.],
       [80.],
       [80.],
       [80.],
       [80.],
       [80.],
       [80.],
       [80.],
       [80.],
       [80.],
       [80.],
       [80.],
       [80.],
       [80.],
       [80.],
       [80.],
       [80.],
       [80.],
       [80.],
       [80.],
       [80.],
       [80.],
       [80.],
       [80.],
       [80.],
       [80.],
       [80.],
       [80.],
       [80.],
       [80.],
       [80.],
       [80.],
       [80.],
       [80.],
       [80.],
       [80.],
       [80.],
       [80.],
       [80.],
       [80.],
       [80.],
       [80.],
       [80.],
       [80.],
       [80.],
       [80.],
       [80.],
       [80.],
       [80.],
       [80.],
       [80.],
       [80.],
       [80.],
       [80.],
       [80.],
       [80.],
       [80.],
       [80.],
       [80.],
       [80.],
       [80.],
       [80.],
       [80.],
       [80.],
       [80.],
       [80.],
       [80.],
       [80.],
       [80.],
       [80.],
       [80.],
       [80.],
       [80.],
       [80.],
       [80.],
       [80.],
       [80.],
       [80.],
       [80.],
       [80.],
       [80.],
       [80.],
       [80.],
       [80.],
       [80.],
       [80.],
       [80.],
       [80.],
       [80.],
       [80.],
       [80.],
       [80.],
       [80.],
       [80.],
       [80.],
       [80.],
       [80.],
       [80.],
       [80.],
       [80.],
       [80.],
       [80.],
       [80.],
       [80.],
       [80.],
       [80.],
       [80.],
       [80.],
       [80.],
       [80.],
       [80.],
       [80.],
       [80.],
       [80.],
       [80.],
       [80.],
       [80.],
       [80.],
       [80.],
       [80.],
       [80.],
       [80.],
       [80.],
       [80.],
       [80.],
       [80.],
       [80.],
       [80.],
       [80.],
       [80.],
       [80.],
       [80.],
       [80.],
       [80.],
       [80.],
       [80.],
       [80.],
       [80.],
       [80.],
       [80.],
       [80.],
       [80.],
       [80.],
       [80.],
       [80.],
       [80.],
       [80.],
       [80.],
       [80.],
       [80.],
       [80.],
       [80.],
       [80.],
       [80.],
       [80.],
       [80.],
       [80.],
       [80.],
       [80.],
       [80.],
       [80.],
       [80.],
       [80.],
       [80.],
       [80.],
       [80.],
       [80.],
       [80.],
       [80.],
       [80.],
       [80.],
       [80.],
       [80.],
       [80.],
       [80.],
       [80.],
       [80.],
       [80.],
       [80.],
       [80.],
       [80.],
       [80.],
       [80.],
       [80.],
       [80.],
       [80.],
       [80.],
       [80.],
       [80.],
       [80.],
       [80.],
       [80.],
       [80.],
       [80.],
       [80.],
       [80.],
       [80.],
       [80.],
       [80.],
       [80.],
       [80.],
       [80.],
       [80.],
       [80.],
       [80.],
       [80.],
       [80.],
       [80.],
       [80.],
       [80.],
       [80.],
       [80.],
       [80.],
       [80.],
       [80.],
       [80.],
       [80.],
       [80.],
       [80.],
       [80.],
       [80.],
       [80.],
       [80.],
       [80.],
       [80.],
       [80.],
       [80.],
       [80.],
       [80.],
       [80.],
       [80.],
       [80.],
       [80.],
       [80.],
       [80.],
       [80.],
       [80.],
       [80.],
       [80.],
       [80.],
       [80.],
       [80.],
       [80.],
       [80.],
       [80.],
       [80.],
       [80.],
       [80.],
       [80.],
       [80.],
       [80.],
       [80.],
       [80.],
       [80.],
       [80.],
       [80.],
       [80.],
       [80.],
       [80.],
       [80.],
       [80.],
       [80.],
       [80.],
       [80.],
       [80.],
       [80.],
       [80.],
       [80.],
       [80.],
       [80.],
       [80.],
       [80.],
       [80.],
       [80.],
       [80.],
       [80.],
       [80.],
       [80.],
       [80.],
       [80.],
       [80.],
       [80.],
       [80.],
       [80.]]), 'dt': 0.01, 'N': 400, 'l': 1e-05}","{'Q': 210.52631578947367, 'gbar': 1.0526315789473684, 'T': 10000, 'supervisor': array([[-1.89214982e-17],
       [ 4.44288287e-04],
       [ 8.88576529e-04],
       ...,
       [-1.33286468e-03],
       [-8.88576529e-04],
       [-4.44288287e-04]]), 'BIAS': array([[80.],
       [80.],
       [80.],
       [80.],
       [80.],
       [80.],
       [80.],
       [80.],
       [80.],
       [80.],
       [80.],
       [80.],
       [80.],
       [80.],
       [80.],
       [80.],
       [80.],
       [80.],
       [80.],
       [80.],
       [80.],
       [80.],
       [80.],
       [80.],
       [80.],
       [80.],
       [80.],
       [80.],
       [80.],
       [80.],
       [80.],
       [80.],
       [80.],
       [80.],
       [80.],
       [80.],
       [80.],
       [80.],
       [80.],
       [80.],
       [80.],
       [80.],
       [80.],
       [80.],
       [80.],
       [80.],
       [80.],
       [80.],
       [80.],
       [80.],
       [80.],
       [80.],
       [80.],
       [80.],
       [80.],
       [80.],
       [80.],
       [80.],
       [80.],
       [80.],
       [80.],
       [80.],
       [80.],
       [80.],
       [80.],
       [80.],
       [80.],
       [80.],
       [80.],
       [80.],
       [80.],
       [80.],
       [80.],
       [80.],
       [80.],
       [80.],
       [80.],
       [80.],
       [80.],
       [80.],
       [80.],
       [80.],
       [80.],
       [80.],
       [80.],
       [80.],
       [80.],
       [80.],
       [80.],
       [80.],
       [80.],
       [80.],
       [80.],
       [80.],
       [80.],
       [80.],
       [80.],
       [80.],
       [80.],
       [80.],
       [80.],
       [80.],
       [80.],
       [80.],
       [80.],
       [80.],
       [80.],
       [80.],
       [80.],
       [80.],
       [80.],
       [80.],
       [80.],
       [80.],
       [80.],
       [80.],
       [80.],
       [80.],
       [80.],
       [80.],
       [80.],
       [80.],
       [80.],
       [80.],
       [80.],
       [80.],
       [80.],
       [80.],
       [80.],
       [80.],
       [80.],
       [80.],
       [80.],
       [80.],
       [80.],
       [80.],
       [80.],
       [80.],
       [80.],
       [80.],
       [80.],
       [80.],
       [80.],
       [80.],
       [80.],
       [80.],
       [80.],
       [80.],
       [80.],
       [80.],
       [80.],
       [80.],
       [80.],
       [80.],
       [80.],
       [80.],
       [80.],
       [80.],
       [80.],
       [80.],
       [80.],
       [80.],
       [80.],
       [80.],
       [80.],
       [80.],
       [80.],
       [80.],
       [80.],
       [80.],
       [80.],
       [80.],
       [80.],
       [80.],
       [80.],
       [80.],
       [80.],
       [80.],
       [80.],
       [80.],
       [80.],
       [80.],
       [80.],
       [80.],
       [80.],
       [80.],
       [80.],
       [80.],
       [80.],
       [80.],
       [80.],
       [80.],
       [80.],
       [80.],
       [80.],
       [80.],
       [80.],
       [80.],
       [80.],
       [80.],
       [80.],
       [80.],
       [80.],
       [80.],
       [80.],
       [80.],
       [80.],
       [80.],
       [80.],
       [80.],
       [80.],
       [80.],
       [80.],
       [80.],
       [80.],
       [80.],
       [80.],
       [80.],
       [80.],
       [80.],
       [80.],
       [80.],
       [80.],
       [80.],
       [80.],
       [80.],
       [80.],
       [80.],
       [80.],
       [80.],
       [80.],
       [80.],
       [80.],
       [80.],
       [80.],
       [80.],
       [80.],
       [80.],
       [80.],
       [80.],
       [80.],
       [80.],
       [80.],
       [80.],
       [80.],
       [80.],
       [80.],
       [80.],
       [80.],
       [80.],
       [80.],
       [80.],
       [80.],
       [80.],
       [80.],
       [80.],
       [80.],
       [80.],
       [80.],
       [80.],
       [80.],
       [80.],
       [80.],
       [80.],
       [80.],
       [80.],
       [80.],
       [80.],
       [80.],
       [80.],
       [80.],
       [80.],
       [80.],
       [80.],
       [80.],
       [80.],
       [80.],
       [80.],
       [80.],
       [80.],
       [80.],
       [80.],
       [80.],
       [80.],
       [80.],
       [80.],
       [80.],
       [80.],
       [80.],
       [80.],
       [80.],
       [80.],
       [80.],
       [80.],
       [80.],
       [80.],
       [80.],
       [80.],
       [80.],
       [80.],
       [80.],
       [80.],
       [80.],
       [80.],
       [80.],
       [80.],
       [80.],
       [80.],
       [80.],
       [80.],
       [80.],
       [80.],
       [80.],
       [80.],
       [80.],
       [80.],
       [80.],
       [80.],
       [80.],
       [80.],
       [80.],
       [80.],
       [80.],
       [80.],
       [80.],
       [80.],
       [80.],
       [80.],
       [80.],
       [80.],
       [80.],
       [80.],
       [80.],
       [80.],
       [80.],
       [80.],
       [80.],
       [80.],
       [80.],
       [80.],
       [80.],
       [80.],
       [80.],
       [80.],
       [80.],
       [80.],
       [80.],
       [80.],
       [80.],
       [80.],
       [80.],
       [80.],
       [80.],
       [80.],
       [80.],
       [80.],
       [80.],
       [80.],
       [80.],
       [80.],
       [80.],
       [80.],
       [80.],
       [80.],
       [80.],
       [80.],
       [80.],
       [80.],
       [80.],
       [80.],
       [80.],
       [80.],
       [80.],
       [80.],
       [80.],
       [80.],
       [80.],
       [80.],
       [80.],
       [80.],
       [80.],
       [80.],
       [80.],
       [80.],
       [80.],
       [80.],
       [80.],
       [80.],
       [80.],
       [80.],
       [80.],
       [80.],
       [80.],
       [80.],
       [80.],
       [80.],
       [80.],
       [80.],
       [80.],
       [80.]]), 'dt': 0.01, 'N': 400, 'l': 1e-05}","{'Q': 210.52631578947367, 'gbar': 2.1052631578947367, 'T': 10000, 'supervisor': array([[-1.89214982e-17],
       [ 4.44288287e-04],
       [ 8.88576529e-04],
       ...,
       [-1.33286468e-03],
       [-8.88576529e-04],
       [-4.44288287e-04]]), 'BIAS': array([[80.],
       [80.],
       [80.],
       [80.],
       [80.],
       [80.],
       [80.],
       [80.],
       [80.],
       [80.],
       [80.],
       [80.],
       [80.],
       [80.],
       [80.],
       [80.],
       [80.],
       [80.],
       [80.],
       [80.],
       [80.],
       [80.],
       [80.],
       [80.],
       [80.],
       [80.],
       [80.],
       [80.],
       [80.],
       [80.],
       [80.],
       [80.],
       [80.],
       [80.],
       [80.],
       [80.],
       [80.],
       [80.],
       [80.],
       [80.],
       [80.],
       [80.],
       [80.],
       [80.],
       [80.],
       [80.],
       [80.],
       [80.],
       [80.],
       [80.],
       [80.],
       [80.],
       [80.],
       [80.],
       [80.],
       [80.],
       [80.],
       [80.],
       [80.],
       [80.],
       [80.],
       [80.],
       [80.],
       [80.],
       [80.],
       [80.],
       [80.],
       [80.],
       [80.],
       [80.],
       [80.],
       [80.],
       [80.],
       [80.],
       [80.],
       [80.],
       [80.],
       [80.],
       [80.],
       [80.],
       [80.],
       [80.],
       [80.],
       [80.],
       [80.],
       [80.],
       [80.],
       [80.],
       [80.],
       [80.],
       [80.],
       [80.],
       [80.],
       [80.],
       [80.],
       [80.],
       [80.],
       [80.],
       [80.],
       [80.],
       [80.],
       [80.],
       [80.],
       [80.],
       [80.],
       [80.],
       [80.],
       [80.],
       [80.],
       [80.],
       [80.],
       [80.],
       [80.],
       [80.],
       [80.],
       [80.],
       [80.],
       [80.],
       [80.],
       [80.],
       [80.],
       [80.],
       [80.],
       [80.],
       [80.],
       [80.],
       [80.],
       [80.],
       [80.],
       [80.],
       [80.],
       [80.],
       [80.],
       [80.],
       [80.],
       [80.],
       [80.],
       [80.],
       [80.],
       [80.],
       [80.],
       [80.],
       [80.],
       [80.],
       [80.],
       [80.],
       [80.],
       [80.],
       [80.],
       [80.],
       [80.],
       [80.],
       [80.],
       [80.],
       [80.],
       [80.],
       [80.],
       [80.],
       [80.],
       [80.],
       [80.],
       [80.],
       [80.],
       [80.],
       [80.],
       [80.],
       [80.],
       [80.],
       [80.],
       [80.],
       [80.],
       [80.],
       [80.],
       [80.],
       [80.],
       [80.],
       [80.],
       [80.],
       [80.],
       [80.],
       [80.],
       [80.],
       [80.],
       [80.],
       [80.],
       [80.],
       [80.],
       [80.],
       [80.],
       [80.],
       [80.],
       [80.],
       [80.],
       [80.],
       [80.],
       [80.],
       [80.],
       [80.],
       [80.],
       [80.],
       [80.],
       [80.],
       [80.],
       [80.],
       [80.],
       [80.],
       [80.],
       [80.],
       [80.],
       [80.],
       [80.],
       [80.],
       [80.],
       [80.],
       [80.],
       [80.],
       [80.],
       [80.],
       [80.],
       [80.],
       [80.],
       [80.],
       [80.],
       [80.],
       [80.],
       [80.],
       [80.],
       [80.],
       [80.],
       [80.],
       [80.],
       [80.],
       [80.],
       [80.],
       [80.],
       [80.],
       [80.],
       [80.],
       [80.],
       [80.],
       [80.],
       [80.],
       [80.],
       [80.],
       [80.],
       [80.],
       [80.],
       [80.],
       [80.],
       [80.],
       [80.],
       [80.],
       [80.],
       [80.],
       [80.],
       [80.],
       [80.],
       [80.],
       [80.],
       [80.],
       [80.],
       [80.],
       [80.],
       [80.],
       [80.],
       [80.],
       [80.],
       [80.],
       [80.],
       [80.],
       [80.],
       [80.],
       [80.],
       [80.],
       [80.],
       [80.],
       [80.],
       [80.],
       [80.],
       [80.],
       [80.],
       [80.],
       [80.],
       [80.],
       [80.],
       [80.],
       [80.],
       [80.],
       [80.],
       [80.],
       [80.],
       [80.],
       [80.],
       [80.],
       [80.],
       [80.],
       [80.],
       [80.],
       [80.],
       [80.],
       [80.],
       [80.],
       [80.],
       [80.],
       [80.],
       [80.],
       [80.],
       [80.],
       [80.],
       [80.],
       [80.],
       [80.],
       [80.],
       [80.],
       [80.],
       [80.],
       [80.],
       [80.],
       [80.],
       [80.],
       [80.],
       [80.],
       [80.],
       [80.],
       [80.],
       [80.],
       [80.],
       [80.],
       [80.],
       [80.],
       [80.],
       [80.],
       [80.],
       [80.],
       [80.],
       [80.],
       [80.],
       [80.],
       [80.],
       [80.],
       [80.],
       [80.],
       [80.],
       [80.],
       [80.],
       [80.],
       [80.],
       [80.],
       [80.],
       [80.],
       [80.],
       [80.],
       [80.],
       [80.],
       [80.],
       [80.],
       [80.],
       [80.],
       [80.],
       [80.],
       [80.],
       [80.],
       [80.],
       [80.],
       [80.],
       [80.],
       [80.],
       [80.],
       [80.],
       [80.],
       [80.],
       [80.],
       [80.],
       [80.],
       [80.],
       [80.],
       [80.],
       [80.],
       [80.],
       [80.],
       [80.],
       [80.],
       [80.],
       [80.],
       [80.],
       [80.],
       [80.],
       [80.],
       [80.],
       [80.],
       [80.],
       [80.],
       [80.],
       [80.],
       [80.],
       [80.],
       [80.],
       [80.],
       [80.],
       [80.]]), 'dt': 0.01, 'N': 400, 'l': 1e-05}","{'Q': 210.52631578947367, 'gbar': 3.1578947368421053, 'T': 10000, 'supervisor': array([[-1.89214982e-17],
       [ 4.44288287e-04],
       [ 8.88576529e-04],
       ...,
       [-1.33286468e-03],
       [-8.88576529e-04],
       [-4.44288287e-04]]), 'BIAS': array([[80.],
       [80.],
       [80.],
       [80.],
       [80.],
       [80.],
       [80.],
       [80.],
       [80.],
       [80.],
       [80.],
       [80.],
       [80.],
       [80.],
       [80.],
       [80.],
       [80.],
       [80.],
       [80.],
       [80.],
       [80.],
       [80.],
       [80.],
       [80.],
       [80.],
       [80.],
       [80.],
       [80.],
       [80.],
       [80.],
       [80.],
       [80.],
       [80.],
       [80.],
       [80.],
       [80.],
       [80.],
       [80.],
       [80.],
       [80.],
       [80.],
       [80.],
       [80.],
       [80.],
       [80.],
       [80.],
       [80.],
       [80.],
       [80.],
       [80.],
       [80.],
       [80.],
       [80.],
       [80.],
       [80.],
       [80.],
       [80.],
       [80.],
       [80.],
       [80.],
       [80.],
       [80.],
       [80.],
       [80.],
       [80.],
       [80.],
       [80.],
       [80.],
       [80.],
       [80.],
       [80.],
       [80.],
       [80.],
       [80.],
       [80.],
       [80.],
       [80.],
       [80.],
       [80.],
       [80.],
       [80.],
       [80.],
       [80.],
       [80.],
       [80.],
       [80.],
       [80.],
       [80.],
       [80.],
       [80.],
       [80.],
       [80.],
       [80.],
       [80.],
       [80.],
       [80.],
       [80.],
       [80.],
       [80.],
       [80.],
       [80.],
       [80.],
       [80.],
       [80.],
       [80.],
       [80.],
       [80.],
       [80.],
       [80.],
       [80.],
       [80.],
       [80.],
       [80.],
       [80.],
       [80.],
       [80.],
       [80.],
       [80.],
       [80.],
       [80.],
       [80.],
       [80.],
       [80.],
       [80.],
       [80.],
       [80.],
       [80.],
       [80.],
       [80.],
       [80.],
       [80.],
       [80.],
       [80.],
       [80.],
       [80.],
       [80.],
       [80.],
       [80.],
       [80.],
       [80.],
       [80.],
       [80.],
       [80.],
       [80.],
       [80.],
       [80.],
       [80.],
       [80.],
       [80.],
       [80.],
       [80.],
       [80.],
       [80.],
       [80.],
       [80.],
       [80.],
       [80.],
       [80.],
       [80.],
       [80.],
       [80.],
       [80.],
       [80.],
       [80.],
       [80.],
       [80.],
       [80.],
       [80.],
       [80.],
       [80.],
       [80.],
       [80.],
       [80.],
       [80.],
       [80.],
       [80.],
       [80.],
       [80.],
       [80.],
       [80.],
       [80.],
       [80.],
       [80.],
       [80.],
       [80.],
       [80.],
       [80.],
       [80.],
       [80.],
       [80.],
       [80.],
       [80.],
       [80.],
       [80.],
       [80.],
       [80.],
       [80.],
       [80.],
       [80.],
       [80.],
       [80.],
       [80.],
       [80.],
       [80.],
       [80.],
       [80.],
       [80.],
       [80.],
       [80.],
       [80.],
       [80.],
       [80.],
       [80.],
       [80.],
       [80.],
       [80.],
       [80.],
       [80.],
       [80.],
       [80.],
       [80.],
       [80.],
       [80.],
       [80.],
       [80.],
       [80.],
       [80.],
       [80.],
       [80.],
       [80.],
       [80.],
       [80.],
       [80.],
       [80.],
       [80.],
       [80.],
       [80.],
       [80.],
       [80.],
       [80.],
       [80.],
       [80.],
       [80.],
       [80.],
       [80.],
       [80.],
       [80.],
       [80.],
       [80.],
       [80.],
       [80.],
       [80.],
       [80.],
       [80.],
       [80.],
       [80.],
       [80.],
       [80.],
       [80.],
       [80.],
       [80.],
       [80.],
       [80.],
       [80.],
       [80.],
       [80.],
       [80.],
       [80.],
       [80.],
       [80.],
       [80.],
       [80.],
       [80.],
       [80.],
       [80.],
       [80.],
       [80.],
       [80.],
       [80.],
       [80.],
       [80.],
       [80.],
       [80.],
       [80.],
       [80.],
       [80.],
       [80.],
       [80.],
       [80.],
       [80.],
       [80.],
       [80.],
       [80.],
       [80.],
       [80.],
       [80.],
       [80.],
       [80.],
       [80.],
       [80.],
       [80.],
       [80.],
       [80.],
       [80.],
       [80.],
       [80.],
       [80.],
       [80.],
       [80.],
       [80.],
       [80.],
       [80.],
       [80.],
       [80.],
       [80.],
       [80.],
       [80.],
       [80.],
       [80.],
       [80.],
       [80.],
       [80.],
       [80.],
       [80.],
       [80.],
       [80.],
       [80.],
       [80.],
       [80.],
       [80.],
       [80.],
       [80.],
       [80.],
       [80.],
       [80.],
       [80.],
       [80.],
       [80.],
       [80.],
       [80.],
       [80.],
       [80.],
       [80.],
       [80.],
       [80.],
       [80.],
       [80.],
       [80.],
       [80.],
       [80.],
       [80.],
       [80.],
       [80.],
       [80.],
       [80.],
       [80.],
       [80.],
       [80.],
       [80.],
       [80.],
       [80.],
       [80.],
       [80.],
       [80.],
       [80.],
       [80.],
       [80.],
       [80.],
       [80.],
       [80.],
       [80.],
       [80.],
       [80.],
       [80.],
       [80.],
       [80.],
       [80.],
       [80.],
       [80.],
       [80.],
       [80.],
       [80.],
       [80.],
       [80.],
       [80.],
       [80.],
       [80.],
       [80.],
       [80.],
       [80.],
       [80.],
       [80.],
       [80.],
       [80.],
       [80.],
       [80.],
       [80.],
       [80.],
       [80.],
       [80.]]), 'dt': 0.01, 'N': 400, 'l': 1e-05}","{'Q': 210.52631578947367, 'gbar': 4.2105263157894735, 'T': 10000, 'supervisor': array([[-1.89214982e-17],
       [ 4.44288287e-04],
       [ 8.88576529e-04],
       ...,
       [-1.33286468e-03],
       [-8.88576529e-04],
       [-4.44288287e-04]]), 'BIAS': array([[80.],
       [80.],
       [80.],
       [80.],
       [80.],
       [80.],
       [80.],
       [80.],
       [80.],
       [80.],
       [80.],
       [80.],
       [80.],
       [80.],
       [80.],
       [80.],
       [80.],
       [80.],
       [80.],
       [80.],
       [80.],
       [80.],
       [80.],
       [80.],
       [80.],
       [80.],
       [80.],
       [80.],
       [80.],
       [80.],
       [80.],
       [80.],
       [80.],
       [80.],
       [80.],
       [80.],
       [80.],
       [80.],
       [80.],
       [80.],
       [80.],
       [80.],
       [80.],
       [80.],
       [80.],
       [80.],
       [80.],
       [80.],
       [80.],
       [80.],
       [80.],
       [80.],
       [80.],
       [80.],
       [80.],
       [80.],
       [80.],
       [80.],
       [80.],
       [80.],
       [80.],
       [80.],
       [80.],
       [80.],
       [80.],
       [80.],
       [80.],
       [80.],
       [80.],
       [80.],
       [80.],
       [80.],
       [80.],
       [80.],
       [80.],
       [80.],
       [80.],
       [80.],
       [80.],
       [80.],
       [80.],
       [80.],
       [80.],
       [80.],
       [80.],
       [80.],
       [80.],
       [80.],
       [80.],
       [80.],
       [80.],
       [80.],
       [80.],
       [80.],
       [80.],
       [80.],
       [80.],
       [80.],
       [80.],
       [80.],
       [80.],
       [80.],
       [80.],
       [80.],
       [80.],
       [80.],
       [80.],
       [80.],
       [80.],
       [80.],
       [80.],
       [80.],
       [80.],
       [80.],
       [80.],
       [80.],
       [80.],
       [80.],
       [80.],
       [80.],
       [80.],
       [80.],
       [80.],
       [80.],
       [80.],
       [80.],
       [80.],
       [80.],
       [80.],
       [80.],
       [80.],
       [80.],
       [80.],
       [80.],
       [80.],
       [80.],
       [80.],
       [80.],
       [80.],
       [80.],
       [80.],
       [80.],
       [80.],
       [80.],
       [80.],
       [80.],
       [80.],
       [80.],
       [80.],
       [80.],
       [80.],
       [80.],
       [80.],
       [80.],
       [80.],
       [80.],
       [80.],
       [80.],
       [80.],
       [80.],
       [80.],
       [80.],
       [80.],
       [80.],
       [80.],
       [80.],
       [80.],
       [80.],
       [80.],
       [80.],
       [80.],
       [80.],
       [80.],
       [80.],
       [80.],
       [80.],
       [80.],
       [80.],
       [80.],
       [80.],
       [80.],
       [80.],
       [80.],
       [80.],
       [80.],
       [80.],
       [80.],
       [80.],
       [80.],
       [80.],
       [80.],
       [80.],
       [80.],
       [80.],
       [80.],
       [80.],
       [80.],
       [80.],
       [80.],
       [80.],
       [80.],
       [80.],
       [80.],
       [80.],
       [80.],
       [80.],
       [80.],
       [80.],
       [80.],
       [80.],
       [80.],
       [80.],
       [80.],
       [80.],
       [80.],
       [80.],
       [80.],
       [80.],
       [80.],
       [80.],
       [80.],
       [80.],
       [80.],
       [80.],
       [80.],
       [80.],
       [80.],
       [80.],
       [80.],
       [80.],
       [80.],
       [80.],
       [80.],
       [80.],
       [80.],
       [80.],
       [80.],
       [80.],
       [80.],
       [80.],
       [80.],
       [80.],
       [80.],
       [80.],
       [80.],
       [80.],
       [80.],
       [80.],
       [80.],
       [80.],
       [80.],
       [80.],
       [80.],
       [80.],
       [80.],
       [80.],
       [80.],
       [80.],
       [80.],
       [80.],
       [80.],
       [80.],
       [80.],
       [80.],
       [80.],
       [80.],
       [80.],
       [80.],
       [80.],
       [80.],
       [80.],
       [80.],
       [80.],
       [80.],
       [80.],
       [80.],
       [80.],
       [80.],
       [80.],
       [80.],
       [80.],
       [80.],
       [80.],
       [80.],
       [80.],
       [80.],
       [80.],
       [80.],
       [80.],
       [80.],
       [80.],
       [80.],
       [80.],
       [80.],
       [80.],
       [80.],
       [80.],
       [80.],
       [80.],
       [80.],
       [80.],
       [80.],
       [80.],
       [80.],
       [80.],
       [80.],
       [80.],
       [80.],
       [80.],
       [80.],
       [80.],
       [80.],
       [80.],
       [80.],
       [80.],
       [80.],
       [80.],
       [80.],
       [80.],
       [80.],
       [80.],
       [80.],
       [80.],
       [80.],
       [80.],
       [80.],
       [80.],
       [80.],
       [80.],
       [80.],
       [80.],
       [80.],
       [80.],
       [80.],
       [80.],
       [80.],
       [80.],
       [80.],
       [80.],
       [80.],
       [80.],
       [80.],
       [80.],
       [80.],
       [80.],
       [80.],
       [80.],
       [80.],
       [80.],
       [80.],
       [80.],
       [80.],
       [80.],
       [80.],
       [80.],
       [80.],
       [80.],
       [80.],
       [80.],
       [80.],
       [80.],
       [80.],
       [80.],
       [80.],
       [80.],
       [80.],
       [80.],
       [80.],
       [80.],
       [80.],
       [80.],
       [80.],
       [80.],
       [80.],
       [80.],
       [80.],
       [80.],
       [80.],
       [80.],
       [80.],
       [80.],
       [80.],
       [80.],
       [80.],
       [80.],
       [80.],
       [80.],
       [80.],
       [80.],
       [80.],
       [80.],
       [80.],
       [80.],
       [80.],
       [80.],
       [80.],
       [80.],
       [80.],
       [80.],
       [80.]]), 'dt': 0.01, 'N': 400, 'l': 1e-05}","{'Q': 210.52631578947367, 'gbar': 5.263157894736842, 'T': 10000, 'supervisor': array([[-1.89214982e-17],
       [ 4.44288287e-04],
       [ 8.88576529e-04],
       ...,
       [-1.33286468e-03],
       [-8.88576529e-04],
       [-4.44288287e-04]]), 'BIAS': array([[80.],
       [80.],
       [80.],
       [80.],
       [80.],
       [80.],
       [80.],
       [80.],
       [80.],
       [80.],
       [80.],
       [80.],
       [80.],
       [80.],
       [80.],
       [80.],
       [80.],
       [80.],
       [80.],
       [80.],
       [80.],
       [80.],
       [80.],
       [80.],
       [80.],
       [80.],
       [80.],
       [80.],
       [80.],
       [80.],
       [80.],
       [80.],
       [80.],
       [80.],
       [80.],
       [80.],
       [80.],
       [80.],
       [80.],
       [80.],
       [80.],
       [80.],
       [80.],
       [80.],
       [80.],
       [80.],
       [80.],
       [80.],
       [80.],
       [80.],
       [80.],
       [80.],
       [80.],
       [80.],
       [80.],
       [80.],
       [80.],
       [80.],
       [80.],
       [80.],
       [80.],
       [80.],
       [80.],
       [80.],
       [80.],
       [80.],
       [80.],
       [80.],
       [80.],
       [80.],
       [80.],
       [80.],
       [80.],
       [80.],
       [80.],
       [80.],
       [80.],
       [80.],
       [80.],
       [80.],
       [80.],
       [80.],
       [80.],
       [80.],
       [80.],
       [80.],
       [80.],
       [80.],
       [80.],
       [80.],
       [80.],
       [80.],
       [80.],
       [80.],
       [80.],
       [80.],
       [80.],
       [80.],
       [80.],
       [80.],
       [80.],
       [80.],
       [80.],
       [80.],
       [80.],
       [80.],
       [80.],
       [80.],
       [80.],
       [80.],
       [80.],
       [80.],
       [80.],
       [80.],
       [80.],
       [80.],
       [80.],
       [80.],
       [80.],
       [80.],
       [80.],
       [80.],
       [80.],
       [80.],
       [80.],
       [80.],
       [80.],
       [80.],
       [80.],
       [80.],
       [80.],
       [80.],
       [80.],
       [80.],
       [80.],
       [80.],
       [80.],
       [80.],
       [80.],
       [80.],
       [80.],
       [80.],
       [80.],
       [80.],
       [80.],
       [80.],
       [80.],
       [80.],
       [80.],
       [80.],
       [80.],
       [80.],
       [80.],
       [80.],
       [80.],
       [80.],
       [80.],
       [80.],
       [80.],
       [80.],
       [80.],
       [80.],
       [80.],
       [80.],
       [80.],
       [80.],
       [80.],
       [80.],
       [80.],
       [80.],
       [80.],
       [80.],
       [80.],
       [80.],
       [80.],
       [80.],
       [80.],
       [80.],
       [80.],
       [80.],
       [80.],
       [80.],
       [80.],
       [80.],
       [80.],
       [80.],
       [80.],
       [80.],
       [80.],
       [80.],
       [80.],
       [80.],
       [80.],
       [80.],
       [80.],
       [80.],
       [80.],
       [80.],
       [80.],
       [80.],
       [80.],
       [80.],
       [80.],
       [80.],
       [80.],
       [80.],
       [80.],
       [80.],
       [80.],
       [80.],
       [80.],
       [80.],
       [80.],
       [80.],
       [80.],
       [80.],
       [80.],
       [80.],
       [80.],
       [80.],
       [80.],
       [80.],
       [80.],
       [80.],
       [80.],
       [80.],
       [80.],
       [80.],
       [80.],
       [80.],
       [80.],
       [80.],
       [80.],
       [80.],
       [80.],
       [80.],
       [80.],
       [80.],
       [80.],
       [80.],
       [80.],
       [80.],
       [80.],
       [80.],
       [80.],
       [80.],
       [80.],
       [80.],
       [80.],
       [80.],
       [80.],
       [80.],
       [80.],
       [80.],
       [80.],
       [80.],
       [80.],
       [80.],
       [80.],
       [80.],
       [80.],
       [80.],
       [80.],
       [80.],
       [80.],
       [80.],
       [80.],
       [80.],
       [80.],
       [80.],
       [80.],
       [80.],
       [80.],
       [80.],
       [80.],
       [80.],
       [80.],
       [80.],
       [80.],
       [80.],
       [80.],
       [80.],
       [80.],
       [80.],
       [80.],
       [80.],
       [80.],
       [80.],
       [80.],
       [80.],
       [80.],
       [80.],
       [80.],
       [80.],
       [80.],
       [80.],
       [80.],
       [80.],
       [80.],
       [80.],
       [80.],
       [80.],
       [80.],
       [80.],
       [80.],
       [80.],
       [80.],
       [80.],
       [80.],
       [80.],
       [80.],
       [80.],
       [80.],
       [80.],
       [80.],
       [80.],
       [80.],
       [80.],
       [80.],
       [80.],
       [80.],
       [80.],
       [80.],
       [80.],
       [80.],
       [80.],
       [80.],
       [80.],
       [80.],
       [80.],
       [80.],
       [80.],
       [80.],
       [80.],
       [80.],
       [80.],
       [80.],
       [80.],
       [80.],
       [80.],
       [80.],
       [80.],
       [80.],
       [80.],
       [80.],
       [80.],
       [80.],
       [80.],
       [80.],
       [80.],
       [80.],
       [80.],
       [80.],
       [80.],
       [80.],
       [80.],
       [80.],
       [80.],
       [80.],
       [80.],
       [80.],
       [80.],
       [80.],
       [80.],
       [80.],
       [80.],
       [80.],
       [80.],
       [80.],
       [80.],
       [80.],
       [80.],
       [80.],
       [80.],
       [80.],
       [80.],
       [80.],
       [80.],
       [80.],
       [80.],
       [80.],
       [80.],
       [80.],
       [80.],
       [80.],
       [80.],
       [80.],
       [80.],
       [80.],
       [80.],
       [80.],
       [80.],
       [80.],
       [80.],
       [80.],
       [80.],
       [80.],
       [80.],
       [80.],
       [80.]]), 'dt': 0.01, 'N': 400, 'l': 1e-05}","{'Q': 210.52631578947367, 'gbar': 6.315789473684211, 'T': 10000, 'supervisor': array([[-1.89214982e-17],
       [ 4.44288287e-04],
       [ 8.88576529e-04],
       ...,
       [-1.33286468e-03],
       [-8.88576529e-04],
       [-4.44288287e-04]]), 'BIAS': array([[80.],
       [80.],
       [80.],
       [80.],
       [80.],
       [80.],
       [80.],
       [80.],
       [80.],
       [80.],
       [80.],
       [80.],
       [80.],
       [80.],
       [80.],
       [80.],
       [80.],
       [80.],
       [80.],
       [80.],
       [80.],
       [80.],
       [80.],
       [80.],
       [80.],
       [80.],
       [80.],
       [80.],
       [80.],
       [80.],
       [80.],
       [80.],
       [80.],
       [80.],
       [80.],
       [80.],
       [80.],
       [80.],
       [80.],
       [80.],
       [80.],
       [80.],
       [80.],
       [80.],
       [80.],
       [80.],
       [80.],
       [80.],
       [80.],
       [80.],
       [80.],
       [80.],
       [80.],
       [80.],
       [80.],
       [80.],
       [80.],
       [80.],
       [80.],
       [80.],
       [80.],
       [80.],
       [80.],
       [80.],
       [80.],
       [80.],
       [80.],
       [80.],
       [80.],
       [80.],
       [80.],
       [80.],
       [80.],
       [80.],
       [80.],
       [80.],
       [80.],
       [80.],
       [80.],
       [80.],
       [80.],
       [80.],
       [80.],
       [80.],
       [80.],
       [80.],
       [80.],
       [80.],
       [80.],
       [80.],
       [80.],
       [80.],
       [80.],
       [80.],
       [80.],
       [80.],
       [80.],
       [80.],
       [80.],
       [80.],
       [80.],
       [80.],
       [80.],
       [80.],
       [80.],
       [80.],
       [80.],
       [80.],
       [80.],
       [80.],
       [80.],
       [80.],
       [80.],
       [80.],
       [80.],
       [80.],
       [80.],
       [80.],
       [80.],
       [80.],
       [80.],
       [80.],
       [80.],
       [80.],
       [80.],
       [80.],
       [80.],
       [80.],
       [80.],
       [80.],
       [80.],
       [80.],
       [80.],
       [80.],
       [80.],
       [80.],
       [80.],
       [80.],
       [80.],
       [80.],
       [80.],
       [80.],
       [80.],
       [80.],
       [80.],
       [80.],
       [80.],
       [80.],
       [80.],
       [80.],
       [80.],
       [80.],
       [80.],
       [80.],
       [80.],
       [80.],
       [80.],
       [80.],
       [80.],
       [80.],
       [80.],
       [80.],
       [80.],
       [80.],
       [80.],
       [80.],
       [80.],
       [80.],
       [80.],
       [80.],
       [80.],
       [80.],
       [80.],
       [80.],
       [80.],
       [80.],
       [80.],
       [80.],
       [80.],
       [80.],
       [80.],
       [80.],
       [80.],
       [80.],
       [80.],
       [80.],
       [80.],
       [80.],
       [80.],
       [80.],
       [80.],
       [80.],
       [80.],
       [80.],
       [80.],
       [80.],
       [80.],
       [80.],
       [80.],
       [80.],
       [80.],
       [80.],
       [80.],
       [80.],
       [80.],
       [80.],
       [80.],
       [80.],
       [80.],
       [80.],
       [80.],
       [80.],
       [80.],
       [80.],
       [80.],
       [80.],
       [80.],
       [80.],
       [80.],
       [80.],
       [80.],
       [80.],
       [80.],
       [80.],
       [80.],
       [80.],
       [80.],
       [80.],
       [80.],
       [80.],
       [80.],
       [80.],
       [80.],
       [80.],
       [80.],
       [80.],
       [80.],
       [80.],
       [80.],
       [80.],
       [80.],
       [80.],
       [80.],
       [80.],
       [80.],
       [80.],
       [80.],
       [80.],
       [80.],
       [80.],
       [80.],
       [80.],
       [80.],
       [80.],
       [80.],
       [80.],
       [80.],
       [80.],
       [80.],
       [80.],
       [80.],
       [80.],
       [80.],
       [80.],
       [80.],
       [80.],
       [80.],
       [80.],
       [80.],
       [80.],
       [80.],
       [80.],
       [80.],
       [80.],
       [80.],
       [80.],
       [80.],
       [80.],
       [80.],
       [80.],
       [80.],
       [80.],
       [80.],
       [80.],
       [80.],
       [80.],
       [80.],
       [80.],
       [80.],
       [80.],
       [80.],
       [80.],
       [80.],
       [80.],
       [80.],
       [80.],
       [80.],
       [80.],
       [80.],
       [80.],
       [80.],
       [80.],
       [80.],
       [80.],
       [80.],
       [80.],
       [80.],
       [80.],
       [80.],
       [80.],
       [80.],
       [80.],
       [80.],
       [80.],
       [80.],
       [80.],
       [80.],
       [80.],
       [80.],
       [80.],
       [80.],
       [80.],
       [80.],
       [80.],
       [80.],
       [80.],
       [80.],
       [80.],
       [80.],
       [80.],
       [80.],
       [80.],
       [80.],
       [80.],
       [80.],
       [80.],
       [80.],
       [80.],
       [80.],
       [80.],
       [80.],
       [80.],
       [80.],
       [80.],
       [80.],
       [80.],
       [80.],
       [80.],
       [80.],
       [80.],
       [80.],
       [80.],
       [80.],
       [80.],
       [80.],
       [80.],
       [80.],
       [80.],
       [80.],
       [80.],
       [80.],
       [80.],
       [80.],
       [80.],
       [80.],
       [80.],
       [80.],
       [80.],
       [80.],
       [80.],
       [80.],
       [80.],
       [80.],
       [80.],
       [80.],
       [80.],
       [80.],
       [80.],
       [80.],
       [80.],
       [80.],
       [80.],
       [80.],
       [80.],
       [80.],
       [80.],
       [80.],
       [80.],
       [80.],
       [80.],
       [80.],
       [80.],
       [80.],
       [80.],
       [80.],
       [80.],
       [80.],
       [80.],
       [80.],
       [80.]]), 'dt': 0.01, 'N': 400, 'l': 1e-05}","{'Q': 210.52631578947367, 'gbar': 7.368421052631579, 'T': 10000, 'supervisor': array([[-1.89214982e-17],
       [ 4.44288287e-04],
       [ 8.88576529e-04],
       ...,
       [-1.33286468e-03],
       [-8.88576529e-04],
       [-4.44288287e-04]]), 'BIAS': array([[80.],
       [80.],
       [80.],
       [80.],
       [80.],
       [80.],
       [80.],
       [80.],
       [80.],
       [80.],
       [80.],
       [80.],
       [80.],
       [80.],
       [80.],
       [80.],
       [80.],
       [80.],
       [80.],
       [80.],
       [80.],
       [80.],
       [80.],
       [80.],
       [80.],
       [80.],
       [80.],
       [80.],
       [80.],
       [80.],
       [80.],
       [80.],
       [80.],
       [80.],
       [80.],
       [80.],
       [80.],
       [80.],
       [80.],
       [80.],
       [80.],
       [80.],
       [80.],
       [80.],
       [80.],
       [80.],
       [80.],
       [80.],
       [80.],
       [80.],
       [80.],
       [80.],
       [80.],
       [80.],
       [80.],
       [80.],
       [80.],
       [80.],
       [80.],
       [80.],
       [80.],
       [80.],
       [80.],
       [80.],
       [80.],
       [80.],
       [80.],
       [80.],
       [80.],
       [80.],
       [80.],
       [80.],
       [80.],
       [80.],
       [80.],
       [80.],
       [80.],
       [80.],
       [80.],
       [80.],
       [80.],
       [80.],
       [80.],
       [80.],
       [80.],
       [80.],
       [80.],
       [80.],
       [80.],
       [80.],
       [80.],
       [80.],
       [80.],
       [80.],
       [80.],
       [80.],
       [80.],
       [80.],
       [80.],
       [80.],
       [80.],
       [80.],
       [80.],
       [80.],
       [80.],
       [80.],
       [80.],
       [80.],
       [80.],
       [80.],
       [80.],
       [80.],
       [80.],
       [80.],
       [80.],
       [80.],
       [80.],
       [80.],
       [80.],
       [80.],
       [80.],
       [80.],
       [80.],
       [80.],
       [80.],
       [80.],
       [80.],
       [80.],
       [80.],
       [80.],
       [80.],
       [80.],
       [80.],
       [80.],
       [80.],
       [80.],
       [80.],
       [80.],
       [80.],
       [80.],
       [80.],
       [80.],
       [80.],
       [80.],
       [80.],
       [80.],
       [80.],
       [80.],
       [80.],
       [80.],
       [80.],
       [80.],
       [80.],
       [80.],
       [80.],
       [80.],
       [80.],
       [80.],
       [80.],
       [80.],
       [80.],
       [80.],
       [80.],
       [80.],
       [80.],
       [80.],
       [80.],
       [80.],
       [80.],
       [80.],
       [80.],
       [80.],
       [80.],
       [80.],
       [80.],
       [80.],
       [80.],
       [80.],
       [80.],
       [80.],
       [80.],
       [80.],
       [80.],
       [80.],
       [80.],
       [80.],
       [80.],
       [80.],
       [80.],
       [80.],
       [80.],
       [80.],
       [80.],
       [80.],
       [80.],
       [80.],
       [80.],
       [80.],
       [80.],
       [80.],
       [80.],
       [80.],
       [80.],
       [80.],
       [80.],
       [80.],
       [80.],
       [80.],
       [80.],
       [80.],
       [80.],
       [80.],
       [80.],
       [80.],
       [80.],
       [80.],
       [80.],
       [80.],
       [80.],
       [80.],
       [80.],
       [80.],
       [80.],
       [80.],
       [80.],
       [80.],
       [80.],
       [80.],
       [80.],
       [80.],
       [80.],
       [80.],
       [80.],
       [80.],
       [80.],
       [80.],
       [80.],
       [80.],
       [80.],
       [80.],
       [80.],
       [80.],
       [80.],
       [80.],
       [80.],
       [80.],
       [80.],
       [80.],
       [80.],
       [80.],
       [80.],
       [80.],
       [80.],
       [80.],
       [80.],
       [80.],
       [80.],
       [80.],
       [80.],
       [80.],
       [80.],
       [80.],
       [80.],
       [80.],
       [80.],
       [80.],
       [80.],
       [80.],
       [80.],
       [80.],
       [80.],
       [80.],
       [80.],
       [80.],
       [80.],
       [80.],
       [80.],
       [80.],
       [80.],
       [80.],
       [80.],
       [80.],
       [80.],
       [80.],
       [80.],
       [80.],
       [80.],
       [80.],
       [80.],
       [80.],
       [80.],
       [80.],
       [80.],
       [80.],
       [80.],
       [80.],
       [80.],
       [80.],
       [80.],
       [80.],
       [80.],
       [80.],
       [80.],
       [80.],
       [80.],
       [80.],
       [80.],
       [80.],
       [80.],
       [80.],
       [80.],
       [80.],
       [80.],
       [80.],
       [80.],
       [80.],
       [80.],
       [80.],
       [80.],
       [80.],
       [80.],
       [80.],
       [80.],
       [80.],
       [80.],
       [80.],
       [80.],
       [80.],
       [80.],
       [80.],
       [80.],
       [80.],
       [80.],
       [80.],
       [80.],
       [80.],
       [80.],
       [80.],
       [80.],
       [80.],
       [80.],
       [80.],
       [80.],
       [80.],
       [80.],
       [80.],
       [80.],
       [80.],
       [80.],
       [80.],
       [80.],
       [80.],
       [80.],
       [80.],
       [80.],
       [80.],
       [80.],
       [80.],
       [80.],
       [80.],
       [80.],
       [80.],
       [80.],
       [80.],
       [80.],
       [80.],
       [80.],
       [80.],
       [80.],
       [80.],
       [80.],
       [80.],
       [80.],
       [80.],
       [80.],
       [80.],
       [80.],
       [80.],
       [80.],
       [80.],
       [80.],
       [80.],
       [80.],
       [80.],
       [80.],
       [80.],
       [80.],
       [80.],
       [80.],
       [80.],
       [80.],
       [80.],
       [80.],
       [80.],
       [80.],
       [80.],
       [80.],
       [80.],
       [80.],
       [80.]]), 'dt': 0.01, 'N': 400, 'l': 1e-05}","{'Q': 210.52631578947367, 'gbar': 8.421052631578947, 'T': 10000, 'supervisor': array([[-1.89214982e-17],
       [ 4.44288287e-04],
       [ 8.88576529e-04],
       ...,
       [-1.33286468e-03],
       [-8.88576529e-04],
       [-4.44288287e-04]]), 'BIAS': array([[80.],
       [80.],
       [80.],
       [80.],
       [80.],
       [80.],
       [80.],
       [80.],
       [80.],
       [80.],
       [80.],
       [80.],
       [80.],
       [80.],
       [80.],
       [80.],
       [80.],
       [80.],
       [80.],
       [80.],
       [80.],
       [80.],
       [80.],
       [80.],
       [80.],
       [80.],
       [80.],
       [80.],
       [80.],
       [80.],
       [80.],
       [80.],
       [80.],
       [80.],
       [80.],
       [80.],
       [80.],
       [80.],
       [80.],
       [80.],
       [80.],
       [80.],
       [80.],
       [80.],
       [80.],
       [80.],
       [80.],
       [80.],
       [80.],
       [80.],
       [80.],
       [80.],
       [80.],
       [80.],
       [80.],
       [80.],
       [80.],
       [80.],
       [80.],
       [80.],
       [80.],
       [80.],
       [80.],
       [80.],
       [80.],
       [80.],
       [80.],
       [80.],
       [80.],
       [80.],
       [80.],
       [80.],
       [80.],
       [80.],
       [80.],
       [80.],
       [80.],
       [80.],
       [80.],
       [80.],
       [80.],
       [80.],
       [80.],
       [80.],
       [80.],
       [80.],
       [80.],
       [80.],
       [80.],
       [80.],
       [80.],
       [80.],
       [80.],
       [80.],
       [80.],
       [80.],
       [80.],
       [80.],
       [80.],
       [80.],
       [80.],
       [80.],
       [80.],
       [80.],
       [80.],
       [80.],
       [80.],
       [80.],
       [80.],
       [80.],
       [80.],
       [80.],
       [80.],
       [80.],
       [80.],
       [80.],
       [80.],
       [80.],
       [80.],
       [80.],
       [80.],
       [80.],
       [80.],
       [80.],
       [80.],
       [80.],
       [80.],
       [80.],
       [80.],
       [80.],
       [80.],
       [80.],
       [80.],
       [80.],
       [80.],
       [80.],
       [80.],
       [80.],
       [80.],
       [80.],
       [80.],
       [80.],
       [80.],
       [80.],
       [80.],
       [80.],
       [80.],
       [80.],
       [80.],
       [80.],
       [80.],
       [80.],
       [80.],
       [80.],
       [80.],
       [80.],
       [80.],
       [80.],
       [80.],
       [80.],
       [80.],
       [80.],
       [80.],
       [80.],
       [80.],
       [80.],
       [80.],
       [80.],
       [80.],
       [80.],
       [80.],
       [80.],
       [80.],
       [80.],
       [80.],
       [80.],
       [80.],
       [80.],
       [80.],
       [80.],
       [80.],
       [80.],
       [80.],
       [80.],
       [80.],
       [80.],
       [80.],
       [80.],
       [80.],
       [80.],
       [80.],
       [80.],
       [80.],
       [80.],
       [80.],
       [80.],
       [80.],
       [80.],
       [80.],
       [80.],
       [80.],
       [80.],
       [80.],
       [80.],
       [80.],
       [80.],
       [80.],
       [80.],
       [80.],
       [80.],
       [80.],
       [80.],
       [80.],
       [80.],
       [80.],
       [80.],
       [80.],
       [80.],
       [80.],
       [80.],
       [80.],
       [80.],
       [80.],
       [80.],
       [80.],
       [80.],
       [80.],
       [80.],
       [80.],
       [80.],
       [80.],
       [80.],
       [80.],
       [80.],
       [80.],
       [80.],
       [80.],
       [80.],
       [80.],
       [80.],
       [80.],
       [80.],
       [80.],
       [80.],
       [80.],
       [80.],
       [80.],
       [80.],
       [80.],
       [80.],
       [80.],
       [80.],
       [80.],
       [80.],
       [80.],
       [80.],
       [80.],
       [80.],
       [80.],
       [80.],
       [80.],
       [80.],
       [80.],
       [80.],
       [80.],
       [80.],
       [80.],
       [80.],
       [80.],
       [80.],
       [80.],
       [80.],
       [80.],
       [80.],
       [80.],
       [80.],
       [80.],
       [80.],
       [80.],
       [80.],
       [80.],
       [80.],
       [80.],
       [80.],
       [80.],
       [80.],
       [80.],
       [80.],
       [80.],
       [80.],
       [80.],
       [80.],
       [80.],
       [80.],
       [80.],
       [80.],
       [80.],
       [80.],
       [80.],
       [80.],
       [80.],
       [80.],
       [80.],
       [80.],
       [80.],
       [80.],
       [80.],
       [80.],
       [80.],
       [80.],
       [80.],
       [80.],
       [80.],
       [80.],
       [80.],
       [80.],
       [80.],
       [80.],
       [80.],
       [80.],
       [80.],
       [80.],
       [80.],
       [80.],
       [80.],
       [80.],
       [80.],
       [80.],
       [80.],
       [80.],
       [80.],
       [80.],
       [80.],
       [80.],
       [80.],
       [80.],
       [80.],
       [80.],
       [80.],
       [80.],
       [80.],
       [80.],
       [80.],
       [80.],
       [80.],
       [80.],
       [80.],
       [80.],
       [80.],
       [80.],
       [80.],
       [80.],
       [80.],
       [80.],
       [80.],
       [80.],
       [80.],
       [80.],
       [80.],
       [80.],
       [80.],
       [80.],
       [80.],
       [80.],
       [80.],
       [80.],
       [80.],
       [80.],
       [80.],
       [80.],
       [80.],
       [80.],
       [80.],
       [80.],
       [80.],
       [80.],
       [80.],
       [80.],
       [80.],
       [80.],
       [80.],
       [80.],
       [80.],
       [80.],
       [80.],
       [80.],
       [80.],
       [80.],
       [80.],
       [80.],
       [80.],
       [80.],
       [80.],
       [80.],
       [80.],
       [80.],
       [80.],
       [80.],
       [80.],
       [80.]]), 'dt': 0.01, 'N': 400, 'l': 1e-05}","{'Q': 210.52631578947367, 'gbar': 9.473684210526315, 'T': 10000, 'supervisor': array([[-1.89214982e-17],
       [ 4.44288287e-04],
       [ 8.88576529e-04],
       ...,
       [-1.33286468e-03],
       [-8.88576529e-04],
       [-4.44288287e-04]]), 'BIAS': array([[80.],
       [80.],
       [80.],
       [80.],
       [80.],
       [80.],
       [80.],
       [80.],
       [80.],
       [80.],
       [80.],
       [80.],
       [80.],
       [80.],
       [80.],
       [80.],
       [80.],
       [80.],
       [80.],
       [80.],
       [80.],
       [80.],
       [80.],
       [80.],
       [80.],
       [80.],
       [80.],
       [80.],
       [80.],
       [80.],
       [80.],
       [80.],
       [80.],
       [80.],
       [80.],
       [80.],
       [80.],
       [80.],
       [80.],
       [80.],
       [80.],
       [80.],
       [80.],
       [80.],
       [80.],
       [80.],
       [80.],
       [80.],
       [80.],
       [80.],
       [80.],
       [80.],
       [80.],
       [80.],
       [80.],
       [80.],
       [80.],
       [80.],
       [80.],
       [80.],
       [80.],
       [80.],
       [80.],
       [80.],
       [80.],
       [80.],
       [80.],
       [80.],
       [80.],
       [80.],
       [80.],
       [80.],
       [80.],
       [80.],
       [80.],
       [80.],
       [80.],
       [80.],
       [80.],
       [80.],
       [80.],
       [80.],
       [80.],
       [80.],
       [80.],
       [80.],
       [80.],
       [80.],
       [80.],
       [80.],
       [80.],
       [80.],
       [80.],
       [80.],
       [80.],
       [80.],
       [80.],
       [80.],
       [80.],
       [80.],
       [80.],
       [80.],
       [80.],
       [80.],
       [80.],
       [80.],
       [80.],
       [80.],
       [80.],
       [80.],
       [80.],
       [80.],
       [80.],
       [80.],
       [80.],
       [80.],
       [80.],
       [80.],
       [80.],
       [80.],
       [80.],
       [80.],
       [80.],
       [80.],
       [80.],
       [80.],
       [80.],
       [80.],
       [80.],
       [80.],
       [80.],
       [80.],
       [80.],
       [80.],
       [80.],
       [80.],
       [80.],
       [80.],
       [80.],
       [80.],
       [80.],
       [80.],
       [80.],
       [80.],
       [80.],
       [80.],
       [80.],
       [80.],
       [80.],
       [80.],
       [80.],
       [80.],
       [80.],
       [80.],
       [80.],
       [80.],
       [80.],
       [80.],
       [80.],
       [80.],
       [80.],
       [80.],
       [80.],
       [80.],
       [80.],
       [80.],
       [80.],
       [80.],
       [80.],
       [80.],
       [80.],
       [80.],
       [80.],
       [80.],
       [80.],
       [80.],
       [80.],
       [80.],
       [80.],
       [80.],
       [80.],
       [80.],
       [80.],
       [80.],
       [80.],
       [80.],
       [80.],
       [80.],
       [80.],
       [80.],
       [80.],
       [80.],
       [80.],
       [80.],
       [80.],
       [80.],
       [80.],
       [80.],
       [80.],
       [80.],
       [80.],
       [80.],
       [80.],
       [80.],
       [80.],
       [80.],
       [80.],
       [80.],
       [80.],
       [80.],
       [80.],
       [80.],
       [80.],
       [80.],
       [80.],
       [80.],
       [80.],
       [80.],
       [80.],
       [80.],
       [80.],
       [80.],
       [80.],
       [80.],
       [80.],
       [80.],
       [80.],
       [80.],
       [80.],
       [80.],
       [80.],
       [80.],
       [80.],
       [80.],
       [80.],
       [80.],
       [80.],
       [80.],
       [80.],
       [80.],
       [80.],
       [80.],
       [80.],
       [80.],
       [80.],
       [80.],
       [80.],
       [80.],
       [80.],
       [80.],
       [80.],
       [80.],
       [80.],
       [80.],
       [80.],
       [80.],
       [80.],
       [80.],
       [80.],
       [80.],
       [80.],
       [80.],
       [80.],
       [80.],
       [80.],
       [80.],
       [80.],
       [80.],
       [80.],
       [80.],
       [80.],
       [80.],
       [80.],
       [80.],
       [80.],
       [80.],
       [80.],
       [80.],
       [80.],
       [80.],
       [80.],
       [80.],
       [80.],
       [80.],
       [80.],
       [80.],
       [80.],
       [80.],
       [80.],
       [80.],
       [80.],
       [80.],
       [80.],
       [80.],
       [80.],
       [80.],
       [80.],
       [80.],
       [80.],
       [80.],
       [80.],
       [80.],
       [80.],
       [80.],
       [80.],
       [80.],
       [80.],
       [80.],
       [80.],
       [80.],
       [80.],
       [80.],
       [80.],
       [80.],
       [80.],
       [80.],
       [80.],
       [80.],
       [80.],
       [80.],
       [80.],
       [80.],
       [80.],
       [80.],
       [80.],
       [80.],
       [80.],
       [80.],
       [80.],
       [80.],
       [80.],
       [80.],
       [80.],
       [80.],
       [80.],
       [80.],
       [80.],
       [80.],
       [80.],
       [80.],
       [80.],
       [80.],
       [80.],
       [80.],
       [80.],
       [80.],
       [80.],
       [80.],
       [80.],
       [80.],
       [80.],
       [80.],
       [80.],
       [80.],
       [80.],
       [80.],
       [80.],
       [80.],
       [80.],
       [80.],
       [80.],
       [80.],
       [80.],
       [80.],
       [80.],
       [80.],
       [80.],
       [80.],
       [80.],
       [80.],
       [80.],
       [80.],
       [80.],
       [80.],
       [80.],
       [80.],
       [80.],
       [80.],
       [80.],
       [80.],
       [80.],
       [80.],
       [80.],
       [80.],
       [80.],
       [80.],
       [80.],
       [80.],
       [80.],
       [80.],
       [80.],
       [80.],
       [80.],
       [80.],
       [80.],
       [80.],
       [80.],
       [80.],
       [80.],
       [80.]]), 'dt': 0.01, 'N': 400, 'l': 1e-05}","{'Q': 210.52631578947367, 'gbar': 10.526315789473683, 'T': 10000, 'supervisor': array([[-1.89214982e-17],
       [ 4.44288287e-04],
       [ 8.88576529e-04],
       ...,
       [-1.33286468e-03],
       [-8.88576529e-04],
       [-4.44288287e-04]]), 'BIAS': array([[80.],
       [80.],
       [80.],
       [80.],
       [80.],
       [80.],
       [80.],
       [80.],
       [80.],
       [80.],
       [80.],
       [80.],
       [80.],
       [80.],
       [80.],
       [80.],
       [80.],
       [80.],
       [80.],
       [80.],
       [80.],
       [80.],
       [80.],
       [80.],
       [80.],
       [80.],
       [80.],
       [80.],
       [80.],
       [80.],
       [80.],
       [80.],
       [80.],
       [80.],
       [80.],
       [80.],
       [80.],
       [80.],
       [80.],
       [80.],
       [80.],
       [80.],
       [80.],
       [80.],
       [80.],
       [80.],
       [80.],
       [80.],
       [80.],
       [80.],
       [80.],
       [80.],
       [80.],
       [80.],
       [80.],
       [80.],
       [80.],
       [80.],
       [80.],
       [80.],
       [80.],
       [80.],
       [80.],
       [80.],
       [80.],
       [80.],
       [80.],
       [80.],
       [80.],
       [80.],
       [80.],
       [80.],
       [80.],
       [80.],
       [80.],
       [80.],
       [80.],
       [80.],
       [80.],
       [80.],
       [80.],
       [80.],
       [80.],
       [80.],
       [80.],
       [80.],
       [80.],
       [80.],
       [80.],
       [80.],
       [80.],
       [80.],
       [80.],
       [80.],
       [80.],
       [80.],
       [80.],
       [80.],
       [80.],
       [80.],
       [80.],
       [80.],
       [80.],
       [80.],
       [80.],
       [80.],
       [80.],
       [80.],
       [80.],
       [80.],
       [80.],
       [80.],
       [80.],
       [80.],
       [80.],
       [80.],
       [80.],
       [80.],
       [80.],
       [80.],
       [80.],
       [80.],
       [80.],
       [80.],
       [80.],
       [80.],
       [80.],
       [80.],
       [80.],
       [80.],
       [80.],
       [80.],
       [80.],
       [80.],
       [80.],
       [80.],
       [80.],
       [80.],
       [80.],
       [80.],
       [80.],
       [80.],
       [80.],
       [80.],
       [80.],
       [80.],
       [80.],
       [80.],
       [80.],
       [80.],
       [80.],
       [80.],
       [80.],
       [80.],
       [80.],
       [80.],
       [80.],
       [80.],
       [80.],
       [80.],
       [80.],
       [80.],
       [80.],
       [80.],
       [80.],
       [80.],
       [80.],
       [80.],
       [80.],
       [80.],
       [80.],
       [80.],
       [80.],
       [80.],
       [80.],
       [80.],
       [80.],
       [80.],
       [80.],
       [80.],
       [80.],
       [80.],
       [80.],
       [80.],
       [80.],
       [80.],
       [80.],
       [80.],
       [80.],
       [80.],
       [80.],
       [80.],
       [80.],
       [80.],
       [80.],
       [80.],
       [80.],
       [80.],
       [80.],
       [80.],
       [80.],
       [80.],
       [80.],
       [80.],
       [80.],
       [80.],
       [80.],
       [80.],
       [80.],
       [80.],
       [80.],
       [80.],
       [80.],
       [80.],
       [80.],
       [80.],
       [80.],
       [80.],
       [80.],
       [80.],
       [80.],
       [80.],
       [80.],
       [80.],
       [80.],
       [80.],
       [80.],
       [80.],
       [80.],
       [80.],
       [80.],
       [80.],
       [80.],
       [80.],
       [80.],
       [80.],
       [80.],
       [80.],
       [80.],
       [80.],
       [80.],
       [80.],
       [80.],
       [80.],
       [80.],
       [80.],
       [80.],
       [80.],
       [80.],
       [80.],
       [80.],
       [80.],
       [80.],
       [80.],
       [80.],
       [80.],
       [80.],
       [80.],
       [80.],
       [80.],
       [80.],
       [80.],
       [80.],
       [80.],
       [80.],
       [80.],
       [80.],
       [80.],
       [80.],
       [80.],
       [80.],
       [80.],
       [80.],
       [80.],
       [80.],
       [80.],
       [80.],
       [80.],
       [80.],
       [80.],
       [80.],
       [80.],
       [80.],
       [80.],
       [80.],
       [80.],
       [80.],
       [80.],
       [80.],
       [80.],
       [80.],
       [80.],
       [80.],
       [80.],
       [80.],
       [80.],
       [80.],
       [80.],
       [80.],
       [80.],
       [80.],
       [80.],
       [80.],
       [80.],
       [80.],
       [80.],
       [80.],
       [80.],
       [80.],
       [80.],
       [80.],
       [80.],
       [80.],
       [80.],
       [80.],
       [80.],
       [80.],
       [80.],
       [80.],
       [80.],
       [80.],
       [80.],
       [80.],
       [80.],
       [80.],
       [80.],
       [80.],
       [80.],
       [80.],
       [80.],
       [80.],
       [80.],
       [80.],
       [80.],
       [80.],
       [80.],
       [80.],
       [80.],
       [80.],
       [80.],
       [80.],
       [80.],
       [80.],
       [80.],
       [80.],
       [80.],
       [80.],
       [80.],
       [80.],
       [80.],
       [80.],
       [80.],
       [80.],
       [80.],
       [80.],
       [80.],
       [80.],
       [80.],
       [80.],
       [80.],
       [80.],
       [80.],
       [80.],
       [80.],
       [80.],
       [80.],
       [80.],
       [80.],
       [80.],
       [80.],
       [80.],
       [80.],
       [80.],
       [80.],
       [80.],
       [80.],
       [80.],
       [80.],
       [80.],
       [80.],
       [80.],
       [80.],
       [80.],
       [80.],
       [80.],
       [80.],
       [80.],
       [80.],
       [80.],
       [80.],
       [80.],
       [80.],
       [80.],
       [80.],
       [80.],
       [80.],
       [80.],
       [80.],
       [80.],
       [80.]]), 'dt': 0.01, 'N': 400, 'l': 1e-05}","{'Q': 210.52631578947367, 'gbar': 11.578947368421051, 'T': 10000, 'supervisor': array([[-1.89214982e-17],
       [ 4.44288287e-04],
       [ 8.88576529e-04],
       ...,
       [-1.33286468e-03],
       [-8.88576529e-04],
       [-4.44288287e-04]]), 'BIAS': array([[80.],
       [80.],
       [80.],
       [80.],
       [80.],
       [80.],
       [80.],
       [80.],
       [80.],
       [80.],
       [80.],
       [80.],
       [80.],
       [80.],
       [80.],
       [80.],
       [80.],
       [80.],
       [80.],
       [80.],
       [80.],
       [80.],
       [80.],
       [80.],
       [80.],
       [80.],
       [80.],
       [80.],
       [80.],
       [80.],
       [80.],
       [80.],
       [80.],
       [80.],
       [80.],
       [80.],
       [80.],
       [80.],
       [80.],
       [80.],
       [80.],
       [80.],
       [80.],
       [80.],
       [80.],
       [80.],
       [80.],
       [80.],
       [80.],
       [80.],
       [80.],
       [80.],
       [80.],
       [80.],
       [80.],
       [80.],
       [80.],
       [80.],
       [80.],
       [80.],
       [80.],
       [80.],
       [80.],
       [80.],
       [80.],
       [80.],
       [80.],
       [80.],
       [80.],
       [80.],
       [80.],
       [80.],
       [80.],
       [80.],
       [80.],
       [80.],
       [80.],
       [80.],
       [80.],
       [80.],
       [80.],
       [80.],
       [80.],
       [80.],
       [80.],
       [80.],
       [80.],
       [80.],
       [80.],
       [80.],
       [80.],
       [80.],
       [80.],
       [80.],
       [80.],
       [80.],
       [80.],
       [80.],
       [80.],
       [80.],
       [80.],
       [80.],
       [80.],
       [80.],
       [80.],
       [80.],
       [80.],
       [80.],
       [80.],
       [80.],
       [80.],
       [80.],
       [80.],
       [80.],
       [80.],
       [80.],
       [80.],
       [80.],
       [80.],
       [80.],
       [80.],
       [80.],
       [80.],
       [80.],
       [80.],
       [80.],
       [80.],
       [80.],
       [80.],
       [80.],
       [80.],
       [80.],
       [80.],
       [80.],
       [80.],
       [80.],
       [80.],
       [80.],
       [80.],
       [80.],
       [80.],
       [80.],
       [80.],
       [80.],
       [80.],
       [80.],
       [80.],
       [80.],
       [80.],
       [80.],
       [80.],
       [80.],
       [80.],
       [80.],
       [80.],
       [80.],
       [80.],
       [80.],
       [80.],
       [80.],
       [80.],
       [80.],
       [80.],
       [80.],
       [80.],
       [80.],
       [80.],
       [80.],
       [80.],
       [80.],
       [80.],
       [80.],
       [80.],
       [80.],
       [80.],
       [80.],
       [80.],
       [80.],
       [80.],
       [80.],
       [80.],
       [80.],
       [80.],
       [80.],
       [80.],
       [80.],
       [80.],
       [80.],
       [80.],
       [80.],
       [80.],
       [80.],
       [80.],
       [80.],
       [80.],
       [80.],
       [80.],
       [80.],
       [80.],
       [80.],
       [80.],
       [80.],
       [80.],
       [80.],
       [80.],
       [80.],
       [80.],
       [80.],
       [80.],
       [80.],
       [80.],
       [80.],
       [80.],
       [80.],
       [80.],
       [80.],
       [80.],
       [80.],
       [80.],
       [80.],
       [80.],
       [80.],
       [80.],
       [80.],
       [80.],
       [80.],
       [80.],
       [80.],
       [80.],
       [80.],
       [80.],
       [80.],
       [80.],
       [80.],
       [80.],
       [80.],
       [80.],
       [80.],
       [80.],
       [80.],
       [80.],
       [80.],
       [80.],
       [80.],
       [80.],
       [80.],
       [80.],
       [80.],
       [80.],
       [80.],
       [80.],
       [80.],
       [80.],
       [80.],
       [80.],
       [80.],
       [80.],
       [80.],
       [80.],
       [80.],
       [80.],
       [80.],
       [80.],
       [80.],
       [80.],
       [80.],
       [80.],
       [80.],
       [80.],
       [80.],
       [80.],
       [80.],
       [80.],
       [80.],
       [80.],
       [80.],
       [80.],
       [80.],
       [80.],
       [80.],
       [80.],
       [80.],
       [80.],
       [80.],
       [80.],
       [80.],
       [80.],
       [80.],
       [80.],
       [80.],
       [80.],
       [80.],
       [80.],
       [80.],
       [80.],
       [80.],
       [80.],
       [80.],
       [80.],
       [80.],
       [80.],
       [80.],
       [80.],
       [80.],
       [80.],
       [80.],
       [80.],
       [80.],
       [80.],
       [80.],
       [80.],
       [80.],
       [80.],
       [80.],
       [80.],
       [80.],
       [80.],
       [80.],
       [80.],
       [80.],
       [80.],
       [80.],
       [80.],
       [80.],
       [80.],
       [80.],
       [80.],
       [80.],
       [80.],
       [80.],
       [80.],
       [80.],
       [80.],
       [80.],
       [80.],
       [80.],
       [80.],
       [80.],
       [80.],
       [80.],
       [80.],
       [80.],
       [80.],
       [80.],
       [80.],
       [80.],
       [80.],
       [80.],
       [80.],
       [80.],
       [80.],
       [80.],
       [80.],
       [80.],
       [80.],
       [80.],
       [80.],
       [80.],
       [80.],
       [80.],
       [80.],
       [80.],
       [80.],
       [80.],
       [80.],
       [80.],
       [80.],
       [80.],
       [80.],
       [80.],
       [80.],
       [80.],
       [80.],
       [80.],
       [80.],
       [80.],
       [80.],
       [80.],
       [80.],
       [80.],
       [80.],
       [80.],
       [80.],
       [80.],
       [80.],
       [80.],
       [80.],
       [80.],
       [80.],
       [80.],
       [80.],
       [80.],
       [80.],
       [80.],
       [80.],
       [80.],
       [80.],
       [80.],
       [80.],
       [80.]]), 'dt': 0.01, 'N': 400, 'l': 1e-05}","{'Q': 210.52631578947367, 'gbar': 12.631578947368421, 'T': 10000, 'supervisor': array([[-1.89214982e-17],
       [ 4.44288287e-04],
       [ 8.88576529e-04],
       ...,
       [-1.33286468e-03],
       [-8.88576529e-04],
       [-4.44288287e-04]]), 'BIAS': array([[80.],
       [80.],
       [80.],
       [80.],
       [80.],
       [80.],
       [80.],
       [80.],
       [80.],
       [80.],
       [80.],
       [80.],
       [80.],
       [80.],
       [80.],
       [80.],
       [80.],
       [80.],
       [80.],
       [80.],
       [80.],
       [80.],
       [80.],
       [80.],
       [80.],
       [80.],
       [80.],
       [80.],
       [80.],
       [80.],
       [80.],
       [80.],
       [80.],
       [80.],
       [80.],
       [80.],
       [80.],
       [80.],
       [80.],
       [80.],
       [80.],
       [80.],
       [80.],
       [80.],
       [80.],
       [80.],
       [80.],
       [80.],
       [80.],
       [80.],
       [80.],
       [80.],
       [80.],
       [80.],
       [80.],
       [80.],
       [80.],
       [80.],
       [80.],
       [80.],
       [80.],
       [80.],
       [80.],
       [80.],
       [80.],
       [80.],
       [80.],
       [80.],
       [80.],
       [80.],
       [80.],
       [80.],
       [80.],
       [80.],
       [80.],
       [80.],
       [80.],
       [80.],
       [80.],
       [80.],
       [80.],
       [80.],
       [80.],
       [80.],
       [80.],
       [80.],
       [80.],
       [80.],
       [80.],
       [80.],
       [80.],
       [80.],
       [80.],
       [80.],
       [80.],
       [80.],
       [80.],
       [80.],
       [80.],
       [80.],
       [80.],
       [80.],
       [80.],
       [80.],
       [80.],
       [80.],
       [80.],
       [80.],
       [80.],
       [80.],
       [80.],
       [80.],
       [80.],
       [80.],
       [80.],
       [80.],
       [80.],
       [80.],
       [80.],
       [80.],
       [80.],
       [80.],
       [80.],
       [80.],
       [80.],
       [80.],
       [80.],
       [80.],
       [80.],
       [80.],
       [80.],
       [80.],
       [80.],
       [80.],
       [80.],
       [80.],
       [80.],
       [80.],
       [80.],
       [80.],
       [80.],
       [80.],
       [80.],
       [80.],
       [80.],
       [80.],
       [80.],
       [80.],
       [80.],
       [80.],
       [80.],
       [80.],
       [80.],
       [80.],
       [80.],
       [80.],
       [80.],
       [80.],
       [80.],
       [80.],
       [80.],
       [80.],
       [80.],
       [80.],
       [80.],
       [80.],
       [80.],
       [80.],
       [80.],
       [80.],
       [80.],
       [80.],
       [80.],
       [80.],
       [80.],
       [80.],
       [80.],
       [80.],
       [80.],
       [80.],
       [80.],
       [80.],
       [80.],
       [80.],
       [80.],
       [80.],
       [80.],
       [80.],
       [80.],
       [80.],
       [80.],
       [80.],
       [80.],
       [80.],
       [80.],
       [80.],
       [80.],
       [80.],
       [80.],
       [80.],
       [80.],
       [80.],
       [80.],
       [80.],
       [80.],
       [80.],
       [80.],
       [80.],
       [80.],
       [80.],
       [80.],
       [80.],
       [80.],
       [80.],
       [80.],
       [80.],
       [80.],
       [80.],
       [80.],
       [80.],
       [80.],
       [80.],
       [80.],
       [80.],
       [80.],
       [80.],
       [80.],
       [80.],
       [80.],
       [80.],
       [80.],
       [80.],
       [80.],
       [80.],
       [80.],
       [80.],
       [80.],
       [80.],
       [80.],
       [80.],
       [80.],
       [80.],
       [80.],
       [80.],
       [80.],
       [80.],
       [80.],
       [80.],
       [80.],
       [80.],
       [80.],
       [80.],
       [80.],
       [80.],
       [80.],
       [80.],
       [80.],
       [80.],
       [80.],
       [80.],
       [80.],
       [80.],
       [80.],
       [80.],
       [80.],
       [80.],
       [80.],
       [80.],
       [80.],
       [80.],
       [80.],
       [80.],
       [80.],
       [80.],
       [80.],
       [80.],
       [80.],
       [80.],
       [80.],
       [80.],
       [80.],
       [80.],
       [80.],
       [80.],
       [80.],
       [80.],
       [80.],
       [80.],
       [80.],
       [80.],
       [80.],
       [80.],
       [80.],
       [80.],
       [80.],
       [80.],
       [80.],
       [80.],
       [80.],
       [80.],
       [80.],
       [80.],
       [80.],
       [80.],
       [80.],
       [80.],
       [80.],
       [80.],
       [80.],
       [80.],
       [80.],
       [80.],
       [80.],
       [80.],
       [80.],
       [80.],
       [80.],
       [80.],
       [80.],
       [80.],
       [80.],
       [80.],
       [80.],
       [80.],
       [80.],
       [80.],
       [80.],
       [80.],
       [80.],
       [80.],
       [80.],
       [80.],
       [80.],
       [80.],
       [80.],
       [80.],
       [80.],
       [80.],
       [80.],
       [80.],
       [80.],
       [80.],
       [80.],
       [80.],
       [80.],
       [80.],
       [80.],
       [80.],
       [80.],
       [80.],
       [80.],
       [80.],
       [80.],
       [80.],
       [80.],
       [80.],
       [80.],
       [80.],
       [80.],
       [80.],
       [80.],
       [80.],
       [80.],
       [80.],
       [80.],
       [80.],
       [80.],
       [80.],
       [80.],
       [80.],
       [80.],
       [80.],
       [80.],
       [80.],
       [80.],
       [80.],
       [80.],
       [80.],
       [80.],
       [80.],
       [80.],
       [80.],
       [80.],
       [80.],
       [80.],
       [80.],
       [80.],
       [80.],
       [80.],
       [80.],
       [80.],
       [80.],
       [80.],
       [80.],
       [80.],
       [80.],
       [80.],
       [80.],
       [80.],
       [80.]]), 'dt': 0.01, 'N': 400, 'l': 1e-05}","{'Q': 210.52631578947367, 'gbar': 13.68421052631579, 'T': 10000, 'supervisor': array([[-1.89214982e-17],
       [ 4.44288287e-04],
       [ 8.88576529e-04],
       ...,
       [-1.33286468e-03],
       [-8.88576529e-04],
       [-4.44288287e-04]]), 'BIAS': array([[80.],
       [80.],
       [80.],
       [80.],
       [80.],
       [80.],
       [80.],
       [80.],
       [80.],
       [80.],
       [80.],
       [80.],
       [80.],
       [80.],
       [80.],
       [80.],
       [80.],
       [80.],
       [80.],
       [80.],
       [80.],
       [80.],
       [80.],
       [80.],
       [80.],
       [80.],
       [80.],
       [80.],
       [80.],
       [80.],
       [80.],
       [80.],
       [80.],
       [80.],
       [80.],
       [80.],
       [80.],
       [80.],
       [80.],
       [80.],
       [80.],
       [80.],
       [80.],
       [80.],
       [80.],
       [80.],
       [80.],
       [80.],
       [80.],
       [80.],
       [80.],
       [80.],
       [80.],
       [80.],
       [80.],
       [80.],
       [80.],
       [80.],
       [80.],
       [80.],
       [80.],
       [80.],
       [80.],
       [80.],
       [80.],
       [80.],
       [80.],
       [80.],
       [80.],
       [80.],
       [80.],
       [80.],
       [80.],
       [80.],
       [80.],
       [80.],
       [80.],
       [80.],
       [80.],
       [80.],
       [80.],
       [80.],
       [80.],
       [80.],
       [80.],
       [80.],
       [80.],
       [80.],
       [80.],
       [80.],
       [80.],
       [80.],
       [80.],
       [80.],
       [80.],
       [80.],
       [80.],
       [80.],
       [80.],
       [80.],
       [80.],
       [80.],
       [80.],
       [80.],
       [80.],
       [80.],
       [80.],
       [80.],
       [80.],
       [80.],
       [80.],
       [80.],
       [80.],
       [80.],
       [80.],
       [80.],
       [80.],
       [80.],
       [80.],
       [80.],
       [80.],
       [80.],
       [80.],
       [80.],
       [80.],
       [80.],
       [80.],
       [80.],
       [80.],
       [80.],
       [80.],
       [80.],
       [80.],
       [80.],
       [80.],
       [80.],
       [80.],
       [80.],
       [80.],
       [80.],
       [80.],
       [80.],
       [80.],
       [80.],
       [80.],
       [80.],
       [80.],
       [80.],
       [80.],
       [80.],
       [80.],
       [80.],
       [80.],
       [80.],
       [80.],
       [80.],
       [80.],
       [80.],
       [80.],
       [80.],
       [80.],
       [80.],
       [80.],
       [80.],
       [80.],
       [80.],
       [80.],
       [80.],
       [80.],
       [80.],
       [80.],
       [80.],
       [80.],
       [80.],
       [80.],
       [80.],
       [80.],
       [80.],
       [80.],
       [80.],
       [80.],
       [80.],
       [80.],
       [80.],
       [80.],
       [80.],
       [80.],
       [80.],
       [80.],
       [80.],
       [80.],
       [80.],
       [80.],
       [80.],
       [80.],
       [80.],
       [80.],
       [80.],
       [80.],
       [80.],
       [80.],
       [80.],
       [80.],
       [80.],
       [80.],
       [80.],
       [80.],
       [80.],
       [80.],
       [80.],
       [80.],
       [80.],
       [80.],
       [80.],
       [80.],
       [80.],
       [80.],
       [80.],
       [80.],
       [80.],
       [80.],
       [80.],
       [80.],
       [80.],
       [80.],
       [80.],
       [80.],
       [80.],
       [80.],
       [80.],
       [80.],
       [80.],
       [80.],
       [80.],
       [80.],
       [80.],
       [80.],
       [80.],
       [80.],
       [80.],
       [80.],
       [80.],
       [80.],
       [80.],
       [80.],
       [80.],
       [80.],
       [80.],
       [80.],
       [80.],
       [80.],
       [80.],
       [80.],
       [80.],
       [80.],
       [80.],
       [80.],
       [80.],
       [80.],
       [80.],
       [80.],
       [80.],
       [80.],
       [80.],
       [80.],
       [80.],
       [80.],
       [80.],
       [80.],
       [80.],
       [80.],
       [80.],
       [80.],
       [80.],
       [80.],
       [80.],
       [80.],
       [80.],
       [80.],
       [80.],
       [80.],
       [80.],
       [80.],
       [80.],
       [80.],
       [80.],
       [80.],
       [80.],
       [80.],
       [80.],
       [80.],
       [80.],
       [80.],
       [80.],
       [80.],
       [80.],
       [80.],
       [80.],
       [80.],
       [80.],
       [80.],
       [80.],
       [80.],
       [80.],
       [80.],
       [80.],
       [80.],
       [80.],
       [80.],
       [80.],
       [80.],
       [80.],
       [80.],
       [80.],
       [80.],
       [80.],
       [80.],
       [80.],
       [80.],
       [80.],
       [80.],
       [80.],
       [80.],
       [80.],
       [80.],
       [80.],
       [80.],
       [80.],
       [80.],
       [80.],
       [80.],
       [80.],
       [80.],
       [80.],
       [80.],
       [80.],
       [80.],
       [80.],
       [80.],
       [80.],
       [80.],
       [80.],
       [80.],
       [80.],
       [80.],
       [80.],
       [80.],
       [80.],
       [80.],
       [80.],
       [80.],
       [80.],
       [80.],
       [80.],
       [80.],
       [80.],
       [80.],
       [80.],
       [80.],
       [80.],
       [80.],
       [80.],
       [80.],
       [80.],
       [80.],
       [80.],
       [80.],
       [80.],
       [80.],
       [80.],
       [80.],
       [80.],
       [80.],
       [80.],
       [80.],
       [80.],
       [80.],
       [80.],
       [80.],
       [80.],
       [80.],
       [80.],
       [80.],
       [80.],
       [80.],
       [80.],
       [80.],
       [80.],
       [80.],
       [80.],
       [80.],
       [80.],
       [80.],
       [80.],
       [80.],
       [80.],
       [80.],
       [80.],
       [80.],
       [80.]]), 'dt': 0.01, 'N': 400, 'l': 1e-05}","{'Q': 210.52631578947367, 'gbar': 14.736842105263158, 'T': 10000, 'supervisor': array([[-1.89214982e-17],
       [ 4.44288287e-04],
       [ 8.88576529e-04],
       ...,
       [-1.33286468e-03],
       [-8.88576529e-04],
       [-4.44288287e-04]]), 'BIAS': array([[80.],
       [80.],
       [80.],
       [80.],
       [80.],
       [80.],
       [80.],
       [80.],
       [80.],
       [80.],
       [80.],
       [80.],
       [80.],
       [80.],
       [80.],
       [80.],
       [80.],
       [80.],
       [80.],
       [80.],
       [80.],
       [80.],
       [80.],
       [80.],
       [80.],
       [80.],
       [80.],
       [80.],
       [80.],
       [80.],
       [80.],
       [80.],
       [80.],
       [80.],
       [80.],
       [80.],
       [80.],
       [80.],
       [80.],
       [80.],
       [80.],
       [80.],
       [80.],
       [80.],
       [80.],
       [80.],
       [80.],
       [80.],
       [80.],
       [80.],
       [80.],
       [80.],
       [80.],
       [80.],
       [80.],
       [80.],
       [80.],
       [80.],
       [80.],
       [80.],
       [80.],
       [80.],
       [80.],
       [80.],
       [80.],
       [80.],
       [80.],
       [80.],
       [80.],
       [80.],
       [80.],
       [80.],
       [80.],
       [80.],
       [80.],
       [80.],
       [80.],
       [80.],
       [80.],
       [80.],
       [80.],
       [80.],
       [80.],
       [80.],
       [80.],
       [80.],
       [80.],
       [80.],
       [80.],
       [80.],
       [80.],
       [80.],
       [80.],
       [80.],
       [80.],
       [80.],
       [80.],
       [80.],
       [80.],
       [80.],
       [80.],
       [80.],
       [80.],
       [80.],
       [80.],
       [80.],
       [80.],
       [80.],
       [80.],
       [80.],
       [80.],
       [80.],
       [80.],
       [80.],
       [80.],
       [80.],
       [80.],
       [80.],
       [80.],
       [80.],
       [80.],
       [80.],
       [80.],
       [80.],
       [80.],
       [80.],
       [80.],
       [80.],
       [80.],
       [80.],
       [80.],
       [80.],
       [80.],
       [80.],
       [80.],
       [80.],
       [80.],
       [80.],
       [80.],
       [80.],
       [80.],
       [80.],
       [80.],
       [80.],
       [80.],
       [80.],
       [80.],
       [80.],
       [80.],
       [80.],
       [80.],
       [80.],
       [80.],
       [80.],
       [80.],
       [80.],
       [80.],
       [80.],
       [80.],
       [80.],
       [80.],
       [80.],
       [80.],
       [80.],
       [80.],
       [80.],
       [80.],
       [80.],
       [80.],
       [80.],
       [80.],
       [80.],
       [80.],
       [80.],
       [80.],
       [80.],
       [80.],
       [80.],
       [80.],
       [80.],
       [80.],
       [80.],
       [80.],
       [80.],
       [80.],
       [80.],
       [80.],
       [80.],
       [80.],
       [80.],
       [80.],
       [80.],
       [80.],
       [80.],
       [80.],
       [80.],
       [80.],
       [80.],
       [80.],
       [80.],
       [80.],
       [80.],
       [80.],
       [80.],
       [80.],
       [80.],
       [80.],
       [80.],
       [80.],
       [80.],
       [80.],
       [80.],
       [80.],
       [80.],
       [80.],
       [80.],
       [80.],
       [80.],
       [80.],
       [80.],
       [80.],
       [80.],
       [80.],
       [80.],
       [80.],
       [80.],
       [80.],
       [80.],
       [80.],
       [80.],
       [80.],
       [80.],
       [80.],
       [80.],
       [80.],
       [80.],
       [80.],
       [80.],
       [80.],
       [80.],
       [80.],
       [80.],
       [80.],
       [80.],
       [80.],
       [80.],
       [80.],
       [80.],
       [80.],
       [80.],
       [80.],
       [80.],
       [80.],
       [80.],
       [80.],
       [80.],
       [80.],
       [80.],
       [80.],
       [80.],
       [80.],
       [80.],
       [80.],
       [80.],
       [80.],
       [80.],
       [80.],
       [80.],
       [80.],
       [80.],
       [80.],
       [80.],
       [80.],
       [80.],
       [80.],
       [80.],
       [80.],
       [80.],
       [80.],
       [80.],
       [80.],
       [80.],
       [80.],
       [80.],
       [80.],
       [80.],
       [80.],
       [80.],
       [80.],
       [80.],
       [80.],
       [80.],
       [80.],
       [80.],
       [80.],
       [80.],
       [80.],
       [80.],
       [80.],
       [80.],
       [80.],
       [80.],
       [80.],
       [80.],
       [80.],
       [80.],
       [80.],
       [80.],
       [80.],
       [80.],
       [80.],
       [80.],
       [80.],
       [80.],
       [80.],
       [80.],
       [80.],
       [80.],
       [80.],
       [80.],
       [80.],
       [80.],
       [80.],
       [80.],
       [80.],
       [80.],
       [80.],
       [80.],
       [80.],
       [80.],
       [80.],
       [80.],
       [80.],
       [80.],
       [80.],
       [80.],
       [80.],
       [80.],
       [80.],
       [80.],
       [80.],
       [80.],
       [80.],
       [80.],
       [80.],
       [80.],
       [80.],
       [80.],
       [80.],
       [80.],
       [80.],
       [80.],
       [80.],
       [80.],
       [80.],
       [80.],
       [80.],
       [80.],
       [80.],
       [80.],
       [80.],
       [80.],
       [80.],
       [80.],
       [80.],
       [80.],
       [80.],
       [80.],
       [80.],
       [80.],
       [80.],
       [80.],
       [80.],
       [80.],
       [80.],
       [80.],
       [80.],
       [80.],
       [80.],
       [80.],
       [80.],
       [80.],
       [80.],
       [80.],
       [80.],
       [80.],
       [80.],
       [80.],
       [80.],
       [80.],
       [80.],
       [80.],
       [80.],
       [80.],
       [80.],
       [80.],
       [80.],
       [80.],
       [80.],
       [80.]]), 'dt': 0.01, 'N': 400, 'l': 1e-05}","{'Q': 210.52631578947367, 'gbar': 15.789473684210526, 'T': 10000, 'supervisor': array([[-1.89214982e-17],
       [ 4.44288287e-04],
       [ 8.88576529e-04],
       ...,
       [-1.33286468e-03],
       [-8.88576529e-04],
       [-4.44288287e-04]]), 'BIAS': array([[80.],
       [80.],
       [80.],
       [80.],
       [80.],
       [80.],
       [80.],
       [80.],
       [80.],
       [80.],
       [80.],
       [80.],
       [80.],
       [80.],
       [80.],
       [80.],
       [80.],
       [80.],
       [80.],
       [80.],
       [80.],
       [80.],
       [80.],
       [80.],
       [80.],
       [80.],
       [80.],
       [80.],
       [80.],
       [80.],
       [80.],
       [80.],
       [80.],
       [80.],
       [80.],
       [80.],
       [80.],
       [80.],
       [80.],
       [80.],
       [80.],
       [80.],
       [80.],
       [80.],
       [80.],
       [80.],
       [80.],
       [80.],
       [80.],
       [80.],
       [80.],
       [80.],
       [80.],
       [80.],
       [80.],
       [80.],
       [80.],
       [80.],
       [80.],
       [80.],
       [80.],
       [80.],
       [80.],
       [80.],
       [80.],
       [80.],
       [80.],
       [80.],
       [80.],
       [80.],
       [80.],
       [80.],
       [80.],
       [80.],
       [80.],
       [80.],
       [80.],
       [80.],
       [80.],
       [80.],
       [80.],
       [80.],
       [80.],
       [80.],
       [80.],
       [80.],
       [80.],
       [80.],
       [80.],
       [80.],
       [80.],
       [80.],
       [80.],
       [80.],
       [80.],
       [80.],
       [80.],
       [80.],
       [80.],
       [80.],
       [80.],
       [80.],
       [80.],
       [80.],
       [80.],
       [80.],
       [80.],
       [80.],
       [80.],
       [80.],
       [80.],
       [80.],
       [80.],
       [80.],
       [80.],
       [80.],
       [80.],
       [80.],
       [80.],
       [80.],
       [80.],
       [80.],
       [80.],
       [80.],
       [80.],
       [80.],
       [80.],
       [80.],
       [80.],
       [80.],
       [80.],
       [80.],
       [80.],
       [80.],
       [80.],
       [80.],
       [80.],
       [80.],
       [80.],
       [80.],
       [80.],
       [80.],
       [80.],
       [80.],
       [80.],
       [80.],
       [80.],
       [80.],
       [80.],
       [80.],
       [80.],
       [80.],
       [80.],
       [80.],
       [80.],
       [80.],
       [80.],
       [80.],
       [80.],
       [80.],
       [80.],
       [80.],
       [80.],
       [80.],
       [80.],
       [80.],
       [80.],
       [80.],
       [80.],
       [80.],
       [80.],
       [80.],
       [80.],
       [80.],
       [80.],
       [80.],
       [80.],
       [80.],
       [80.],
       [80.],
       [80.],
       [80.],
       [80.],
       [80.],
       [80.],
       [80.],
       [80.],
       [80.],
       [80.],
       [80.],
       [80.],
       [80.],
       [80.],
       [80.],
       [80.],
       [80.],
       [80.],
       [80.],
       [80.],
       [80.],
       [80.],
       [80.],
       [80.],
       [80.],
       [80.],
       [80.],
       [80.],
       [80.],
       [80.],
       [80.],
       [80.],
       [80.],
       [80.],
       [80.],
       [80.],
       [80.],
       [80.],
       [80.],
       [80.],
       [80.],
       [80.],
       [80.],
       [80.],
       [80.],
       [80.],
       [80.],
       [80.],
       [80.],
       [80.],
       [80.],
       [80.],
       [80.],
       [80.],
       [80.],
       [80.],
       [80.],
       [80.],
       [80.],
       [80.],
       [80.],
       [80.],
       [80.],
       [80.],
       [80.],
       [80.],
       [80.],
       [80.],
       [80.],
       [80.],
       [80.],
       [80.],
       [80.],
       [80.],
       [80.],
       [80.],
       [80.],
       [80.],
       [80.],
       [80.],
       [80.],
       [80.],
       [80.],
       [80.],
       [80.],
       [80.],
       [80.],
       [80.],
       [80.],
       [80.],
       [80.],
       [80.],
       [80.],
       [80.],
       [80.],
       [80.],
       [80.],
       [80.],
       [80.],
       [80.],
       [80.],
       [80.],
       [80.],
       [80.],
       [80.],
       [80.],
       [80.],
       [80.],
       [80.],
       [80.],
       [80.],
       [80.],
       [80.],
       [80.],
       [80.],
       [80.],
       [80.],
       [80.],
       [80.],
       [80.],
       [80.],
       [80.],
       [80.],
       [80.],
       [80.],
       [80.],
       [80.],
       [80.],
       [80.],
       [80.],
       [80.],
       [80.],
       [80.],
       [80.],
       [80.],
       [80.],
       [80.],
       [80.],
       [80.],
       [80.],
       [80.],
       [80.],
       [80.],
       [80.],
       [80.],
       [80.],
       [80.],
       [80.],
       [80.],
       [80.],
       [80.],
       [80.],
       [80.],
       [80.],
       [80.],
       [80.],
       [80.],
       [80.],
       [80.],
       [80.],
       [80.],
       [80.],
       [80.],
       [80.],
       [80.],
       [80.],
       [80.],
       [80.],
       [80.],
       [80.],
       [80.],
       [80.],
       [80.],
       [80.],
       [80.],
       [80.],
       [80.],
       [80.],
       [80.],
       [80.],
       [80.],
       [80.],
       [80.],
       [80.],
       [80.],
       [80.],
       [80.],
       [80.],
       [80.],
       [80.],
       [80.],
       [80.],
       [80.],
       [80.],
       [80.],
       [80.],
       [80.],
       [80.],
       [80.],
       [80.],
       [80.],
       [80.],
       [80.],
       [80.],
       [80.],
       [80.],
       [80.],
       [80.],
       [80.],
       [80.],
       [80.],
       [80.],
       [80.],
       [80.],
       [80.],
       [80.],
       [80.],
       [80.],
       [80.],
       [80.],
       [80.]]), 'dt': 0.01, 'N': 400, 'l': 1e-05}","{'Q': 210.52631578947367, 'gbar': 16.842105263157894, 'T': 10000, 'supervisor': array([[-1.89214982e-17],
       [ 4.44288287e-04],
       [ 8.88576529e-04],
       ...,
       [-1.33286468e-03],
       [-8.88576529e-04],
       [-4.44288287e-04]]), 'BIAS': array([[80.],
       [80.],
       [80.],
       [80.],
       [80.],
       [80.],
       [80.],
       [80.],
       [80.],
       [80.],
       [80.],
       [80.],
       [80.],
       [80.],
       [80.],
       [80.],
       [80.],
       [80.],
       [80.],
       [80.],
       [80.],
       [80.],
       [80.],
       [80.],
       [80.],
       [80.],
       [80.],
       [80.],
       [80.],
       [80.],
       [80.],
       [80.],
       [80.],
       [80.],
       [80.],
       [80.],
       [80.],
       [80.],
       [80.],
       [80.],
       [80.],
       [80.],
       [80.],
       [80.],
       [80.],
       [80.],
       [80.],
       [80.],
       [80.],
       [80.],
       [80.],
       [80.],
       [80.],
       [80.],
       [80.],
       [80.],
       [80.],
       [80.],
       [80.],
       [80.],
       [80.],
       [80.],
       [80.],
       [80.],
       [80.],
       [80.],
       [80.],
       [80.],
       [80.],
       [80.],
       [80.],
       [80.],
       [80.],
       [80.],
       [80.],
       [80.],
       [80.],
       [80.],
       [80.],
       [80.],
       [80.],
       [80.],
       [80.],
       [80.],
       [80.],
       [80.],
       [80.],
       [80.],
       [80.],
       [80.],
       [80.],
       [80.],
       [80.],
       [80.],
       [80.],
       [80.],
       [80.],
       [80.],
       [80.],
       [80.],
       [80.],
       [80.],
       [80.],
       [80.],
       [80.],
       [80.],
       [80.],
       [80.],
       [80.],
       [80.],
       [80.],
       [80.],
       [80.],
       [80.],
       [80.],
       [80.],
       [80.],
       [80.],
       [80.],
       [80.],
       [80.],
       [80.],
       [80.],
       [80.],
       [80.],
       [80.],
       [80.],
       [80.],
       [80.],
       [80.],
       [80.],
       [80.],
       [80.],
       [80.],
       [80.],
       [80.],
       [80.],
       [80.],
       [80.],
       [80.],
       [80.],
       [80.],
       [80.],
       [80.],
       [80.],
       [80.],
       [80.],
       [80.],
       [80.],
       [80.],
       [80.],
       [80.],
       [80.],
       [80.],
       [80.],
       [80.],
       [80.],
       [80.],
       [80.],
       [80.],
       [80.],
       [80.],
       [80.],
       [80.],
       [80.],
       [80.],
       [80.],
       [80.],
       [80.],
       [80.],
       [80.],
       [80.],
       [80.],
       [80.],
       [80.],
       [80.],
       [80.],
       [80.],
       [80.],
       [80.],
       [80.],
       [80.],
       [80.],
       [80.],
       [80.],
       [80.],
       [80.],
       [80.],
       [80.],
       [80.],
       [80.],
       [80.],
       [80.],
       [80.],
       [80.],
       [80.],
       [80.],
       [80.],
       [80.],
       [80.],
       [80.],
       [80.],
       [80.],
       [80.],
       [80.],
       [80.],
       [80.],
       [80.],
       [80.],
       [80.],
       [80.],
       [80.],
       [80.],
       [80.],
       [80.],
       [80.],
       [80.],
       [80.],
       [80.],
       [80.],
       [80.],
       [80.],
       [80.],
       [80.],
       [80.],
       [80.],
       [80.],
       [80.],
       [80.],
       [80.],
       [80.],
       [80.],
       [80.],
       [80.],
       [80.],
       [80.],
       [80.],
       [80.],
       [80.],
       [80.],
       [80.],
       [80.],
       [80.],
       [80.],
       [80.],
       [80.],
       [80.],
       [80.],
       [80.],
       [80.],
       [80.],
       [80.],
       [80.],
       [80.],
       [80.],
       [80.],
       [80.],
       [80.],
       [80.],
       [80.],
       [80.],
       [80.],
       [80.],
       [80.],
       [80.],
       [80.],
       [80.],
       [80.],
       [80.],
       [80.],
       [80.],
       [80.],
       [80.],
       [80.],
       [80.],
       [80.],
       [80.],
       [80.],
       [80.],
       [80.],
       [80.],
       [80.],
       [80.],
       [80.],
       [80.],
       [80.],
       [80.],
       [80.],
       [80.],
       [80.],
       [80.],
       [80.],
       [80.],
       [80.],
       [80.],
       [80.],
       [80.],
       [80.],
       [80.],
       [80.],
       [80.],
       [80.],
       [80.],
       [80.],
       [80.],
       [80.],
       [80.],
       [80.],
       [80.],
       [80.],
       [80.],
       [80.],
       [80.],
       [80.],
       [80.],
       [80.],
       [80.],
       [80.],
       [80.],
       [80.],
       [80.],
       [80.],
       [80.],
       [80.],
       [80.],
       [80.],
       [80.],
       [80.],
       [80.],
       [80.],
       [80.],
       [80.],
       [80.],
       [80.],
       [80.],
       [80.],
       [80.],
       [80.],
       [80.],
       [80.],
       [80.],
       [80.],
       [80.],
       [80.],
       [80.],
       [80.],
       [80.],
       [80.],
       [80.],
       [80.],
       [80.],
       [80.],
       [80.],
       [80.],
       [80.],
       [80.],
       [80.],
       [80.],
       [80.],
       [80.],
       [80.],
       [80.],
       [80.],
       [80.],
       [80.],
       [80.],
       [80.],
       [80.],
       [80.],
       [80.],
       [80.],
       [80.],
       [80.],
       [80.],
       [80.],
       [80.],
       [80.],
       [80.],
       [80.],
       [80.],
       [80.],
       [80.],
       [80.],
       [80.],
       [80.],
       [80.],
       [80.],
       [80.],
       [80.],
       [80.],
       [80.],
       [80.],
       [80.],
       [80.],
       [80.],
       [80.],
       [80.],
       [80.],
       [80.],
       [80.]]), 'dt': 0.01, 'N': 400, 'l': 1e-05}","{'Q': 210.52631578947367, 'gbar': 17.894736842105264, 'T': 10000, 'supervisor': array([[-1.89214982e-17],
       [ 4.44288287e-04],
       [ 8.88576529e-04],
       ...,
       [-1.33286468e-03],
       [-8.88576529e-04],
       [-4.44288287e-04]]), 'BIAS': array([[80.],
       [80.],
       [80.],
       [80.],
       [80.],
       [80.],
       [80.],
       [80.],
       [80.],
       [80.],
       [80.],
       [80.],
       [80.],
       [80.],
       [80.],
       [80.],
       [80.],
       [80.],
       [80.],
       [80.],
       [80.],
       [80.],
       [80.],
       [80.],
       [80.],
       [80.],
       [80.],
       [80.],
       [80.],
       [80.],
       [80.],
       [80.],
       [80.],
       [80.],
       [80.],
       [80.],
       [80.],
       [80.],
       [80.],
       [80.],
       [80.],
       [80.],
       [80.],
       [80.],
       [80.],
       [80.],
       [80.],
       [80.],
       [80.],
       [80.],
       [80.],
       [80.],
       [80.],
       [80.],
       [80.],
       [80.],
       [80.],
       [80.],
       [80.],
       [80.],
       [80.],
       [80.],
       [80.],
       [80.],
       [80.],
       [80.],
       [80.],
       [80.],
       [80.],
       [80.],
       [80.],
       [80.],
       [80.],
       [80.],
       [80.],
       [80.],
       [80.],
       [80.],
       [80.],
       [80.],
       [80.],
       [80.],
       [80.],
       [80.],
       [80.],
       [80.],
       [80.],
       [80.],
       [80.],
       [80.],
       [80.],
       [80.],
       [80.],
       [80.],
       [80.],
       [80.],
       [80.],
       [80.],
       [80.],
       [80.],
       [80.],
       [80.],
       [80.],
       [80.],
       [80.],
       [80.],
       [80.],
       [80.],
       [80.],
       [80.],
       [80.],
       [80.],
       [80.],
       [80.],
       [80.],
       [80.],
       [80.],
       [80.],
       [80.],
       [80.],
       [80.],
       [80.],
       [80.],
       [80.],
       [80.],
       [80.],
       [80.],
       [80.],
       [80.],
       [80.],
       [80.],
       [80.],
       [80.],
       [80.],
       [80.],
       [80.],
       [80.],
       [80.],
       [80.],
       [80.],
       [80.],
       [80.],
       [80.],
       [80.],
       [80.],
       [80.],
       [80.],
       [80.],
       [80.],
       [80.],
       [80.],
       [80.],
       [80.],
       [80.],
       [80.],
       [80.],
       [80.],
       [80.],
       [80.],
       [80.],
       [80.],
       [80.],
       [80.],
       [80.],
       [80.],
       [80.],
       [80.],
       [80.],
       [80.],
       [80.],
       [80.],
       [80.],
       [80.],
       [80.],
       [80.],
       [80.],
       [80.],
       [80.],
       [80.],
       [80.],
       [80.],
       [80.],
       [80.],
       [80.],
       [80.],
       [80.],
       [80.],
       [80.],
       [80.],
       [80.],
       [80.],
       [80.],
       [80.],
       [80.],
       [80.],
       [80.],
       [80.],
       [80.],
       [80.],
       [80.],
       [80.],
       [80.],
       [80.],
       [80.],
       [80.],
       [80.],
       [80.],
       [80.],
       [80.],
       [80.],
       [80.],
       [80.],
       [80.],
       [80.],
       [80.],
       [80.],
       [80.],
       [80.],
       [80.],
       [80.],
       [80.],
       [80.],
       [80.],
       [80.],
       [80.],
       [80.],
       [80.],
       [80.],
       [80.],
       [80.],
       [80.],
       [80.],
       [80.],
       [80.],
       [80.],
       [80.],
       [80.],
       [80.],
       [80.],
       [80.],
       [80.],
       [80.],
       [80.],
       [80.],
       [80.],
       [80.],
       [80.],
       [80.],
       [80.],
       [80.],
       [80.],
       [80.],
       [80.],
       [80.],
       [80.],
       [80.],
       [80.],
       [80.],
       [80.],
       [80.],
       [80.],
       [80.],
       [80.],
       [80.],
       [80.],
       [80.],
       [80.],
       [80.],
       [80.],
       [80.],
       [80.],
       [80.],
       [80.],
       [80.],
       [80.],
       [80.],
       [80.],
       [80.],
       [80.],
       [80.],
       [80.],
       [80.],
       [80.],
       [80.],
       [80.],
       [80.],
       [80.],
       [80.],
       [80.],
       [80.],
       [80.],
       [80.],
       [80.],
       [80.],
       [80.],
       [80.],
       [80.],
       [80.],
       [80.],
       [80.],
       [80.],
       [80.],
       [80.],
       [80.],
       [80.],
       [80.],
       [80.],
       [80.],
       [80.],
       [80.],
       [80.],
       [80.],
       [80.],
       [80.],
       [80.],
       [80.],
       [80.],
       [80.],
       [80.],
       [80.],
       [80.],
       [80.],
       [80.],
       [80.],
       [80.],
       [80.],
       [80.],
       [80.],
       [80.],
       [80.],
       [80.],
       [80.],
       [80.],
       [80.],
       [80.],
       [80.],
       [80.],
       [80.],
       [80.],
       [80.],
       [80.],
       [80.],
       [80.],
       [80.],
       [80.],
       [80.],
       [80.],
       [80.],
       [80.],
       [80.],
       [80.],
       [80.],
       [80.],
       [80.],
       [80.],
       [80.],
       [80.],
       [80.],
       [80.],
       [80.],
       [80.],
       [80.],
       [80.],
       [80.],
       [80.],
       [80.],
       [80.],
       [80.],
       [80.],
       [80.],
       [80.],
       [80.],
       [80.],
       [80.],
       [80.],
       [80.],
       [80.],
       [80.],
       [80.],
       [80.],
       [80.],
       [80.],
       [80.],
       [80.],
       [80.],
       [80.],
       [80.],
       [80.],
       [80.],
       [80.],
       [80.],
       [80.],
       [80.],
       [80.],
       [80.],
       [80.],
       [80.],
       [80.],
       [80.],
       [80.]]), 'dt': 0.01, 'N': 400, 'l': 1e-05}","{'Q': 210.52631578947367, 'gbar': 18.94736842105263, 'T': 10000, 'supervisor': array([[-1.89214982e-17],
       [ 4.44288287e-04],
       [ 8.88576529e-04],
       ...,
       [-1.33286468e-03],
       [-8.88576529e-04],
       [-4.44288287e-04]]), 'BIAS': array([[80.],
       [80.],
       [80.],
       [80.],
       [80.],
       [80.],
       [80.],
       [80.],
       [80.],
       [80.],
       [80.],
       [80.],
       [80.],
       [80.],
       [80.],
       [80.],
       [80.],
       [80.],
       [80.],
       [80.],
       [80.],
       [80.],
       [80.],
       [80.],
       [80.],
       [80.],
       [80.],
       [80.],
       [80.],
       [80.],
       [80.],
       [80.],
       [80.],
       [80.],
       [80.],
       [80.],
       [80.],
       [80.],
       [80.],
       [80.],
       [80.],
       [80.],
       [80.],
       [80.],
       [80.],
       [80.],
       [80.],
       [80.],
       [80.],
       [80.],
       [80.],
       [80.],
       [80.],
       [80.],
       [80.],
       [80.],
       [80.],
       [80.],
       [80.],
       [80.],
       [80.],
       [80.],
       [80.],
       [80.],
       [80.],
       [80.],
       [80.],
       [80.],
       [80.],
       [80.],
       [80.],
       [80.],
       [80.],
       [80.],
       [80.],
       [80.],
       [80.],
       [80.],
       [80.],
       [80.],
       [80.],
       [80.],
       [80.],
       [80.],
       [80.],
       [80.],
       [80.],
       [80.],
       [80.],
       [80.],
       [80.],
       [80.],
       [80.],
       [80.],
       [80.],
       [80.],
       [80.],
       [80.],
       [80.],
       [80.],
       [80.],
       [80.],
       [80.],
       [80.],
       [80.],
       [80.],
       [80.],
       [80.],
       [80.],
       [80.],
       [80.],
       [80.],
       [80.],
       [80.],
       [80.],
       [80.],
       [80.],
       [80.],
       [80.],
       [80.],
       [80.],
       [80.],
       [80.],
       [80.],
       [80.],
       [80.],
       [80.],
       [80.],
       [80.],
       [80.],
       [80.],
       [80.],
       [80.],
       [80.],
       [80.],
       [80.],
       [80.],
       [80.],
       [80.],
       [80.],
       [80.],
       [80.],
       [80.],
       [80.],
       [80.],
       [80.],
       [80.],
       [80.],
       [80.],
       [80.],
       [80.],
       [80.],
       [80.],
       [80.],
       [80.],
       [80.],
       [80.],
       [80.],
       [80.],
       [80.],
       [80.],
       [80.],
       [80.],
       [80.],
       [80.],
       [80.],
       [80.],
       [80.],
       [80.],
       [80.],
       [80.],
       [80.],
       [80.],
       [80.],
       [80.],
       [80.],
       [80.],
       [80.],
       [80.],
       [80.],
       [80.],
       [80.],
       [80.],
       [80.],
       [80.],
       [80.],
       [80.],
       [80.],
       [80.],
       [80.],
       [80.],
       [80.],
       [80.],
       [80.],
       [80.],
       [80.],
       [80.],
       [80.],
       [80.],
       [80.],
       [80.],
       [80.],
       [80.],
       [80.],
       [80.],
       [80.],
       [80.],
       [80.],
       [80.],
       [80.],
       [80.],
       [80.],
       [80.],
       [80.],
       [80.],
       [80.],
       [80.],
       [80.],
       [80.],
       [80.],
       [80.],
       [80.],
       [80.],
       [80.],
       [80.],
       [80.],
       [80.],
       [80.],
       [80.],
       [80.],
       [80.],
       [80.],
       [80.],
       [80.],
       [80.],
       [80.],
       [80.],
       [80.],
       [80.],
       [80.],
       [80.],
       [80.],
       [80.],
       [80.],
       [80.],
       [80.],
       [80.],
       [80.],
       [80.],
       [80.],
       [80.],
       [80.],
       [80.],
       [80.],
       [80.],
       [80.],
       [80.],
       [80.],
       [80.],
       [80.],
       [80.],
       [80.],
       [80.],
       [80.],
       [80.],
       [80.],
       [80.],
       [80.],
       [80.],
       [80.],
       [80.],
       [80.],
       [80.],
       [80.],
       [80.],
       [80.],
       [80.],
       [80.],
       [80.],
       [80.],
       [80.],
       [80.],
       [80.],
       [80.],
       [80.],
       [80.],
       [80.],
       [80.],
       [80.],
       [80.],
       [80.],
       [80.],
       [80.],
       [80.],
       [80.],
       [80.],
       [80.],
       [80.],
       [80.],
       [80.],
       [80.],
       [80.],
       [80.],
       [80.],
       [80.],
       [80.],
       [80.],
       [80.],
       [80.],
       [80.],
       [80.],
       [80.],
       [80.],
       [80.],
       [80.],
       [80.],
       [80.],
       [80.],
       [80.],
       [80.],
       [80.],
       [80.],
       [80.],
       [80.],
       [80.],
       [80.],
       [80.],
       [80.],
       [80.],
       [80.],
       [80.],
       [80.],
       [80.],
       [80.],
       [80.],
       [80.],
       [80.],
       [80.],
       [80.],
       [80.],
       [80.],
       [80.],
       [80.],
       [80.],
       [80.],
       [80.],
       [80.],
       [80.],
       [80.],
       [80.],
       [80.],
       [80.],
       [80.],
       [80.],
       [80.],
       [80.],
       [80.],
       [80.],
       [80.],
       [80.],
       [80.],
       [80.],
       [80.],
       [80.],
       [80.],
       [80.],
       [80.],
       [80.],
       [80.],
       [80.],
       [80.],
       [80.],
       [80.],
       [80.],
       [80.],
       [80.],
       [80.],
       [80.],
       [80.],
       [80.],
       [80.],
       [80.],
       [80.],
       [80.],
       [80.],
       [80.],
       [80.],
       [80.],
       [80.],
       [80.],
       [80.],
       [80.],
       [80.],
       [80.],
       [80.],
       [80.],
       [80.],
       [80.],
       [80.],
       [80.]]), 'dt': 0.01, 'N': 400, 'l': 1e-05}","{'Q': 210.52631578947367, 'gbar': 20.0, 'T': 10000, 'supervisor': array([[-1.89214982e-17],
       [ 4.44288287e-04],
       [ 8.88576529e-04],
       ...,
       [-1.33286468e-03],
       [-8.88576529e-04],
       [-4.44288287e-04]]), 'BIAS': array([[80.],
       [80.],
       [80.],
       [80.],
       [80.],
       [80.],
       [80.],
       [80.],
       [80.],
       [80.],
       [80.],
       [80.],
       [80.],
       [80.],
       [80.],
       [80.],
       [80.],
       [80.],
       [80.],
       [80.],
       [80.],
       [80.],
       [80.],
       [80.],
       [80.],
       [80.],
       [80.],
       [80.],
       [80.],
       [80.],
       [80.],
       [80.],
       [80.],
       [80.],
       [80.],
       [80.],
       [80.],
       [80.],
       [80.],
       [80.],
       [80.],
       [80.],
       [80.],
       [80.],
       [80.],
       [80.],
       [80.],
       [80.],
       [80.],
       [80.],
       [80.],
       [80.],
       [80.],
       [80.],
       [80.],
       [80.],
       [80.],
       [80.],
       [80.],
       [80.],
       [80.],
       [80.],
       [80.],
       [80.],
       [80.],
       [80.],
       [80.],
       [80.],
       [80.],
       [80.],
       [80.],
       [80.],
       [80.],
       [80.],
       [80.],
       [80.],
       [80.],
       [80.],
       [80.],
       [80.],
       [80.],
       [80.],
       [80.],
       [80.],
       [80.],
       [80.],
       [80.],
       [80.],
       [80.],
       [80.],
       [80.],
       [80.],
       [80.],
       [80.],
       [80.],
       [80.],
       [80.],
       [80.],
       [80.],
       [80.],
       [80.],
       [80.],
       [80.],
       [80.],
       [80.],
       [80.],
       [80.],
       [80.],
       [80.],
       [80.],
       [80.],
       [80.],
       [80.],
       [80.],
       [80.],
       [80.],
       [80.],
       [80.],
       [80.],
       [80.],
       [80.],
       [80.],
       [80.],
       [80.],
       [80.],
       [80.],
       [80.],
       [80.],
       [80.],
       [80.],
       [80.],
       [80.],
       [80.],
       [80.],
       [80.],
       [80.],
       [80.],
       [80.],
       [80.],
       [80.],
       [80.],
       [80.],
       [80.],
       [80.],
       [80.],
       [80.],
       [80.],
       [80.],
       [80.],
       [80.],
       [80.],
       [80.],
       [80.],
       [80.],
       [80.],
       [80.],
       [80.],
       [80.],
       [80.],
       [80.],
       [80.],
       [80.],
       [80.],
       [80.],
       [80.],
       [80.],
       [80.],
       [80.],
       [80.],
       [80.],
       [80.],
       [80.],
       [80.],
       [80.],
       [80.],
       [80.],
       [80.],
       [80.],
       [80.],
       [80.],
       [80.],
       [80.],
       [80.],
       [80.],
       [80.],
       [80.],
       [80.],
       [80.],
       [80.],
       [80.],
       [80.],
       [80.],
       [80.],
       [80.],
       [80.],
       [80.],
       [80.],
       [80.],
       [80.],
       [80.],
       [80.],
       [80.],
       [80.],
       [80.],
       [80.],
       [80.],
       [80.],
       [80.],
       [80.],
       [80.],
       [80.],
       [80.],
       [80.],
       [80.],
       [80.],
       [80.],
       [80.],
       [80.],
       [80.],
       [80.],
       [80.],
       [80.],
       [80.],
       [80.],
       [80.],
       [80.],
       [80.],
       [80.],
       [80.],
       [80.],
       [80.],
       [80.],
       [80.],
       [80.],
       [80.],
       [80.],
       [80.],
       [80.],
       [80.],
       [80.],
       [80.],
       [80.],
       [80.],
       [80.],
       [80.],
       [80.],
       [80.],
       [80.],
       [80.],
       [80.],
       [80.],
       [80.],
       [80.],
       [80.],
       [80.],
       [80.],
       [80.],
       [80.],
       [80.],
       [80.],
       [80.],
       [80.],
       [80.],
       [80.],
       [80.],
       [80.],
       [80.],
       [80.],
       [80.],
       [80.],
       [80.],
       [80.],
       [80.],
       [80.],
       [80.],
       [80.],
       [80.],
       [80.],
       [80.],
       [80.],
       [80.],
       [80.],
       [80.],
       [80.],
       [80.],
       [80.],
       [80.],
       [80.],
       [80.],
       [80.],
       [80.],
       [80.],
       [80.],
       [80.],
       [80.],
       [80.],
       [80.],
       [80.],
       [80.],
       [80.],
       [80.],
       [80.],
       [80.],
       [80.],
       [80.],
       [80.],
       [80.],
       [80.],
       [80.],
       [80.],
       [80.],
       [80.],
       [80.],
       [80.],
       [80.],
       [80.],
       [80.],
       [80.],
       [80.],
       [80.],
       [80.],
       [80.],
       [80.],
       [80.],
       [80.],
       [80.],
       [80.],
       [80.],
       [80.],
       [80.],
       [80.],
       [80.],
       [80.],
       [80.],
       [80.],
       [80.],
       [80.],
       [80.],
       [80.],
       [80.],
       [80.],
       [80.],
       [80.],
       [80.],
       [80.],
       [80.],
       [80.],
       [80.],
       [80.],
       [80.],
       [80.],
       [80.],
       [80.],
       [80.],
       [80.],
       [80.],
       [80.],
       [80.],
       [80.],
       [80.],
       [80.],
       [80.],
       [80.],
       [80.],
       [80.],
       [80.],
       [80.],
       [80.],
       [80.],
       [80.],
       [80.],
       [80.],
       [80.],
       [80.],
       [80.],
       [80.],
       [80.],
       [80.],
       [80.],
       [80.],
       [80.],
       [80.],
       [80.],
       [80.],
       [80.],
       [80.],
       [80.],
       [80.],
       [80.],
       [80.],
       [80.],
       [80.],
       [80.],
       [80.],
       [80.],
       [80.],
       [80.],
       [80.],
       [80.],
       [80.]]), 'dt': 0.01, 'N': 400, 'l': 1e-05}"
"{'Q': 236.8421052631579, 'gbar': 0.0, 'T': 10000, 'supervisor': array([[-1.89214982e-17],
       [ 4.44288287e-04],
       [ 8.88576529e-04],
       ...,
       [-1.33286468e-03],
       [-8.88576529e-04],
       [-4.44288287e-04]]), 'BIAS': array([[80.],
       [80.],
       [80.],
       [80.],
       [80.],
       [80.],
       [80.],
       [80.],
       [80.],
       [80.],
       [80.],
       [80.],
       [80.],
       [80.],
       [80.],
       [80.],
       [80.],
       [80.],
       [80.],
       [80.],
       [80.],
       [80.],
       [80.],
       [80.],
       [80.],
       [80.],
       [80.],
       [80.],
       [80.],
       [80.],
       [80.],
       [80.],
       [80.],
       [80.],
       [80.],
       [80.],
       [80.],
       [80.],
       [80.],
       [80.],
       [80.],
       [80.],
       [80.],
       [80.],
       [80.],
       [80.],
       [80.],
       [80.],
       [80.],
       [80.],
       [80.],
       [80.],
       [80.],
       [80.],
       [80.],
       [80.],
       [80.],
       [80.],
       [80.],
       [80.],
       [80.],
       [80.],
       [80.],
       [80.],
       [80.],
       [80.],
       [80.],
       [80.],
       [80.],
       [80.],
       [80.],
       [80.],
       [80.],
       [80.],
       [80.],
       [80.],
       [80.],
       [80.],
       [80.],
       [80.],
       [80.],
       [80.],
       [80.],
       [80.],
       [80.],
       [80.],
       [80.],
       [80.],
       [80.],
       [80.],
       [80.],
       [80.],
       [80.],
       [80.],
       [80.],
       [80.],
       [80.],
       [80.],
       [80.],
       [80.],
       [80.],
       [80.],
       [80.],
       [80.],
       [80.],
       [80.],
       [80.],
       [80.],
       [80.],
       [80.],
       [80.],
       [80.],
       [80.],
       [80.],
       [80.],
       [80.],
       [80.],
       [80.],
       [80.],
       [80.],
       [80.],
       [80.],
       [80.],
       [80.],
       [80.],
       [80.],
       [80.],
       [80.],
       [80.],
       [80.],
       [80.],
       [80.],
       [80.],
       [80.],
       [80.],
       [80.],
       [80.],
       [80.],
       [80.],
       [80.],
       [80.],
       [80.],
       [80.],
       [80.],
       [80.],
       [80.],
       [80.],
       [80.],
       [80.],
       [80.],
       [80.],
       [80.],
       [80.],
       [80.],
       [80.],
       [80.],
       [80.],
       [80.],
       [80.],
       [80.],
       [80.],
       [80.],
       [80.],
       [80.],
       [80.],
       [80.],
       [80.],
       [80.],
       [80.],
       [80.],
       [80.],
       [80.],
       [80.],
       [80.],
       [80.],
       [80.],
       [80.],
       [80.],
       [80.],
       [80.],
       [80.],
       [80.],
       [80.],
       [80.],
       [80.],
       [80.],
       [80.],
       [80.],
       [80.],
       [80.],
       [80.],
       [80.],
       [80.],
       [80.],
       [80.],
       [80.],
       [80.],
       [80.],
       [80.],
       [80.],
       [80.],
       [80.],
       [80.],
       [80.],
       [80.],
       [80.],
       [80.],
       [80.],
       [80.],
       [80.],
       [80.],
       [80.],
       [80.],
       [80.],
       [80.],
       [80.],
       [80.],
       [80.],
       [80.],
       [80.],
       [80.],
       [80.],
       [80.],
       [80.],
       [80.],
       [80.],
       [80.],
       [80.],
       [80.],
       [80.],
       [80.],
       [80.],
       [80.],
       [80.],
       [80.],
       [80.],
       [80.],
       [80.],
       [80.],
       [80.],
       [80.],
       [80.],
       [80.],
       [80.],
       [80.],
       [80.],
       [80.],
       [80.],
       [80.],
       [80.],
       [80.],
       [80.],
       [80.],
       [80.],
       [80.],
       [80.],
       [80.],
       [80.],
       [80.],
       [80.],
       [80.],
       [80.],
       [80.],
       [80.],
       [80.],
       [80.],
       [80.],
       [80.],
       [80.],
       [80.],
       [80.],
       [80.],
       [80.],
       [80.],
       [80.],
       [80.],
       [80.],
       [80.],
       [80.],
       [80.],
       [80.],
       [80.],
       [80.],
       [80.],
       [80.],
       [80.],
       [80.],
       [80.],
       [80.],
       [80.],
       [80.],
       [80.],
       [80.],
       [80.],
       [80.],
       [80.],
       [80.],
       [80.],
       [80.],
       [80.],
       [80.],
       [80.],
       [80.],
       [80.],
       [80.],
       [80.],
       [80.],
       [80.],
       [80.],
       [80.],
       [80.],
       [80.],
       [80.],
       [80.],
       [80.],
       [80.],
       [80.],
       [80.],
       [80.],
       [80.],
       [80.],
       [80.],
       [80.],
       [80.],
       [80.],
       [80.],
       [80.],
       [80.],
       [80.],
       [80.],
       [80.],
       [80.],
       [80.],
       [80.],
       [80.],
       [80.],
       [80.],
       [80.],
       [80.],
       [80.],
       [80.],
       [80.],
       [80.],
       [80.],
       [80.],
       [80.],
       [80.],
       [80.],
       [80.],
       [80.],
       [80.],
       [80.],
       [80.],
       [80.],
       [80.],
       [80.],
       [80.],
       [80.],
       [80.],
       [80.],
       [80.],
       [80.],
       [80.],
       [80.],
       [80.],
       [80.],
       [80.],
       [80.],
       [80.],
       [80.],
       [80.],
       [80.],
       [80.],
       [80.],
       [80.],
       [80.],
       [80.],
       [80.],
       [80.],
       [80.],
       [80.],
       [80.],
       [80.],
       [80.],
       [80.],
       [80.],
       [80.],
       [80.],
       [80.],
       [80.],
       [80.],
       [80.],
       [80.],
       [80.],
       [80.],
       [80.],
       [80.],
       [80.],
       [80.],
       [80.]]), 'dt': 0.01, 'N': 400, 'l': 1e-05}","{'Q': 236.8421052631579, 'gbar': 1.0526315789473684, 'T': 10000, 'supervisor': array([[-1.89214982e-17],
       [ 4.44288287e-04],
       [ 8.88576529e-04],
       ...,
       [-1.33286468e-03],
       [-8.88576529e-04],
       [-4.44288287e-04]]), 'BIAS': array([[80.],
       [80.],
       [80.],
       [80.],
       [80.],
       [80.],
       [80.],
       [80.],
       [80.],
       [80.],
       [80.],
       [80.],
       [80.],
       [80.],
       [80.],
       [80.],
       [80.],
       [80.],
       [80.],
       [80.],
       [80.],
       [80.],
       [80.],
       [80.],
       [80.],
       [80.],
       [80.],
       [80.],
       [80.],
       [80.],
       [80.],
       [80.],
       [80.],
       [80.],
       [80.],
       [80.],
       [80.],
       [80.],
       [80.],
       [80.],
       [80.],
       [80.],
       [80.],
       [80.],
       [80.],
       [80.],
       [80.],
       [80.],
       [80.],
       [80.],
       [80.],
       [80.],
       [80.],
       [80.],
       [80.],
       [80.],
       [80.],
       [80.],
       [80.],
       [80.],
       [80.],
       [80.],
       [80.],
       [80.],
       [80.],
       [80.],
       [80.],
       [80.],
       [80.],
       [80.],
       [80.],
       [80.],
       [80.],
       [80.],
       [80.],
       [80.],
       [80.],
       [80.],
       [80.],
       [80.],
       [80.],
       [80.],
       [80.],
       [80.],
       [80.],
       [80.],
       [80.],
       [80.],
       [80.],
       [80.],
       [80.],
       [80.],
       [80.],
       [80.],
       [80.],
       [80.],
       [80.],
       [80.],
       [80.],
       [80.],
       [80.],
       [80.],
       [80.],
       [80.],
       [80.],
       [80.],
       [80.],
       [80.],
       [80.],
       [80.],
       [80.],
       [80.],
       [80.],
       [80.],
       [80.],
       [80.],
       [80.],
       [80.],
       [80.],
       [80.],
       [80.],
       [80.],
       [80.],
       [80.],
       [80.],
       [80.],
       [80.],
       [80.],
       [80.],
       [80.],
       [80.],
       [80.],
       [80.],
       [80.],
       [80.],
       [80.],
       [80.],
       [80.],
       [80.],
       [80.],
       [80.],
       [80.],
       [80.],
       [80.],
       [80.],
       [80.],
       [80.],
       [80.],
       [80.],
       [80.],
       [80.],
       [80.],
       [80.],
       [80.],
       [80.],
       [80.],
       [80.],
       [80.],
       [80.],
       [80.],
       [80.],
       [80.],
       [80.],
       [80.],
       [80.],
       [80.],
       [80.],
       [80.],
       [80.],
       [80.],
       [80.],
       [80.],
       [80.],
       [80.],
       [80.],
       [80.],
       [80.],
       [80.],
       [80.],
       [80.],
       [80.],
       [80.],
       [80.],
       [80.],
       [80.],
       [80.],
       [80.],
       [80.],
       [80.],
       [80.],
       [80.],
       [80.],
       [80.],
       [80.],
       [80.],
       [80.],
       [80.],
       [80.],
       [80.],
       [80.],
       [80.],
       [80.],
       [80.],
       [80.],
       [80.],
       [80.],
       [80.],
       [80.],
       [80.],
       [80.],
       [80.],
       [80.],
       [80.],
       [80.],
       [80.],
       [80.],
       [80.],
       [80.],
       [80.],
       [80.],
       [80.],
       [80.],
       [80.],
       [80.],
       [80.],
       [80.],
       [80.],
       [80.],
       [80.],
       [80.],
       [80.],
       [80.],
       [80.],
       [80.],
       [80.],
       [80.],
       [80.],
       [80.],
       [80.],
       [80.],
       [80.],
       [80.],
       [80.],
       [80.],
       [80.],
       [80.],
       [80.],
       [80.],
       [80.],
       [80.],
       [80.],
       [80.],
       [80.],
       [80.],
       [80.],
       [80.],
       [80.],
       [80.],
       [80.],
       [80.],
       [80.],
       [80.],
       [80.],
       [80.],
       [80.],
       [80.],
       [80.],
       [80.],
       [80.],
       [80.],
       [80.],
       [80.],
       [80.],
       [80.],
       [80.],
       [80.],
       [80.],
       [80.],
       [80.],
       [80.],
       [80.],
       [80.],
       [80.],
       [80.],
       [80.],
       [80.],
       [80.],
       [80.],
       [80.],
       [80.],
       [80.],
       [80.],
       [80.],
       [80.],
       [80.],
       [80.],
       [80.],
       [80.],
       [80.],
       [80.],
       [80.],
       [80.],
       [80.],
       [80.],
       [80.],
       [80.],
       [80.],
       [80.],
       [80.],
       [80.],
       [80.],
       [80.],
       [80.],
       [80.],
       [80.],
       [80.],
       [80.],
       [80.],
       [80.],
       [80.],
       [80.],
       [80.],
       [80.],
       [80.],
       [80.],
       [80.],
       [80.],
       [80.],
       [80.],
       [80.],
       [80.],
       [80.],
       [80.],
       [80.],
       [80.],
       [80.],
       [80.],
       [80.],
       [80.],
       [80.],
       [80.],
       [80.],
       [80.],
       [80.],
       [80.],
       [80.],
       [80.],
       [80.],
       [80.],
       [80.],
       [80.],
       [80.],
       [80.],
       [80.],
       [80.],
       [80.],
       [80.],
       [80.],
       [80.],
       [80.],
       [80.],
       [80.],
       [80.],
       [80.],
       [80.],
       [80.],
       [80.],
       [80.],
       [80.],
       [80.],
       [80.],
       [80.],
       [80.],
       [80.],
       [80.],
       [80.],
       [80.],
       [80.],
       [80.],
       [80.],
       [80.],
       [80.],
       [80.],
       [80.],
       [80.],
       [80.],
       [80.],
       [80.],
       [80.],
       [80.],
       [80.],
       [80.],
       [80.],
       [80.],
       [80.],
       [80.],
       [80.],
       [80.],
       [80.],
       [80.]]), 'dt': 0.01, 'N': 400, 'l': 1e-05}","{'Q': 236.8421052631579, 'gbar': 2.1052631578947367, 'T': 10000, 'supervisor': array([[-1.89214982e-17],
       [ 4.44288287e-04],
       [ 8.88576529e-04],
       ...,
       [-1.33286468e-03],
       [-8.88576529e-04],
       [-4.44288287e-04]]), 'BIAS': array([[80.],
       [80.],
       [80.],
       [80.],
       [80.],
       [80.],
       [80.],
       [80.],
       [80.],
       [80.],
       [80.],
       [80.],
       [80.],
       [80.],
       [80.],
       [80.],
       [80.],
       [80.],
       [80.],
       [80.],
       [80.],
       [80.],
       [80.],
       [80.],
       [80.],
       [80.],
       [80.],
       [80.],
       [80.],
       [80.],
       [80.],
       [80.],
       [80.],
       [80.],
       [80.],
       [80.],
       [80.],
       [80.],
       [80.],
       [80.],
       [80.],
       [80.],
       [80.],
       [80.],
       [80.],
       [80.],
       [80.],
       [80.],
       [80.],
       [80.],
       [80.],
       [80.],
       [80.],
       [80.],
       [80.],
       [80.],
       [80.],
       [80.],
       [80.],
       [80.],
       [80.],
       [80.],
       [80.],
       [80.],
       [80.],
       [80.],
       [80.],
       [80.],
       [80.],
       [80.],
       [80.],
       [80.],
       [80.],
       [80.],
       [80.],
       [80.],
       [80.],
       [80.],
       [80.],
       [80.],
       [80.],
       [80.],
       [80.],
       [80.],
       [80.],
       [80.],
       [80.],
       [80.],
       [80.],
       [80.],
       [80.],
       [80.],
       [80.],
       [80.],
       [80.],
       [80.],
       [80.],
       [80.],
       [80.],
       [80.],
       [80.],
       [80.],
       [80.],
       [80.],
       [80.],
       [80.],
       [80.],
       [80.],
       [80.],
       [80.],
       [80.],
       [80.],
       [80.],
       [80.],
       [80.],
       [80.],
       [80.],
       [80.],
       [80.],
       [80.],
       [80.],
       [80.],
       [80.],
       [80.],
       [80.],
       [80.],
       [80.],
       [80.],
       [80.],
       [80.],
       [80.],
       [80.],
       [80.],
       [80.],
       [80.],
       [80.],
       [80.],
       [80.],
       [80.],
       [80.],
       [80.],
       [80.],
       [80.],
       [80.],
       [80.],
       [80.],
       [80.],
       [80.],
       [80.],
       [80.],
       [80.],
       [80.],
       [80.],
       [80.],
       [80.],
       [80.],
       [80.],
       [80.],
       [80.],
       [80.],
       [80.],
       [80.],
       [80.],
       [80.],
       [80.],
       [80.],
       [80.],
       [80.],
       [80.],
       [80.],
       [80.],
       [80.],
       [80.],
       [80.],
       [80.],
       [80.],
       [80.],
       [80.],
       [80.],
       [80.],
       [80.],
       [80.],
       [80.],
       [80.],
       [80.],
       [80.],
       [80.],
       [80.],
       [80.],
       [80.],
       [80.],
       [80.],
       [80.],
       [80.],
       [80.],
       [80.],
       [80.],
       [80.],
       [80.],
       [80.],
       [80.],
       [80.],
       [80.],
       [80.],
       [80.],
       [80.],
       [80.],
       [80.],
       [80.],
       [80.],
       [80.],
       [80.],
       [80.],
       [80.],
       [80.],
       [80.],
       [80.],
       [80.],
       [80.],
       [80.],
       [80.],
       [80.],
       [80.],
       [80.],
       [80.],
       [80.],
       [80.],
       [80.],
       [80.],
       [80.],
       [80.],
       [80.],
       [80.],
       [80.],
       [80.],
       [80.],
       [80.],
       [80.],
       [80.],
       [80.],
       [80.],
       [80.],
       [80.],
       [80.],
       [80.],
       [80.],
       [80.],
       [80.],
       [80.],
       [80.],
       [80.],
       [80.],
       [80.],
       [80.],
       [80.],
       [80.],
       [80.],
       [80.],
       [80.],
       [80.],
       [80.],
       [80.],
       [80.],
       [80.],
       [80.],
       [80.],
       [80.],
       [80.],
       [80.],
       [80.],
       [80.],
       [80.],
       [80.],
       [80.],
       [80.],
       [80.],
       [80.],
       [80.],
       [80.],
       [80.],
       [80.],
       [80.],
       [80.],
       [80.],
       [80.],
       [80.],
       [80.],
       [80.],
       [80.],
       [80.],
       [80.],
       [80.],
       [80.],
       [80.],
       [80.],
       [80.],
       [80.],
       [80.],
       [80.],
       [80.],
       [80.],
       [80.],
       [80.],
       [80.],
       [80.],
       [80.],
       [80.],
       [80.],
       [80.],
       [80.],
       [80.],
       [80.],
       [80.],
       [80.],
       [80.],
       [80.],
       [80.],
       [80.],
       [80.],
       [80.],
       [80.],
       [80.],
       [80.],
       [80.],
       [80.],
       [80.],
       [80.],
       [80.],
       [80.],
       [80.],
       [80.],
       [80.],
       [80.],
       [80.],
       [80.],
       [80.],
       [80.],
       [80.],
       [80.],
       [80.],
       [80.],
       [80.],
       [80.],
       [80.],
       [80.],
       [80.],
       [80.],
       [80.],
       [80.],
       [80.],
       [80.],
       [80.],
       [80.],
       [80.],
       [80.],
       [80.],
       [80.],
       [80.],
       [80.],
       [80.],
       [80.],
       [80.],
       [80.],
       [80.],
       [80.],
       [80.],
       [80.],
       [80.],
       [80.],
       [80.],
       [80.],
       [80.],
       [80.],
       [80.],
       [80.],
       [80.],
       [80.],
       [80.],
       [80.],
       [80.],
       [80.],
       [80.],
       [80.],
       [80.],
       [80.],
       [80.],
       [80.],
       [80.],
       [80.],
       [80.],
       [80.],
       [80.],
       [80.],
       [80.],
       [80.],
       [80.],
       [80.],
       [80.],
       [80.],
       [80.]]), 'dt': 0.01, 'N': 400, 'l': 1e-05}","{'Q': 236.8421052631579, 'gbar': 3.1578947368421053, 'T': 10000, 'supervisor': array([[-1.89214982e-17],
       [ 4.44288287e-04],
       [ 8.88576529e-04],
       ...,
       [-1.33286468e-03],
       [-8.88576529e-04],
       [-4.44288287e-04]]), 'BIAS': array([[80.],
       [80.],
       [80.],
       [80.],
       [80.],
       [80.],
       [80.],
       [80.],
       [80.],
       [80.],
       [80.],
       [80.],
       [80.],
       [80.],
       [80.],
       [80.],
       [80.],
       [80.],
       [80.],
       [80.],
       [80.],
       [80.],
       [80.],
       [80.],
       [80.],
       [80.],
       [80.],
       [80.],
       [80.],
       [80.],
       [80.],
       [80.],
       [80.],
       [80.],
       [80.],
       [80.],
       [80.],
       [80.],
       [80.],
       [80.],
       [80.],
       [80.],
       [80.],
       [80.],
       [80.],
       [80.],
       [80.],
       [80.],
       [80.],
       [80.],
       [80.],
       [80.],
       [80.],
       [80.],
       [80.],
       [80.],
       [80.],
       [80.],
       [80.],
       [80.],
       [80.],
       [80.],
       [80.],
       [80.],
       [80.],
       [80.],
       [80.],
       [80.],
       [80.],
       [80.],
       [80.],
       [80.],
       [80.],
       [80.],
       [80.],
       [80.],
       [80.],
       [80.],
       [80.],
       [80.],
       [80.],
       [80.],
       [80.],
       [80.],
       [80.],
       [80.],
       [80.],
       [80.],
       [80.],
       [80.],
       [80.],
       [80.],
       [80.],
       [80.],
       [80.],
       [80.],
       [80.],
       [80.],
       [80.],
       [80.],
       [80.],
       [80.],
       [80.],
       [80.],
       [80.],
       [80.],
       [80.],
       [80.],
       [80.],
       [80.],
       [80.],
       [80.],
       [80.],
       [80.],
       [80.],
       [80.],
       [80.],
       [80.],
       [80.],
       [80.],
       [80.],
       [80.],
       [80.],
       [80.],
       [80.],
       [80.],
       [80.],
       [80.],
       [80.],
       [80.],
       [80.],
       [80.],
       [80.],
       [80.],
       [80.],
       [80.],
       [80.],
       [80.],
       [80.],
       [80.],
       [80.],
       [80.],
       [80.],
       [80.],
       [80.],
       [80.],
       [80.],
       [80.],
       [80.],
       [80.],
       [80.],
       [80.],
       [80.],
       [80.],
       [80.],
       [80.],
       [80.],
       [80.],
       [80.],
       [80.],
       [80.],
       [80.],
       [80.],
       [80.],
       [80.],
       [80.],
       [80.],
       [80.],
       [80.],
       [80.],
       [80.],
       [80.],
       [80.],
       [80.],
       [80.],
       [80.],
       [80.],
       [80.],
       [80.],
       [80.],
       [80.],
       [80.],
       [80.],
       [80.],
       [80.],
       [80.],
       [80.],
       [80.],
       [80.],
       [80.],
       [80.],
       [80.],
       [80.],
       [80.],
       [80.],
       [80.],
       [80.],
       [80.],
       [80.],
       [80.],
       [80.],
       [80.],
       [80.],
       [80.],
       [80.],
       [80.],
       [80.],
       [80.],
       [80.],
       [80.],
       [80.],
       [80.],
       [80.],
       [80.],
       [80.],
       [80.],
       [80.],
       [80.],
       [80.],
       [80.],
       [80.],
       [80.],
       [80.],
       [80.],
       [80.],
       [80.],
       [80.],
       [80.],
       [80.],
       [80.],
       [80.],
       [80.],
       [80.],
       [80.],
       [80.],
       [80.],
       [80.],
       [80.],
       [80.],
       [80.],
       [80.],
       [80.],
       [80.],
       [80.],
       [80.],
       [80.],
       [80.],
       [80.],
       [80.],
       [80.],
       [80.],
       [80.],
       [80.],
       [80.],
       [80.],
       [80.],
       [80.],
       [80.],
       [80.],
       [80.],
       [80.],
       [80.],
       [80.],
       [80.],
       [80.],
       [80.],
       [80.],
       [80.],
       [80.],
       [80.],
       [80.],
       [80.],
       [80.],
       [80.],
       [80.],
       [80.],
       [80.],
       [80.],
       [80.],
       [80.],
       [80.],
       [80.],
       [80.],
       [80.],
       [80.],
       [80.],
       [80.],
       [80.],
       [80.],
       [80.],
       [80.],
       [80.],
       [80.],
       [80.],
       [80.],
       [80.],
       [80.],
       [80.],
       [80.],
       [80.],
       [80.],
       [80.],
       [80.],
       [80.],
       [80.],
       [80.],
       [80.],
       [80.],
       [80.],
       [80.],
       [80.],
       [80.],
       [80.],
       [80.],
       [80.],
       [80.],
       [80.],
       [80.],
       [80.],
       [80.],
       [80.],
       [80.],
       [80.],
       [80.],
       [80.],
       [80.],
       [80.],
       [80.],
       [80.],
       [80.],
       [80.],
       [80.],
       [80.],
       [80.],
       [80.],
       [80.],
       [80.],
       [80.],
       [80.],
       [80.],
       [80.],
       [80.],
       [80.],
       [80.],
       [80.],
       [80.],
       [80.],
       [80.],
       [80.],
       [80.],
       [80.],
       [80.],
       [80.],
       [80.],
       [80.],
       [80.],
       [80.],
       [80.],
       [80.],
       [80.],
       [80.],
       [80.],
       [80.],
       [80.],
       [80.],
       [80.],
       [80.],
       [80.],
       [80.],
       [80.],
       [80.],
       [80.],
       [80.],
       [80.],
       [80.],
       [80.],
       [80.],
       [80.],
       [80.],
       [80.],
       [80.],
       [80.],
       [80.],
       [80.],
       [80.],
       [80.],
       [80.],
       [80.],
       [80.],
       [80.],
       [80.],
       [80.],
       [80.],
       [80.],
       [80.],
       [80.],
       [80.],
       [80.],
       [80.],
       [80.]]), 'dt': 0.01, 'N': 400, 'l': 1e-05}","{'Q': 236.8421052631579, 'gbar': 4.2105263157894735, 'T': 10000, 'supervisor': array([[-1.89214982e-17],
       [ 4.44288287e-04],
       [ 8.88576529e-04],
       ...,
       [-1.33286468e-03],
       [-8.88576529e-04],
       [-4.44288287e-04]]), 'BIAS': array([[80.],
       [80.],
       [80.],
       [80.],
       [80.],
       [80.],
       [80.],
       [80.],
       [80.],
       [80.],
       [80.],
       [80.],
       [80.],
       [80.],
       [80.],
       [80.],
       [80.],
       [80.],
       [80.],
       [80.],
       [80.],
       [80.],
       [80.],
       [80.],
       [80.],
       [80.],
       [80.],
       [80.],
       [80.],
       [80.],
       [80.],
       [80.],
       [80.],
       [80.],
       [80.],
       [80.],
       [80.],
       [80.],
       [80.],
       [80.],
       [80.],
       [80.],
       [80.],
       [80.],
       [80.],
       [80.],
       [80.],
       [80.],
       [80.],
       [80.],
       [80.],
       [80.],
       [80.],
       [80.],
       [80.],
       [80.],
       [80.],
       [80.],
       [80.],
       [80.],
       [80.],
       [80.],
       [80.],
       [80.],
       [80.],
       [80.],
       [80.],
       [80.],
       [80.],
       [80.],
       [80.],
       [80.],
       [80.],
       [80.],
       [80.],
       [80.],
       [80.],
       [80.],
       [80.],
       [80.],
       [80.],
       [80.],
       [80.],
       [80.],
       [80.],
       [80.],
       [80.],
       [80.],
       [80.],
       [80.],
       [80.],
       [80.],
       [80.],
       [80.],
       [80.],
       [80.],
       [80.],
       [80.],
       [80.],
       [80.],
       [80.],
       [80.],
       [80.],
       [80.],
       [80.],
       [80.],
       [80.],
       [80.],
       [80.],
       [80.],
       [80.],
       [80.],
       [80.],
       [80.],
       [80.],
       [80.],
       [80.],
       [80.],
       [80.],
       [80.],
       [80.],
       [80.],
       [80.],
       [80.],
       [80.],
       [80.],
       [80.],
       [80.],
       [80.],
       [80.],
       [80.],
       [80.],
       [80.],
       [80.],
       [80.],
       [80.],
       [80.],
       [80.],
       [80.],
       [80.],
       [80.],
       [80.],
       [80.],
       [80.],
       [80.],
       [80.],
       [80.],
       [80.],
       [80.],
       [80.],
       [80.],
       [80.],
       [80.],
       [80.],
       [80.],
       [80.],
       [80.],
       [80.],
       [80.],
       [80.],
       [80.],
       [80.],
       [80.],
       [80.],
       [80.],
       [80.],
       [80.],
       [80.],
       [80.],
       [80.],
       [80.],
       [80.],
       [80.],
       [80.],
       [80.],
       [80.],
       [80.],
       [80.],
       [80.],
       [80.],
       [80.],
       [80.],
       [80.],
       [80.],
       [80.],
       [80.],
       [80.],
       [80.],
       [80.],
       [80.],
       [80.],
       [80.],
       [80.],
       [80.],
       [80.],
       [80.],
       [80.],
       [80.],
       [80.],
       [80.],
       [80.],
       [80.],
       [80.],
       [80.],
       [80.],
       [80.],
       [80.],
       [80.],
       [80.],
       [80.],
       [80.],
       [80.],
       [80.],
       [80.],
       [80.],
       [80.],
       [80.],
       [80.],
       [80.],
       [80.],
       [80.],
       [80.],
       [80.],
       [80.],
       [80.],
       [80.],
       [80.],
       [80.],
       [80.],
       [80.],
       [80.],
       [80.],
       [80.],
       [80.],
       [80.],
       [80.],
       [80.],
       [80.],
       [80.],
       [80.],
       [80.],
       [80.],
       [80.],
       [80.],
       [80.],
       [80.],
       [80.],
       [80.],
       [80.],
       [80.],
       [80.],
       [80.],
       [80.],
       [80.],
       [80.],
       [80.],
       [80.],
       [80.],
       [80.],
       [80.],
       [80.],
       [80.],
       [80.],
       [80.],
       [80.],
       [80.],
       [80.],
       [80.],
       [80.],
       [80.],
       [80.],
       [80.],
       [80.],
       [80.],
       [80.],
       [80.],
       [80.],
       [80.],
       [80.],
       [80.],
       [80.],
       [80.],
       [80.],
       [80.],
       [80.],
       [80.],
       [80.],
       [80.],
       [80.],
       [80.],
       [80.],
       [80.],
       [80.],
       [80.],
       [80.],
       [80.],
       [80.],
       [80.],
       [80.],
       [80.],
       [80.],
       [80.],
       [80.],
       [80.],
       [80.],
       [80.],
       [80.],
       [80.],
       [80.],
       [80.],
       [80.],
       [80.],
       [80.],
       [80.],
       [80.],
       [80.],
       [80.],
       [80.],
       [80.],
       [80.],
       [80.],
       [80.],
       [80.],
       [80.],
       [80.],
       [80.],
       [80.],
       [80.],
       [80.],
       [80.],
       [80.],
       [80.],
       [80.],
       [80.],
       [80.],
       [80.],
       [80.],
       [80.],
       [80.],
       [80.],
       [80.],
       [80.],
       [80.],
       [80.],
       [80.],
       [80.],
       [80.],
       [80.],
       [80.],
       [80.],
       [80.],
       [80.],
       [80.],
       [80.],
       [80.],
       [80.],
       [80.],
       [80.],
       [80.],
       [80.],
       [80.],
       [80.],
       [80.],
       [80.],
       [80.],
       [80.],
       [80.],
       [80.],
       [80.],
       [80.],
       [80.],
       [80.],
       [80.],
       [80.],
       [80.],
       [80.],
       [80.],
       [80.],
       [80.],
       [80.],
       [80.],
       [80.],
       [80.],
       [80.],
       [80.],
       [80.],
       [80.],
       [80.],
       [80.],
       [80.],
       [80.],
       [80.],
       [80.],
       [80.],
       [80.],
       [80.],
       [80.],
       [80.],
       [80.],
       [80.]]), 'dt': 0.01, 'N': 400, 'l': 1e-05}","{'Q': 236.8421052631579, 'gbar': 5.263157894736842, 'T': 10000, 'supervisor': array([[-1.89214982e-17],
       [ 4.44288287e-04],
       [ 8.88576529e-04],
       ...,
       [-1.33286468e-03],
       [-8.88576529e-04],
       [-4.44288287e-04]]), 'BIAS': array([[80.],
       [80.],
       [80.],
       [80.],
       [80.],
       [80.],
       [80.],
       [80.],
       [80.],
       [80.],
       [80.],
       [80.],
       [80.],
       [80.],
       [80.],
       [80.],
       [80.],
       [80.],
       [80.],
       [80.],
       [80.],
       [80.],
       [80.],
       [80.],
       [80.],
       [80.],
       [80.],
       [80.],
       [80.],
       [80.],
       [80.],
       [80.],
       [80.],
       [80.],
       [80.],
       [80.],
       [80.],
       [80.],
       [80.],
       [80.],
       [80.],
       [80.],
       [80.],
       [80.],
       [80.],
       [80.],
       [80.],
       [80.],
       [80.],
       [80.],
       [80.],
       [80.],
       [80.],
       [80.],
       [80.],
       [80.],
       [80.],
       [80.],
       [80.],
       [80.],
       [80.],
       [80.],
       [80.],
       [80.],
       [80.],
       [80.],
       [80.],
       [80.],
       [80.],
       [80.],
       [80.],
       [80.],
       [80.],
       [80.],
       [80.],
       [80.],
       [80.],
       [80.],
       [80.],
       [80.],
       [80.],
       [80.],
       [80.],
       [80.],
       [80.],
       [80.],
       [80.],
       [80.],
       [80.],
       [80.],
       [80.],
       [80.],
       [80.],
       [80.],
       [80.],
       [80.],
       [80.],
       [80.],
       [80.],
       [80.],
       [80.],
       [80.],
       [80.],
       [80.],
       [80.],
       [80.],
       [80.],
       [80.],
       [80.],
       [80.],
       [80.],
       [80.],
       [80.],
       [80.],
       [80.],
       [80.],
       [80.],
       [80.],
       [80.],
       [80.],
       [80.],
       [80.],
       [80.],
       [80.],
       [80.],
       [80.],
       [80.],
       [80.],
       [80.],
       [80.],
       [80.],
       [80.],
       [80.],
       [80.],
       [80.],
       [80.],
       [80.],
       [80.],
       [80.],
       [80.],
       [80.],
       [80.],
       [80.],
       [80.],
       [80.],
       [80.],
       [80.],
       [80.],
       [80.],
       [80.],
       [80.],
       [80.],
       [80.],
       [80.],
       [80.],
       [80.],
       [80.],
       [80.],
       [80.],
       [80.],
       [80.],
       [80.],
       [80.],
       [80.],
       [80.],
       [80.],
       [80.],
       [80.],
       [80.],
       [80.],
       [80.],
       [80.],
       [80.],
       [80.],
       [80.],
       [80.],
       [80.],
       [80.],
       [80.],
       [80.],
       [80.],
       [80.],
       [80.],
       [80.],
       [80.],
       [80.],
       [80.],
       [80.],
       [80.],
       [80.],
       [80.],
       [80.],
       [80.],
       [80.],
       [80.],
       [80.],
       [80.],
       [80.],
       [80.],
       [80.],
       [80.],
       [80.],
       [80.],
       [80.],
       [80.],
       [80.],
       [80.],
       [80.],
       [80.],
       [80.],
       [80.],
       [80.],
       [80.],
       [80.],
       [80.],
       [80.],
       [80.],
       [80.],
       [80.],
       [80.],
       [80.],
       [80.],
       [80.],
       [80.],
       [80.],
       [80.],
       [80.],
       [80.],
       [80.],
       [80.],
       [80.],
       [80.],
       [80.],
       [80.],
       [80.],
       [80.],
       [80.],
       [80.],
       [80.],
       [80.],
       [80.],
       [80.],
       [80.],
       [80.],
       [80.],
       [80.],
       [80.],
       [80.],
       [80.],
       [80.],
       [80.],
       [80.],
       [80.],
       [80.],
       [80.],
       [80.],
       [80.],
       [80.],
       [80.],
       [80.],
       [80.],
       [80.],
       [80.],
       [80.],
       [80.],
       [80.],
       [80.],
       [80.],
       [80.],
       [80.],
       [80.],
       [80.],
       [80.],
       [80.],
       [80.],
       [80.],
       [80.],
       [80.],
       [80.],
       [80.],
       [80.],
       [80.],
       [80.],
       [80.],
       [80.],
       [80.],
       [80.],
       [80.],
       [80.],
       [80.],
       [80.],
       [80.],
       [80.],
       [80.],
       [80.],
       [80.],
       [80.],
       [80.],
       [80.],
       [80.],
       [80.],
       [80.],
       [80.],
       [80.],
       [80.],
       [80.],
       [80.],
       [80.],
       [80.],
       [80.],
       [80.],
       [80.],
       [80.],
       [80.],
       [80.],
       [80.],
       [80.],
       [80.],
       [80.],
       [80.],
       [80.],
       [80.],
       [80.],
       [80.],
       [80.],
       [80.],
       [80.],
       [80.],
       [80.],
       [80.],
       [80.],
       [80.],
       [80.],
       [80.],
       [80.],
       [80.],
       [80.],
       [80.],
       [80.],
       [80.],
       [80.],
       [80.],
       [80.],
       [80.],
       [80.],
       [80.],
       [80.],
       [80.],
       [80.],
       [80.],
       [80.],
       [80.],
       [80.],
       [80.],
       [80.],
       [80.],
       [80.],
       [80.],
       [80.],
       [80.],
       [80.],
       [80.],
       [80.],
       [80.],
       [80.],
       [80.],
       [80.],
       [80.],
       [80.],
       [80.],
       [80.],
       [80.],
       [80.],
       [80.],
       [80.],
       [80.],
       [80.],
       [80.],
       [80.],
       [80.],
       [80.],
       [80.],
       [80.],
       [80.],
       [80.],
       [80.],
       [80.],
       [80.],
       [80.],
       [80.],
       [80.],
       [80.],
       [80.],
       [80.],
       [80.],
       [80.],
       [80.],
       [80.],
       [80.],
       [80.]]), 'dt': 0.01, 'N': 400, 'l': 1e-05}","{'Q': 236.8421052631579, 'gbar': 6.315789473684211, 'T': 10000, 'supervisor': array([[-1.89214982e-17],
       [ 4.44288287e-04],
       [ 8.88576529e-04],
       ...,
       [-1.33286468e-03],
       [-8.88576529e-04],
       [-4.44288287e-04]]), 'BIAS': array([[80.],
       [80.],
       [80.],
       [80.],
       [80.],
       [80.],
       [80.],
       [80.],
       [80.],
       [80.],
       [80.],
       [80.],
       [80.],
       [80.],
       [80.],
       [80.],
       [80.],
       [80.],
       [80.],
       [80.],
       [80.],
       [80.],
       [80.],
       [80.],
       [80.],
       [80.],
       [80.],
       [80.],
       [80.],
       [80.],
       [80.],
       [80.],
       [80.],
       [80.],
       [80.],
       [80.],
       [80.],
       [80.],
       [80.],
       [80.],
       [80.],
       [80.],
       [80.],
       [80.],
       [80.],
       [80.],
       [80.],
       [80.],
       [80.],
       [80.],
       [80.],
       [80.],
       [80.],
       [80.],
       [80.],
       [80.],
       [80.],
       [80.],
       [80.],
       [80.],
       [80.],
       [80.],
       [80.],
       [80.],
       [80.],
       [80.],
       [80.],
       [80.],
       [80.],
       [80.],
       [80.],
       [80.],
       [80.],
       [80.],
       [80.],
       [80.],
       [80.],
       [80.],
       [80.],
       [80.],
       [80.],
       [80.],
       [80.],
       [80.],
       [80.],
       [80.],
       [80.],
       [80.],
       [80.],
       [80.],
       [80.],
       [80.],
       [80.],
       [80.],
       [80.],
       [80.],
       [80.],
       [80.],
       [80.],
       [80.],
       [80.],
       [80.],
       [80.],
       [80.],
       [80.],
       [80.],
       [80.],
       [80.],
       [80.],
       [80.],
       [80.],
       [80.],
       [80.],
       [80.],
       [80.],
       [80.],
       [80.],
       [80.],
       [80.],
       [80.],
       [80.],
       [80.],
       [80.],
       [80.],
       [80.],
       [80.],
       [80.],
       [80.],
       [80.],
       [80.],
       [80.],
       [80.],
       [80.],
       [80.],
       [80.],
       [80.],
       [80.],
       [80.],
       [80.],
       [80.],
       [80.],
       [80.],
       [80.],
       [80.],
       [80.],
       [80.],
       [80.],
       [80.],
       [80.],
       [80.],
       [80.],
       [80.],
       [80.],
       [80.],
       [80.],
       [80.],
       [80.],
       [80.],
       [80.],
       [80.],
       [80.],
       [80.],
       [80.],
       [80.],
       [80.],
       [80.],
       [80.],
       [80.],
       [80.],
       [80.],
       [80.],
       [80.],
       [80.],
       [80.],
       [80.],
       [80.],
       [80.],
       [80.],
       [80.],
       [80.],
       [80.],
       [80.],
       [80.],
       [80.],
       [80.],
       [80.],
       [80.],
       [80.],
       [80.],
       [80.],
       [80.],
       [80.],
       [80.],
       [80.],
       [80.],
       [80.],
       [80.],
       [80.],
       [80.],
       [80.],
       [80.],
       [80.],
       [80.],
       [80.],
       [80.],
       [80.],
       [80.],
       [80.],
       [80.],
       [80.],
       [80.],
       [80.],
       [80.],
       [80.],
       [80.],
       [80.],
       [80.],
       [80.],
       [80.],
       [80.],
       [80.],
       [80.],
       [80.],
       [80.],
       [80.],
       [80.],
       [80.],
       [80.],
       [80.],
       [80.],
       [80.],
       [80.],
       [80.],
       [80.],
       [80.],
       [80.],
       [80.],
       [80.],
       [80.],
       [80.],
       [80.],
       [80.],
       [80.],
       [80.],
       [80.],
       [80.],
       [80.],
       [80.],
       [80.],
       [80.],
       [80.],
       [80.],
       [80.],
       [80.],
       [80.],
       [80.],
       [80.],
       [80.],
       [80.],
       [80.],
       [80.],
       [80.],
       [80.],
       [80.],
       [80.],
       [80.],
       [80.],
       [80.],
       [80.],
       [80.],
       [80.],
       [80.],
       [80.],
       [80.],
       [80.],
       [80.],
       [80.],
       [80.],
       [80.],
       [80.],
       [80.],
       [80.],
       [80.],
       [80.],
       [80.],
       [80.],
       [80.],
       [80.],
       [80.],
       [80.],
       [80.],
       [80.],
       [80.],
       [80.],
       [80.],
       [80.],
       [80.],
       [80.],
       [80.],
       [80.],
       [80.],
       [80.],
       [80.],
       [80.],
       [80.],
       [80.],
       [80.],
       [80.],
       [80.],
       [80.],
       [80.],
       [80.],
       [80.],
       [80.],
       [80.],
       [80.],
       [80.],
       [80.],
       [80.],
       [80.],
       [80.],
       [80.],
       [80.],
       [80.],
       [80.],
       [80.],
       [80.],
       [80.],
       [80.],
       [80.],
       [80.],
       [80.],
       [80.],
       [80.],
       [80.],
       [80.],
       [80.],
       [80.],
       [80.],
       [80.],
       [80.],
       [80.],
       [80.],
       [80.],
       [80.],
       [80.],
       [80.],
       [80.],
       [80.],
       [80.],
       [80.],
       [80.],
       [80.],
       [80.],
       [80.],
       [80.],
       [80.],
       [80.],
       [80.],
       [80.],
       [80.],
       [80.],
       [80.],
       [80.],
       [80.],
       [80.],
       [80.],
       [80.],
       [80.],
       [80.],
       [80.],
       [80.],
       [80.],
       [80.],
       [80.],
       [80.],
       [80.],
       [80.],
       [80.],
       [80.],
       [80.],
       [80.],
       [80.],
       [80.],
       [80.],
       [80.],
       [80.],
       [80.],
       [80.],
       [80.],
       [80.],
       [80.],
       [80.],
       [80.],
       [80.],
       [80.],
       [80.],
       [80.],
       [80.],
       [80.]]), 'dt': 0.01, 'N': 400, 'l': 1e-05}","{'Q': 236.8421052631579, 'gbar': 7.368421052631579, 'T': 10000, 'supervisor': array([[-1.89214982e-17],
       [ 4.44288287e-04],
       [ 8.88576529e-04],
       ...,
       [-1.33286468e-03],
       [-8.88576529e-04],
       [-4.44288287e-04]]), 'BIAS': array([[80.],
       [80.],
       [80.],
       [80.],
       [80.],
       [80.],
       [80.],
       [80.],
       [80.],
       [80.],
       [80.],
       [80.],
       [80.],
       [80.],
       [80.],
       [80.],
       [80.],
       [80.],
       [80.],
       [80.],
       [80.],
       [80.],
       [80.],
       [80.],
       [80.],
       [80.],
       [80.],
       [80.],
       [80.],
       [80.],
       [80.],
       [80.],
       [80.],
       [80.],
       [80.],
       [80.],
       [80.],
       [80.],
       [80.],
       [80.],
       [80.],
       [80.],
       [80.],
       [80.],
       [80.],
       [80.],
       [80.],
       [80.],
       [80.],
       [80.],
       [80.],
       [80.],
       [80.],
       [80.],
       [80.],
       [80.],
       [80.],
       [80.],
       [80.],
       [80.],
       [80.],
       [80.],
       [80.],
       [80.],
       [80.],
       [80.],
       [80.],
       [80.],
       [80.],
       [80.],
       [80.],
       [80.],
       [80.],
       [80.],
       [80.],
       [80.],
       [80.],
       [80.],
       [80.],
       [80.],
       [80.],
       [80.],
       [80.],
       [80.],
       [80.],
       [80.],
       [80.],
       [80.],
       [80.],
       [80.],
       [80.],
       [80.],
       [80.],
       [80.],
       [80.],
       [80.],
       [80.],
       [80.],
       [80.],
       [80.],
       [80.],
       [80.],
       [80.],
       [80.],
       [80.],
       [80.],
       [80.],
       [80.],
       [80.],
       [80.],
       [80.],
       [80.],
       [80.],
       [80.],
       [80.],
       [80.],
       [80.],
       [80.],
       [80.],
       [80.],
       [80.],
       [80.],
       [80.],
       [80.],
       [80.],
       [80.],
       [80.],
       [80.],
       [80.],
       [80.],
       [80.],
       [80.],
       [80.],
       [80.],
       [80.],
       [80.],
       [80.],
       [80.],
       [80.],
       [80.],
       [80.],
       [80.],
       [80.],
       [80.],
       [80.],
       [80.],
       [80.],
       [80.],
       [80.],
       [80.],
       [80.],
       [80.],
       [80.],
       [80.],
       [80.],
       [80.],
       [80.],
       [80.],
       [80.],
       [80.],
       [80.],
       [80.],
       [80.],
       [80.],
       [80.],
       [80.],
       [80.],
       [80.],
       [80.],
       [80.],
       [80.],
       [80.],
       [80.],
       [80.],
       [80.],
       [80.],
       [80.],
       [80.],
       [80.],
       [80.],
       [80.],
       [80.],
       [80.],
       [80.],
       [80.],
       [80.],
       [80.],
       [80.],
       [80.],
       [80.],
       [80.],
       [80.],
       [80.],
       [80.],
       [80.],
       [80.],
       [80.],
       [80.],
       [80.],
       [80.],
       [80.],
       [80.],
       [80.],
       [80.],
       [80.],
       [80.],
       [80.],
       [80.],
       [80.],
       [80.],
       [80.],
       [80.],
       [80.],
       [80.],
       [80.],
       [80.],
       [80.],
       [80.],
       [80.],
       [80.],
       [80.],
       [80.],
       [80.],
       [80.],
       [80.],
       [80.],
       [80.],
       [80.],
       [80.],
       [80.],
       [80.],
       [80.],
       [80.],
       [80.],
       [80.],
       [80.],
       [80.],
       [80.],
       [80.],
       [80.],
       [80.],
       [80.],
       [80.],
       [80.],
       [80.],
       [80.],
       [80.],
       [80.],
       [80.],
       [80.],
       [80.],
       [80.],
       [80.],
       [80.],
       [80.],
       [80.],
       [80.],
       [80.],
       [80.],
       [80.],
       [80.],
       [80.],
       [80.],
       [80.],
       [80.],
       [80.],
       [80.],
       [80.],
       [80.],
       [80.],
       [80.],
       [80.],
       [80.],
       [80.],
       [80.],
       [80.],
       [80.],
       [80.],
       [80.],
       [80.],
       [80.],
       [80.],
       [80.],
       [80.],
       [80.],
       [80.],
       [80.],
       [80.],
       [80.],
       [80.],
       [80.],
       [80.],
       [80.],
       [80.],
       [80.],
       [80.],
       [80.],
       [80.],
       [80.],
       [80.],
       [80.],
       [80.],
       [80.],
       [80.],
       [80.],
       [80.],
       [80.],
       [80.],
       [80.],
       [80.],
       [80.],
       [80.],
       [80.],
       [80.],
       [80.],
       [80.],
       [80.],
       [80.],
       [80.],
       [80.],
       [80.],
       [80.],
       [80.],
       [80.],
       [80.],
       [80.],
       [80.],
       [80.],
       [80.],
       [80.],
       [80.],
       [80.],
       [80.],
       [80.],
       [80.],
       [80.],
       [80.],
       [80.],
       [80.],
       [80.],
       [80.],
       [80.],
       [80.],
       [80.],
       [80.],
       [80.],
       [80.],
       [80.],
       [80.],
       [80.],
       [80.],
       [80.],
       [80.],
       [80.],
       [80.],
       [80.],
       [80.],
       [80.],
       [80.],
       [80.],
       [80.],
       [80.],
       [80.],
       [80.],
       [80.],
       [80.],
       [80.],
       [80.],
       [80.],
       [80.],
       [80.],
       [80.],
       [80.],
       [80.],
       [80.],
       [80.],
       [80.],
       [80.],
       [80.],
       [80.],
       [80.],
       [80.],
       [80.],
       [80.],
       [80.],
       [80.],
       [80.],
       [80.],
       [80.],
       [80.],
       [80.],
       [80.],
       [80.],
       [80.],
       [80.],
       [80.],
       [80.],
       [80.],
       [80.],
       [80.]]), 'dt': 0.01, 'N': 400, 'l': 1e-05}","{'Q': 236.8421052631579, 'gbar': 8.421052631578947, 'T': 10000, 'supervisor': array([[-1.89214982e-17],
       [ 4.44288287e-04],
       [ 8.88576529e-04],
       ...,
       [-1.33286468e-03],
       [-8.88576529e-04],
       [-4.44288287e-04]]), 'BIAS': array([[80.],
       [80.],
       [80.],
       [80.],
       [80.],
       [80.],
       [80.],
       [80.],
       [80.],
       [80.],
       [80.],
       [80.],
       [80.],
       [80.],
       [80.],
       [80.],
       [80.],
       [80.],
       [80.],
       [80.],
       [80.],
       [80.],
       [80.],
       [80.],
       [80.],
       [80.],
       [80.],
       [80.],
       [80.],
       [80.],
       [80.],
       [80.],
       [80.],
       [80.],
       [80.],
       [80.],
       [80.],
       [80.],
       [80.],
       [80.],
       [80.],
       [80.],
       [80.],
       [80.],
       [80.],
       [80.],
       [80.],
       [80.],
       [80.],
       [80.],
       [80.],
       [80.],
       [80.],
       [80.],
       [80.],
       [80.],
       [80.],
       [80.],
       [80.],
       [80.],
       [80.],
       [80.],
       [80.],
       [80.],
       [80.],
       [80.],
       [80.],
       [80.],
       [80.],
       [80.],
       [80.],
       [80.],
       [80.],
       [80.],
       [80.],
       [80.],
       [80.],
       [80.],
       [80.],
       [80.],
       [80.],
       [80.],
       [80.],
       [80.],
       [80.],
       [80.],
       [80.],
       [80.],
       [80.],
       [80.],
       [80.],
       [80.],
       [80.],
       [80.],
       [80.],
       [80.],
       [80.],
       [80.],
       [80.],
       [80.],
       [80.],
       [80.],
       [80.],
       [80.],
       [80.],
       [80.],
       [80.],
       [80.],
       [80.],
       [80.],
       [80.],
       [80.],
       [80.],
       [80.],
       [80.],
       [80.],
       [80.],
       [80.],
       [80.],
       [80.],
       [80.],
       [80.],
       [80.],
       [80.],
       [80.],
       [80.],
       [80.],
       [80.],
       [80.],
       [80.],
       [80.],
       [80.],
       [80.],
       [80.],
       [80.],
       [80.],
       [80.],
       [80.],
       [80.],
       [80.],
       [80.],
       [80.],
       [80.],
       [80.],
       [80.],
       [80.],
       [80.],
       [80.],
       [80.],
       [80.],
       [80.],
       [80.],
       [80.],
       [80.],
       [80.],
       [80.],
       [80.],
       [80.],
       [80.],
       [80.],
       [80.],
       [80.],
       [80.],
       [80.],
       [80.],
       [80.],
       [80.],
       [80.],
       [80.],
       [80.],
       [80.],
       [80.],
       [80.],
       [80.],
       [80.],
       [80.],
       [80.],
       [80.],
       [80.],
       [80.],
       [80.],
       [80.],
       [80.],
       [80.],
       [80.],
       [80.],
       [80.],
       [80.],
       [80.],
       [80.],
       [80.],
       [80.],
       [80.],
       [80.],
       [80.],
       [80.],
       [80.],
       [80.],
       [80.],
       [80.],
       [80.],
       [80.],
       [80.],
       [80.],
       [80.],
       [80.],
       [80.],
       [80.],
       [80.],
       [80.],
       [80.],
       [80.],
       [80.],
       [80.],
       [80.],
       [80.],
       [80.],
       [80.],
       [80.],
       [80.],
       [80.],
       [80.],
       [80.],
       [80.],
       [80.],
       [80.],
       [80.],
       [80.],
       [80.],
       [80.],
       [80.],
       [80.],
       [80.],
       [80.],
       [80.],
       [80.],
       [80.],
       [80.],
       [80.],
       [80.],
       [80.],
       [80.],
       [80.],
       [80.],
       [80.],
       [80.],
       [80.],
       [80.],
       [80.],
       [80.],
       [80.],
       [80.],
       [80.],
       [80.],
       [80.],
       [80.],
       [80.],
       [80.],
       [80.],
       [80.],
       [80.],
       [80.],
       [80.],
       [80.],
       [80.],
       [80.],
       [80.],
       [80.],
       [80.],
       [80.],
       [80.],
       [80.],
       [80.],
       [80.],
       [80.],
       [80.],
       [80.],
       [80.],
       [80.],
       [80.],
       [80.],
       [80.],
       [80.],
       [80.],
       [80.],
       [80.],
       [80.],
       [80.],
       [80.],
       [80.],
       [80.],
       [80.],
       [80.],
       [80.],
       [80.],
       [80.],
       [80.],
       [80.],
       [80.],
       [80.],
       [80.],
       [80.],
       [80.],
       [80.],
       [80.],
       [80.],
       [80.],
       [80.],
       [80.],
       [80.],
       [80.],
       [80.],
       [80.],
       [80.],
       [80.],
       [80.],
       [80.],
       [80.],
       [80.],
       [80.],
       [80.],
       [80.],
       [80.],
       [80.],
       [80.],
       [80.],
       [80.],
       [80.],
       [80.],
       [80.],
       [80.],
       [80.],
       [80.],
       [80.],
       [80.],
       [80.],
       [80.],
       [80.],
       [80.],
       [80.],
       [80.],
       [80.],
       [80.],
       [80.],
       [80.],
       [80.],
       [80.],
       [80.],
       [80.],
       [80.],
       [80.],
       [80.],
       [80.],
       [80.],
       [80.],
       [80.],
       [80.],
       [80.],
       [80.],
       [80.],
       [80.],
       [80.],
       [80.],
       [80.],
       [80.],
       [80.],
       [80.],
       [80.],
       [80.],
       [80.],
       [80.],
       [80.],
       [80.],
       [80.],
       [80.],
       [80.],
       [80.],
       [80.],
       [80.],
       [80.],
       [80.],
       [80.],
       [80.],
       [80.],
       [80.],
       [80.],
       [80.],
       [80.],
       [80.],
       [80.],
       [80.],
       [80.],
       [80.],
       [80.],
       [80.],
       [80.],
       [80.],
       [80.],
       [80.],
       [80.]]), 'dt': 0.01, 'N': 400, 'l': 1e-05}","{'Q': 236.8421052631579, 'gbar': 9.473684210526315, 'T': 10000, 'supervisor': array([[-1.89214982e-17],
       [ 4.44288287e-04],
       [ 8.88576529e-04],
       ...,
       [-1.33286468e-03],
       [-8.88576529e-04],
       [-4.44288287e-04]]), 'BIAS': array([[80.],
       [80.],
       [80.],
       [80.],
       [80.],
       [80.],
       [80.],
       [80.],
       [80.],
       [80.],
       [80.],
       [80.],
       [80.],
       [80.],
       [80.],
       [80.],
       [80.],
       [80.],
       [80.],
       [80.],
       [80.],
       [80.],
       [80.],
       [80.],
       [80.],
       [80.],
       [80.],
       [80.],
       [80.],
       [80.],
       [80.],
       [80.],
       [80.],
       [80.],
       [80.],
       [80.],
       [80.],
       [80.],
       [80.],
       [80.],
       [80.],
       [80.],
       [80.],
       [80.],
       [80.],
       [80.],
       [80.],
       [80.],
       [80.],
       [80.],
       [80.],
       [80.],
       [80.],
       [80.],
       [80.],
       [80.],
       [80.],
       [80.],
       [80.],
       [80.],
       [80.],
       [80.],
       [80.],
       [80.],
       [80.],
       [80.],
       [80.],
       [80.],
       [80.],
       [80.],
       [80.],
       [80.],
       [80.],
       [80.],
       [80.],
       [80.],
       [80.],
       [80.],
       [80.],
       [80.],
       [80.],
       [80.],
       [80.],
       [80.],
       [80.],
       [80.],
       [80.],
       [80.],
       [80.],
       [80.],
       [80.],
       [80.],
       [80.],
       [80.],
       [80.],
       [80.],
       [80.],
       [80.],
       [80.],
       [80.],
       [80.],
       [80.],
       [80.],
       [80.],
       [80.],
       [80.],
       [80.],
       [80.],
       [80.],
       [80.],
       [80.],
       [80.],
       [80.],
       [80.],
       [80.],
       [80.],
       [80.],
       [80.],
       [80.],
       [80.],
       [80.],
       [80.],
       [80.],
       [80.],
       [80.],
       [80.],
       [80.],
       [80.],
       [80.],
       [80.],
       [80.],
       [80.],
       [80.],
       [80.],
       [80.],
       [80.],
       [80.],
       [80.],
       [80.],
       [80.],
       [80.],
       [80.],
       [80.],
       [80.],
       [80.],
       [80.],
       [80.],
       [80.],
       [80.],
       [80.],
       [80.],
       [80.],
       [80.],
       [80.],
       [80.],
       [80.],
       [80.],
       [80.],
       [80.],
       [80.],
       [80.],
       [80.],
       [80.],
       [80.],
       [80.],
       [80.],
       [80.],
       [80.],
       [80.],
       [80.],
       [80.],
       [80.],
       [80.],
       [80.],
       [80.],
       [80.],
       [80.],
       [80.],
       [80.],
       [80.],
       [80.],
       [80.],
       [80.],
       [80.],
       [80.],
       [80.],
       [80.],
       [80.],
       [80.],
       [80.],
       [80.],
       [80.],
       [80.],
       [80.],
       [80.],
       [80.],
       [80.],
       [80.],
       [80.],
       [80.],
       [80.],
       [80.],
       [80.],
       [80.],
       [80.],
       [80.],
       [80.],
       [80.],
       [80.],
       [80.],
       [80.],
       [80.],
       [80.],
       [80.],
       [80.],
       [80.],
       [80.],
       [80.],
       [80.],
       [80.],
       [80.],
       [80.],
       [80.],
       [80.],
       [80.],
       [80.],
       [80.],
       [80.],
       [80.],
       [80.],
       [80.],
       [80.],
       [80.],
       [80.],
       [80.],
       [80.],
       [80.],
       [80.],
       [80.],
       [80.],
       [80.],
       [80.],
       [80.],
       [80.],
       [80.],
       [80.],
       [80.],
       [80.],
       [80.],
       [80.],
       [80.],
       [80.],
       [80.],
       [80.],
       [80.],
       [80.],
       [80.],
       [80.],
       [80.],
       [80.],
       [80.],
       [80.],
       [80.],
       [80.],
       [80.],
       [80.],
       [80.],
       [80.],
       [80.],
       [80.],
       [80.],
       [80.],
       [80.],
       [80.],
       [80.],
       [80.],
       [80.],
       [80.],
       [80.],
       [80.],
       [80.],
       [80.],
       [80.],
       [80.],
       [80.],
       [80.],
       [80.],
       [80.],
       [80.],
       [80.],
       [80.],
       [80.],
       [80.],
       [80.],
       [80.],
       [80.],
       [80.],
       [80.],
       [80.],
       [80.],
       [80.],
       [80.],
       [80.],
       [80.],
       [80.],
       [80.],
       [80.],
       [80.],
       [80.],
       [80.],
       [80.],
       [80.],
       [80.],
       [80.],
       [80.],
       [80.],
       [80.],
       [80.],
       [80.],
       [80.],
       [80.],
       [80.],
       [80.],
       [80.],
       [80.],
       [80.],
       [80.],
       [80.],
       [80.],
       [80.],
       [80.],
       [80.],
       [80.],
       [80.],
       [80.],
       [80.],
       [80.],
       [80.],
       [80.],
       [80.],
       [80.],
       [80.],
       [80.],
       [80.],
       [80.],
       [80.],
       [80.],
       [80.],
       [80.],
       [80.],
       [80.],
       [80.],
       [80.],
       [80.],
       [80.],
       [80.],
       [80.],
       [80.],
       [80.],
       [80.],
       [80.],
       [80.],
       [80.],
       [80.],
       [80.],
       [80.],
       [80.],
       [80.],
       [80.],
       [80.],
       [80.],
       [80.],
       [80.],
       [80.],
       [80.],
       [80.],
       [80.],
       [80.],
       [80.],
       [80.],
       [80.],
       [80.],
       [80.],
       [80.],
       [80.],
       [80.],
       [80.],
       [80.],
       [80.],
       [80.],
       [80.],
       [80.],
       [80.],
       [80.],
       [80.],
       [80.],
       [80.],
       [80.],
       [80.],
       [80.]]), 'dt': 0.01, 'N': 400, 'l': 1e-05}","{'Q': 236.8421052631579, 'gbar': 10.526315789473683, 'T': 10000, 'supervisor': array([[-1.89214982e-17],
       [ 4.44288287e-04],
       [ 8.88576529e-04],
       ...,
       [-1.33286468e-03],
       [-8.88576529e-04],
       [-4.44288287e-04]]), 'BIAS': array([[80.],
       [80.],
       [80.],
       [80.],
       [80.],
       [80.],
       [80.],
       [80.],
       [80.],
       [80.],
       [80.],
       [80.],
       [80.],
       [80.],
       [80.],
       [80.],
       [80.],
       [80.],
       [80.],
       [80.],
       [80.],
       [80.],
       [80.],
       [80.],
       [80.],
       [80.],
       [80.],
       [80.],
       [80.],
       [80.],
       [80.],
       [80.],
       [80.],
       [80.],
       [80.],
       [80.],
       [80.],
       [80.],
       [80.],
       [80.],
       [80.],
       [80.],
       [80.],
       [80.],
       [80.],
       [80.],
       [80.],
       [80.],
       [80.],
       [80.],
       [80.],
       [80.],
       [80.],
       [80.],
       [80.],
       [80.],
       [80.],
       [80.],
       [80.],
       [80.],
       [80.],
       [80.],
       [80.],
       [80.],
       [80.],
       [80.],
       [80.],
       [80.],
       [80.],
       [80.],
       [80.],
       [80.],
       [80.],
       [80.],
       [80.],
       [80.],
       [80.],
       [80.],
       [80.],
       [80.],
       [80.],
       [80.],
       [80.],
       [80.],
       [80.],
       [80.],
       [80.],
       [80.],
       [80.],
       [80.],
       [80.],
       [80.],
       [80.],
       [80.],
       [80.],
       [80.],
       [80.],
       [80.],
       [80.],
       [80.],
       [80.],
       [80.],
       [80.],
       [80.],
       [80.],
       [80.],
       [80.],
       [80.],
       [80.],
       [80.],
       [80.],
       [80.],
       [80.],
       [80.],
       [80.],
       [80.],
       [80.],
       [80.],
       [80.],
       [80.],
       [80.],
       [80.],
       [80.],
       [80.],
       [80.],
       [80.],
       [80.],
       [80.],
       [80.],
       [80.],
       [80.],
       [80.],
       [80.],
       [80.],
       [80.],
       [80.],
       [80.],
       [80.],
       [80.],
       [80.],
       [80.],
       [80.],
       [80.],
       [80.],
       [80.],
       [80.],
       [80.],
       [80.],
       [80.],
       [80.],
       [80.],
       [80.],
       [80.],
       [80.],
       [80.],
       [80.],
       [80.],
       [80.],
       [80.],
       [80.],
       [80.],
       [80.],
       [80.],
       [80.],
       [80.],
       [80.],
       [80.],
       [80.],
       [80.],
       [80.],
       [80.],
       [80.],
       [80.],
       [80.],
       [80.],
       [80.],
       [80.],
       [80.],
       [80.],
       [80.],
       [80.],
       [80.],
       [80.],
       [80.],
       [80.],
       [80.],
       [80.],
       [80.],
       [80.],
       [80.],
       [80.],
       [80.],
       [80.],
       [80.],
       [80.],
       [80.],
       [80.],
       [80.],
       [80.],
       [80.],
       [80.],
       [80.],
       [80.],
       [80.],
       [80.],
       [80.],
       [80.],
       [80.],
       [80.],
       [80.],
       [80.],
       [80.],
       [80.],
       [80.],
       [80.],
       [80.],
       [80.],
       [80.],
       [80.],
       [80.],
       [80.],
       [80.],
       [80.],
       [80.],
       [80.],
       [80.],
       [80.],
       [80.],
       [80.],
       [80.],
       [80.],
       [80.],
       [80.],
       [80.],
       [80.],
       [80.],
       [80.],
       [80.],
       [80.],
       [80.],
       [80.],
       [80.],
       [80.],
       [80.],
       [80.],
       [80.],
       [80.],
       [80.],
       [80.],
       [80.],
       [80.],
       [80.],
       [80.],
       [80.],
       [80.],
       [80.],
       [80.],
       [80.],
       [80.],
       [80.],
       [80.],
       [80.],
       [80.],
       [80.],
       [80.],
       [80.],
       [80.],
       [80.],
       [80.],
       [80.],
       [80.],
       [80.],
       [80.],
       [80.],
       [80.],
       [80.],
       [80.],
       [80.],
       [80.],
       [80.],
       [80.],
       [80.],
       [80.],
       [80.],
       [80.],
       [80.],
       [80.],
       [80.],
       [80.],
       [80.],
       [80.],
       [80.],
       [80.],
       [80.],
       [80.],
       [80.],
       [80.],
       [80.],
       [80.],
       [80.],
       [80.],
       [80.],
       [80.],
       [80.],
       [80.],
       [80.],
       [80.],
       [80.],
       [80.],
       [80.],
       [80.],
       [80.],
       [80.],
       [80.],
       [80.],
       [80.],
       [80.],
       [80.],
       [80.],
       [80.],
       [80.],
       [80.],
       [80.],
       [80.],
       [80.],
       [80.],
       [80.],
       [80.],
       [80.],
       [80.],
       [80.],
       [80.],
       [80.],
       [80.],
       [80.],
       [80.],
       [80.],
       [80.],
       [80.],
       [80.],
       [80.],
       [80.],
       [80.],
       [80.],
       [80.],
       [80.],
       [80.],
       [80.],
       [80.],
       [80.],
       [80.],
       [80.],
       [80.],
       [80.],
       [80.],
       [80.],
       [80.],
       [80.],
       [80.],
       [80.],
       [80.],
       [80.],
       [80.],
       [80.],
       [80.],
       [80.],
       [80.],
       [80.],
       [80.],
       [80.],
       [80.],
       [80.],
       [80.],
       [80.],
       [80.],
       [80.],
       [80.],
       [80.],
       [80.],
       [80.],
       [80.],
       [80.],
       [80.],
       [80.],
       [80.],
       [80.],
       [80.],
       [80.],
       [80.],
       [80.],
       [80.],
       [80.],
       [80.],
       [80.],
       [80.],
       [80.],
       [80.],
       [80.],
       [80.],
       [80.]]), 'dt': 0.01, 'N': 400, 'l': 1e-05}","{'Q': 236.8421052631579, 'gbar': 11.578947368421051, 'T': 10000, 'supervisor': array([[-1.89214982e-17],
       [ 4.44288287e-04],
       [ 8.88576529e-04],
       ...,
       [-1.33286468e-03],
       [-8.88576529e-04],
       [-4.44288287e-04]]), 'BIAS': array([[80.],
       [80.],
       [80.],
       [80.],
       [80.],
       [80.],
       [80.],
       [80.],
       [80.],
       [80.],
       [80.],
       [80.],
       [80.],
       [80.],
       [80.],
       [80.],
       [80.],
       [80.],
       [80.],
       [80.],
       [80.],
       [80.],
       [80.],
       [80.],
       [80.],
       [80.],
       [80.],
       [80.],
       [80.],
       [80.],
       [80.],
       [80.],
       [80.],
       [80.],
       [80.],
       [80.],
       [80.],
       [80.],
       [80.],
       [80.],
       [80.],
       [80.],
       [80.],
       [80.],
       [80.],
       [80.],
       [80.],
       [80.],
       [80.],
       [80.],
       [80.],
       [80.],
       [80.],
       [80.],
       [80.],
       [80.],
       [80.],
       [80.],
       [80.],
       [80.],
       [80.],
       [80.],
       [80.],
       [80.],
       [80.],
       [80.],
       [80.],
       [80.],
       [80.],
       [80.],
       [80.],
       [80.],
       [80.],
       [80.],
       [80.],
       [80.],
       [80.],
       [80.],
       [80.],
       [80.],
       [80.],
       [80.],
       [80.],
       [80.],
       [80.],
       [80.],
       [80.],
       [80.],
       [80.],
       [80.],
       [80.],
       [80.],
       [80.],
       [80.],
       [80.],
       [80.],
       [80.],
       [80.],
       [80.],
       [80.],
       [80.],
       [80.],
       [80.],
       [80.],
       [80.],
       [80.],
       [80.],
       [80.],
       [80.],
       [80.],
       [80.],
       [80.],
       [80.],
       [80.],
       [80.],
       [80.],
       [80.],
       [80.],
       [80.],
       [80.],
       [80.],
       [80.],
       [80.],
       [80.],
       [80.],
       [80.],
       [80.],
       [80.],
       [80.],
       [80.],
       [80.],
       [80.],
       [80.],
       [80.],
       [80.],
       [80.],
       [80.],
       [80.],
       [80.],
       [80.],
       [80.],
       [80.],
       [80.],
       [80.],
       [80.],
       [80.],
       [80.],
       [80.],
       [80.],
       [80.],
       [80.],
       [80.],
       [80.],
       [80.],
       [80.],
       [80.],
       [80.],
       [80.],
       [80.],
       [80.],
       [80.],
       [80.],
       [80.],
       [80.],
       [80.],
       [80.],
       [80.],
       [80.],
       [80.],
       [80.],
       [80.],
       [80.],
       [80.],
       [80.],
       [80.],
       [80.],
       [80.],
       [80.],
       [80.],
       [80.],
       [80.],
       [80.],
       [80.],
       [80.],
       [80.],
       [80.],
       [80.],
       [80.],
       [80.],
       [80.],
       [80.],
       [80.],
       [80.],
       [80.],
       [80.],
       [80.],
       [80.],
       [80.],
       [80.],
       [80.],
       [80.],
       [80.],
       [80.],
       [80.],
       [80.],
       [80.],
       [80.],
       [80.],
       [80.],
       [80.],
       [80.],
       [80.],
       [80.],
       [80.],
       [80.],
       [80.],
       [80.],
       [80.],
       [80.],
       [80.],
       [80.],
       [80.],
       [80.],
       [80.],
       [80.],
       [80.],
       [80.],
       [80.],
       [80.],
       [80.],
       [80.],
       [80.],
       [80.],
       [80.],
       [80.],
       [80.],
       [80.],
       [80.],
       [80.],
       [80.],
       [80.],
       [80.],
       [80.],
       [80.],
       [80.],
       [80.],
       [80.],
       [80.],
       [80.],
       [80.],
       [80.],
       [80.],
       [80.],
       [80.],
       [80.],
       [80.],
       [80.],
       [80.],
       [80.],
       [80.],
       [80.],
       [80.],
       [80.],
       [80.],
       [80.],
       [80.],
       [80.],
       [80.],
       [80.],
       [80.],
       [80.],
       [80.],
       [80.],
       [80.],
       [80.],
       [80.],
       [80.],
       [80.],
       [80.],
       [80.],
       [80.],
       [80.],
       [80.],
       [80.],
       [80.],
       [80.],
       [80.],
       [80.],
       [80.],
       [80.],
       [80.],
       [80.],
       [80.],
       [80.],
       [80.],
       [80.],
       [80.],
       [80.],
       [80.],
       [80.],
       [80.],
       [80.],
       [80.],
       [80.],
       [80.],
       [80.],
       [80.],
       [80.],
       [80.],
       [80.],
       [80.],
       [80.],
       [80.],
       [80.],
       [80.],
       [80.],
       [80.],
       [80.],
       [80.],
       [80.],
       [80.],
       [80.],
       [80.],
       [80.],
       [80.],
       [80.],
       [80.],
       [80.],
       [80.],
       [80.],
       [80.],
       [80.],
       [80.],
       [80.],
       [80.],
       [80.],
       [80.],
       [80.],
       [80.],
       [80.],
       [80.],
       [80.],
       [80.],
       [80.],
       [80.],
       [80.],
       [80.],
       [80.],
       [80.],
       [80.],
       [80.],
       [80.],
       [80.],
       [80.],
       [80.],
       [80.],
       [80.],
       [80.],
       [80.],
       [80.],
       [80.],
       [80.],
       [80.],
       [80.],
       [80.],
       [80.],
       [80.],
       [80.],
       [80.],
       [80.],
       [80.],
       [80.],
       [80.],
       [80.],
       [80.],
       [80.],
       [80.],
       [80.],
       [80.],
       [80.],
       [80.],
       [80.],
       [80.],
       [80.],
       [80.],
       [80.],
       [80.],
       [80.],
       [80.],
       [80.],
       [80.],
       [80.],
       [80.],
       [80.],
       [80.],
       [80.],
       [80.],
       [80.],
       [80.],
       [80.]]), 'dt': 0.01, 'N': 400, 'l': 1e-05}","{'Q': 236.8421052631579, 'gbar': 12.631578947368421, 'T': 10000, 'supervisor': array([[-1.89214982e-17],
       [ 4.44288287e-04],
       [ 8.88576529e-04],
       ...,
       [-1.33286468e-03],
       [-8.88576529e-04],
       [-4.44288287e-04]]), 'BIAS': array([[80.],
       [80.],
       [80.],
       [80.],
       [80.],
       [80.],
       [80.],
       [80.],
       [80.],
       [80.],
       [80.],
       [80.],
       [80.],
       [80.],
       [80.],
       [80.],
       [80.],
       [80.],
       [80.],
       [80.],
       [80.],
       [80.],
       [80.],
       [80.],
       [80.],
       [80.],
       [80.],
       [80.],
       [80.],
       [80.],
       [80.],
       [80.],
       [80.],
       [80.],
       [80.],
       [80.],
       [80.],
       [80.],
       [80.],
       [80.],
       [80.],
       [80.],
       [80.],
       [80.],
       [80.],
       [80.],
       [80.],
       [80.],
       [80.],
       [80.],
       [80.],
       [80.],
       [80.],
       [80.],
       [80.],
       [80.],
       [80.],
       [80.],
       [80.],
       [80.],
       [80.],
       [80.],
       [80.],
       [80.],
       [80.],
       [80.],
       [80.],
       [80.],
       [80.],
       [80.],
       [80.],
       [80.],
       [80.],
       [80.],
       [80.],
       [80.],
       [80.],
       [80.],
       [80.],
       [80.],
       [80.],
       [80.],
       [80.],
       [80.],
       [80.],
       [80.],
       [80.],
       [80.],
       [80.],
       [80.],
       [80.],
       [80.],
       [80.],
       [80.],
       [80.],
       [80.],
       [80.],
       [80.],
       [80.],
       [80.],
       [80.],
       [80.],
       [80.],
       [80.],
       [80.],
       [80.],
       [80.],
       [80.],
       [80.],
       [80.],
       [80.],
       [80.],
       [80.],
       [80.],
       [80.],
       [80.],
       [80.],
       [80.],
       [80.],
       [80.],
       [80.],
       [80.],
       [80.],
       [80.],
       [80.],
       [80.],
       [80.],
       [80.],
       [80.],
       [80.],
       [80.],
       [80.],
       [80.],
       [80.],
       [80.],
       [80.],
       [80.],
       [80.],
       [80.],
       [80.],
       [80.],
       [80.],
       [80.],
       [80.],
       [80.],
       [80.],
       [80.],
       [80.],
       [80.],
       [80.],
       [80.],
       [80.],
       [80.],
       [80.],
       [80.],
       [80.],
       [80.],
       [80.],
       [80.],
       [80.],
       [80.],
       [80.],
       [80.],
       [80.],
       [80.],
       [80.],
       [80.],
       [80.],
       [80.],
       [80.],
       [80.],
       [80.],
       [80.],
       [80.],
       [80.],
       [80.],
       [80.],
       [80.],
       [80.],
       [80.],
       [80.],
       [80.],
       [80.],
       [80.],
       [80.],
       [80.],
       [80.],
       [80.],
       [80.],
       [80.],
       [80.],
       [80.],
       [80.],
       [80.],
       [80.],
       [80.],
       [80.],
       [80.],
       [80.],
       [80.],
       [80.],
       [80.],
       [80.],
       [80.],
       [80.],
       [80.],
       [80.],
       [80.],
       [80.],
       [80.],
       [80.],
       [80.],
       [80.],
       [80.],
       [80.],
       [80.],
       [80.],
       [80.],
       [80.],
       [80.],
       [80.],
       [80.],
       [80.],
       [80.],
       [80.],
       [80.],
       [80.],
       [80.],
       [80.],
       [80.],
       [80.],
       [80.],
       [80.],
       [80.],
       [80.],
       [80.],
       [80.],
       [80.],
       [80.],
       [80.],
       [80.],
       [80.],
       [80.],
       [80.],
       [80.],
       [80.],
       [80.],
       [80.],
       [80.],
       [80.],
       [80.],
       [80.],
       [80.],
       [80.],
       [80.],
       [80.],
       [80.],
       [80.],
       [80.],
       [80.],
       [80.],
       [80.],
       [80.],
       [80.],
       [80.],
       [80.],
       [80.],
       [80.],
       [80.],
       [80.],
       [80.],
       [80.],
       [80.],
       [80.],
       [80.],
       [80.],
       [80.],
       [80.],
       [80.],
       [80.],
       [80.],
       [80.],
       [80.],
       [80.],
       [80.],
       [80.],
       [80.],
       [80.],
       [80.],
       [80.],
       [80.],
       [80.],
       [80.],
       [80.],
       [80.],
       [80.],
       [80.],
       [80.],
       [80.],
       [80.],
       [80.],
       [80.],
       [80.],
       [80.],
       [80.],
       [80.],
       [80.],
       [80.],
       [80.],
       [80.],
       [80.],
       [80.],
       [80.],
       [80.],
       [80.],
       [80.],
       [80.],
       [80.],
       [80.],
       [80.],
       [80.],
       [80.],
       [80.],
       [80.],
       [80.],
       [80.],
       [80.],
       [80.],
       [80.],
       [80.],
       [80.],
       [80.],
       [80.],
       [80.],
       [80.],
       [80.],
       [80.],
       [80.],
       [80.],
       [80.],
       [80.],
       [80.],
       [80.],
       [80.],
       [80.],
       [80.],
       [80.],
       [80.],
       [80.],
       [80.],
       [80.],
       [80.],
       [80.],
       [80.],
       [80.],
       [80.],
       [80.],
       [80.],
       [80.],
       [80.],
       [80.],
       [80.],
       [80.],
       [80.],
       [80.],
       [80.],
       [80.],
       [80.],
       [80.],
       [80.],
       [80.],
       [80.],
       [80.],
       [80.],
       [80.],
       [80.],
       [80.],
       [80.],
       [80.],
       [80.],
       [80.],
       [80.],
       [80.],
       [80.],
       [80.],
       [80.],
       [80.],
       [80.],
       [80.],
       [80.],
       [80.],
       [80.],
       [80.],
       [80.],
       [80.],
       [80.],
       [80.],
       [80.],
       [80.],
       [80.]]), 'dt': 0.01, 'N': 400, 'l': 1e-05}","{'Q': 236.8421052631579, 'gbar': 13.68421052631579, 'T': 10000, 'supervisor': array([[-1.89214982e-17],
       [ 4.44288287e-04],
       [ 8.88576529e-04],
       ...,
       [-1.33286468e-03],
       [-8.88576529e-04],
       [-4.44288287e-04]]), 'BIAS': array([[80.],
       [80.],
       [80.],
       [80.],
       [80.],
       [80.],
       [80.],
       [80.],
       [80.],
       [80.],
       [80.],
       [80.],
       [80.],
       [80.],
       [80.],
       [80.],
       [80.],
       [80.],
       [80.],
       [80.],
       [80.],
       [80.],
       [80.],
       [80.],
       [80.],
       [80.],
       [80.],
       [80.],
       [80.],
       [80.],
       [80.],
       [80.],
       [80.],
       [80.],
       [80.],
       [80.],
       [80.],
       [80.],
       [80.],
       [80.],
       [80.],
       [80.],
       [80.],
       [80.],
       [80.],
       [80.],
       [80.],
       [80.],
       [80.],
       [80.],
       [80.],
       [80.],
       [80.],
       [80.],
       [80.],
       [80.],
       [80.],
       [80.],
       [80.],
       [80.],
       [80.],
       [80.],
       [80.],
       [80.],
       [80.],
       [80.],
       [80.],
       [80.],
       [80.],
       [80.],
       [80.],
       [80.],
       [80.],
       [80.],
       [80.],
       [80.],
       [80.],
       [80.],
       [80.],
       [80.],
       [80.],
       [80.],
       [80.],
       [80.],
       [80.],
       [80.],
       [80.],
       [80.],
       [80.],
       [80.],
       [80.],
       [80.],
       [80.],
       [80.],
       [80.],
       [80.],
       [80.],
       [80.],
       [80.],
       [80.],
       [80.],
       [80.],
       [80.],
       [80.],
       [80.],
       [80.],
       [80.],
       [80.],
       [80.],
       [80.],
       [80.],
       [80.],
       [80.],
       [80.],
       [80.],
       [80.],
       [80.],
       [80.],
       [80.],
       [80.],
       [80.],
       [80.],
       [80.],
       [80.],
       [80.],
       [80.],
       [80.],
       [80.],
       [80.],
       [80.],
       [80.],
       [80.],
       [80.],
       [80.],
       [80.],
       [80.],
       [80.],
       [80.],
       [80.],
       [80.],
       [80.],
       [80.],
       [80.],
       [80.],
       [80.],
       [80.],
       [80.],
       [80.],
       [80.],
       [80.],
       [80.],
       [80.],
       [80.],
       [80.],
       [80.],
       [80.],
       [80.],
       [80.],
       [80.],
       [80.],
       [80.],
       [80.],
       [80.],
       [80.],
       [80.],
       [80.],
       [80.],
       [80.],
       [80.],
       [80.],
       [80.],
       [80.],
       [80.],
       [80.],
       [80.],
       [80.],
       [80.],
       [80.],
       [80.],
       [80.],
       [80.],
       [80.],
       [80.],
       [80.],
       [80.],
       [80.],
       [80.],
       [80.],
       [80.],
       [80.],
       [80.],
       [80.],
       [80.],
       [80.],
       [80.],
       [80.],
       [80.],
       [80.],
       [80.],
       [80.],
       [80.],
       [80.],
       [80.],
       [80.],
       [80.],
       [80.],
       [80.],
       [80.],
       [80.],
       [80.],
       [80.],
       [80.],
       [80.],
       [80.],
       [80.],
       [80.],
       [80.],
       [80.],
       [80.],
       [80.],
       [80.],
       [80.],
       [80.],
       [80.],
       [80.],
       [80.],
       [80.],
       [80.],
       [80.],
       [80.],
       [80.],
       [80.],
       [80.],
       [80.],
       [80.],
       [80.],
       [80.],
       [80.],
       [80.],
       [80.],
       [80.],
       [80.],
       [80.],
       [80.],
       [80.],
       [80.],
       [80.],
       [80.],
       [80.],
       [80.],
       [80.],
       [80.],
       [80.],
       [80.],
       [80.],
       [80.],
       [80.],
       [80.],
       [80.],
       [80.],
       [80.],
       [80.],
       [80.],
       [80.],
       [80.],
       [80.],
       [80.],
       [80.],
       [80.],
       [80.],
       [80.],
       [80.],
       [80.],
       [80.],
       [80.],
       [80.],
       [80.],
       [80.],
       [80.],
       [80.],
       [80.],
       [80.],
       [80.],
       [80.],
       [80.],
       [80.],
       [80.],
       [80.],
       [80.],
       [80.],
       [80.],
       [80.],
       [80.],
       [80.],
       [80.],
       [80.],
       [80.],
       [80.],
       [80.],
       [80.],
       [80.],
       [80.],
       [80.],
       [80.],
       [80.],
       [80.],
       [80.],
       [80.],
       [80.],
       [80.],
       [80.],
       [80.],
       [80.],
       [80.],
       [80.],
       [80.],
       [80.],
       [80.],
       [80.],
       [80.],
       [80.],
       [80.],
       [80.],
       [80.],
       [80.],
       [80.],
       [80.],
       [80.],
       [80.],
       [80.],
       [80.],
       [80.],
       [80.],
       [80.],
       [80.],
       [80.],
       [80.],
       [80.],
       [80.],
       [80.],
       [80.],
       [80.],
       [80.],
       [80.],
       [80.],
       [80.],
       [80.],
       [80.],
       [80.],
       [80.],
       [80.],
       [80.],
       [80.],
       [80.],
       [80.],
       [80.],
       [80.],
       [80.],
       [80.],
       [80.],
       [80.],
       [80.],
       [80.],
       [80.],
       [80.],
       [80.],
       [80.],
       [80.],
       [80.],
       [80.],
       [80.],
       [80.],
       [80.],
       [80.],
       [80.],
       [80.],
       [80.],
       [80.],
       [80.],
       [80.],
       [80.],
       [80.],
       [80.],
       [80.],
       [80.],
       [80.],
       [80.],
       [80.],
       [80.],
       [80.],
       [80.],
       [80.],
       [80.],
       [80.],
       [80.],
       [80.],
       [80.],
       [80.],
       [80.],
       [80.]]), 'dt': 0.01, 'N': 400, 'l': 1e-05}","{'Q': 236.8421052631579, 'gbar': 14.736842105263158, 'T': 10000, 'supervisor': array([[-1.89214982e-17],
       [ 4.44288287e-04],
       [ 8.88576529e-04],
       ...,
       [-1.33286468e-03],
       [-8.88576529e-04],
       [-4.44288287e-04]]), 'BIAS': array([[80.],
       [80.],
       [80.],
       [80.],
       [80.],
       [80.],
       [80.],
       [80.],
       [80.],
       [80.],
       [80.],
       [80.],
       [80.],
       [80.],
       [80.],
       [80.],
       [80.],
       [80.],
       [80.],
       [80.],
       [80.],
       [80.],
       [80.],
       [80.],
       [80.],
       [80.],
       [80.],
       [80.],
       [80.],
       [80.],
       [80.],
       [80.],
       [80.],
       [80.],
       [80.],
       [80.],
       [80.],
       [80.],
       [80.],
       [80.],
       [80.],
       [80.],
       [80.],
       [80.],
       [80.],
       [80.],
       [80.],
       [80.],
       [80.],
       [80.],
       [80.],
       [80.],
       [80.],
       [80.],
       [80.],
       [80.],
       [80.],
       [80.],
       [80.],
       [80.],
       [80.],
       [80.],
       [80.],
       [80.],
       [80.],
       [80.],
       [80.],
       [80.],
       [80.],
       [80.],
       [80.],
       [80.],
       [80.],
       [80.],
       [80.],
       [80.],
       [80.],
       [80.],
       [80.],
       [80.],
       [80.],
       [80.],
       [80.],
       [80.],
       [80.],
       [80.],
       [80.],
       [80.],
       [80.],
       [80.],
       [80.],
       [80.],
       [80.],
       [80.],
       [80.],
       [80.],
       [80.],
       [80.],
       [80.],
       [80.],
       [80.],
       [80.],
       [80.],
       [80.],
       [80.],
       [80.],
       [80.],
       [80.],
       [80.],
       [80.],
       [80.],
       [80.],
       [80.],
       [80.],
       [80.],
       [80.],
       [80.],
       [80.],
       [80.],
       [80.],
       [80.],
       [80.],
       [80.],
       [80.],
       [80.],
       [80.],
       [80.],
       [80.],
       [80.],
       [80.],
       [80.],
       [80.],
       [80.],
       [80.],
       [80.],
       [80.],
       [80.],
       [80.],
       [80.],
       [80.],
       [80.],
       [80.],
       [80.],
       [80.],
       [80.],
       [80.],
       [80.],
       [80.],
       [80.],
       [80.],
       [80.],
       [80.],
       [80.],
       [80.],
       [80.],
       [80.],
       [80.],
       [80.],
       [80.],
       [80.],
       [80.],
       [80.],
       [80.],
       [80.],
       [80.],
       [80.],
       [80.],
       [80.],
       [80.],
       [80.],
       [80.],
       [80.],
       [80.],
       [80.],
       [80.],
       [80.],
       [80.],
       [80.],
       [80.],
       [80.],
       [80.],
       [80.],
       [80.],
       [80.],
       [80.],
       [80.],
       [80.],
       [80.],
       [80.],
       [80.],
       [80.],
       [80.],
       [80.],
       [80.],
       [80.],
       [80.],
       [80.],
       [80.],
       [80.],
       [80.],
       [80.],
       [80.],
       [80.],
       [80.],
       [80.],
       [80.],
       [80.],
       [80.],
       [80.],
       [80.],
       [80.],
       [80.],
       [80.],
       [80.],
       [80.],
       [80.],
       [80.],
       [80.],
       [80.],
       [80.],
       [80.],
       [80.],
       [80.],
       [80.],
       [80.],
       [80.],
       [80.],
       [80.],
       [80.],
       [80.],
       [80.],
       [80.],
       [80.],
       [80.],
       [80.],
       [80.],
       [80.],
       [80.],
       [80.],
       [80.],
       [80.],
       [80.],
       [80.],
       [80.],
       [80.],
       [80.],
       [80.],
       [80.],
       [80.],
       [80.],
       [80.],
       [80.],
       [80.],
       [80.],
       [80.],
       [80.],
       [80.],
       [80.],
       [80.],
       [80.],
       [80.],
       [80.],
       [80.],
       [80.],
       [80.],
       [80.],
       [80.],
       [80.],
       [80.],
       [80.],
       [80.],
       [80.],
       [80.],
       [80.],
       [80.],
       [80.],
       [80.],
       [80.],
       [80.],
       [80.],
       [80.],
       [80.],
       [80.],
       [80.],
       [80.],
       [80.],
       [80.],
       [80.],
       [80.],
       [80.],
       [80.],
       [80.],
       [80.],
       [80.],
       [80.],
       [80.],
       [80.],
       [80.],
       [80.],
       [80.],
       [80.],
       [80.],
       [80.],
       [80.],
       [80.],
       [80.],
       [80.],
       [80.],
       [80.],
       [80.],
       [80.],
       [80.],
       [80.],
       [80.],
       [80.],
       [80.],
       [80.],
       [80.],
       [80.],
       [80.],
       [80.],
       [80.],
       [80.],
       [80.],
       [80.],
       [80.],
       [80.],
       [80.],
       [80.],
       [80.],
       [80.],
       [80.],
       [80.],
       [80.],
       [80.],
       [80.],
       [80.],
       [80.],
       [80.],
       [80.],
       [80.],
       [80.],
       [80.],
       [80.],
       [80.],
       [80.],
       [80.],
       [80.],
       [80.],
       [80.],
       [80.],
       [80.],
       [80.],
       [80.],
       [80.],
       [80.],
       [80.],
       [80.],
       [80.],
       [80.],
       [80.],
       [80.],
       [80.],
       [80.],
       [80.],
       [80.],
       [80.],
       [80.],
       [80.],
       [80.],
       [80.],
       [80.],
       [80.],
       [80.],
       [80.],
       [80.],
       [80.],
       [80.],
       [80.],
       [80.],
       [80.],
       [80.],
       [80.],
       [80.],
       [80.],
       [80.],
       [80.],
       [80.],
       [80.],
       [80.],
       [80.],
       [80.],
       [80.],
       [80.],
       [80.],
       [80.],
       [80.],
       [80.],
       [80.],
       [80.]]), 'dt': 0.01, 'N': 400, 'l': 1e-05}","{'Q': 236.8421052631579, 'gbar': 15.789473684210526, 'T': 10000, 'supervisor': array([[-1.89214982e-17],
       [ 4.44288287e-04],
       [ 8.88576529e-04],
       ...,
       [-1.33286468e-03],
       [-8.88576529e-04],
       [-4.44288287e-04]]), 'BIAS': array([[80.],
       [80.],
       [80.],
       [80.],
       [80.],
       [80.],
       [80.],
       [80.],
       [80.],
       [80.],
       [80.],
       [80.],
       [80.],
       [80.],
       [80.],
       [80.],
       [80.],
       [80.],
       [80.],
       [80.],
       [80.],
       [80.],
       [80.],
       [80.],
       [80.],
       [80.],
       [80.],
       [80.],
       [80.],
       [80.],
       [80.],
       [80.],
       [80.],
       [80.],
       [80.],
       [80.],
       [80.],
       [80.],
       [80.],
       [80.],
       [80.],
       [80.],
       [80.],
       [80.],
       [80.],
       [80.],
       [80.],
       [80.],
       [80.],
       [80.],
       [80.],
       [80.],
       [80.],
       [80.],
       [80.],
       [80.],
       [80.],
       [80.],
       [80.],
       [80.],
       [80.],
       [80.],
       [80.],
       [80.],
       [80.],
       [80.],
       [80.],
       [80.],
       [80.],
       [80.],
       [80.],
       [80.],
       [80.],
       [80.],
       [80.],
       [80.],
       [80.],
       [80.],
       [80.],
       [80.],
       [80.],
       [80.],
       [80.],
       [80.],
       [80.],
       [80.],
       [80.],
       [80.],
       [80.],
       [80.],
       [80.],
       [80.],
       [80.],
       [80.],
       [80.],
       [80.],
       [80.],
       [80.],
       [80.],
       [80.],
       [80.],
       [80.],
       [80.],
       [80.],
       [80.],
       [80.],
       [80.],
       [80.],
       [80.],
       [80.],
       [80.],
       [80.],
       [80.],
       [80.],
       [80.],
       [80.],
       [80.],
       [80.],
       [80.],
       [80.],
       [80.],
       [80.],
       [80.],
       [80.],
       [80.],
       [80.],
       [80.],
       [80.],
       [80.],
       [80.],
       [80.],
       [80.],
       [80.],
       [80.],
       [80.],
       [80.],
       [80.],
       [80.],
       [80.],
       [80.],
       [80.],
       [80.],
       [80.],
       [80.],
       [80.],
       [80.],
       [80.],
       [80.],
       [80.],
       [80.],
       [80.],
       [80.],
       [80.],
       [80.],
       [80.],
       [80.],
       [80.],
       [80.],
       [80.],
       [80.],
       [80.],
       [80.],
       [80.],
       [80.],
       [80.],
       [80.],
       [80.],
       [80.],
       [80.],
       [80.],
       [80.],
       [80.],
       [80.],
       [80.],
       [80.],
       [80.],
       [80.],
       [80.],
       [80.],
       [80.],
       [80.],
       [80.],
       [80.],
       [80.],
       [80.],
       [80.],
       [80.],
       [80.],
       [80.],
       [80.],
       [80.],
       [80.],
       [80.],
       [80.],
       [80.],
       [80.],
       [80.],
       [80.],
       [80.],
       [80.],
       [80.],
       [80.],
       [80.],
       [80.],
       [80.],
       [80.],
       [80.],
       [80.],
       [80.],
       [80.],
       [80.],
       [80.],
       [80.],
       [80.],
       [80.],
       [80.],
       [80.],
       [80.],
       [80.],
       [80.],
       [80.],
       [80.],
       [80.],
       [80.],
       [80.],
       [80.],
       [80.],
       [80.],
       [80.],
       [80.],
       [80.],
       [80.],
       [80.],
       [80.],
       [80.],
       [80.],
       [80.],
       [80.],
       [80.],
       [80.],
       [80.],
       [80.],
       [80.],
       [80.],
       [80.],
       [80.],
       [80.],
       [80.],
       [80.],
       [80.],
       [80.],
       [80.],
       [80.],
       [80.],
       [80.],
       [80.],
       [80.],
       [80.],
       [80.],
       [80.],
       [80.],
       [80.],
       [80.],
       [80.],
       [80.],
       [80.],
       [80.],
       [80.],
       [80.],
       [80.],
       [80.],
       [80.],
       [80.],
       [80.],
       [80.],
       [80.],
       [80.],
       [80.],
       [80.],
       [80.],
       [80.],
       [80.],
       [80.],
       [80.],
       [80.],
       [80.],
       [80.],
       [80.],
       [80.],
       [80.],
       [80.],
       [80.],
       [80.],
       [80.],
       [80.],
       [80.],
       [80.],
       [80.],
       [80.],
       [80.],
       [80.],
       [80.],
       [80.],
       [80.],
       [80.],
       [80.],
       [80.],
       [80.],
       [80.],
       [80.],
       [80.],
       [80.],
       [80.],
       [80.],
       [80.],
       [80.],
       [80.],
       [80.],
       [80.],
       [80.],
       [80.],
       [80.],
       [80.],
       [80.],
       [80.],
       [80.],
       [80.],
       [80.],
       [80.],
       [80.],
       [80.],
       [80.],
       [80.],
       [80.],
       [80.],
       [80.],
       [80.],
       [80.],
       [80.],
       [80.],
       [80.],
       [80.],
       [80.],
       [80.],
       [80.],
       [80.],
       [80.],
       [80.],
       [80.],
       [80.],
       [80.],
       [80.],
       [80.],
       [80.],
       [80.],
       [80.],
       [80.],
       [80.],
       [80.],
       [80.],
       [80.],
       [80.],
       [80.],
       [80.],
       [80.],
       [80.],
       [80.],
       [80.],
       [80.],
       [80.],
       [80.],
       [80.],
       [80.],
       [80.],
       [80.],
       [80.],
       [80.],
       [80.],
       [80.],
       [80.],
       [80.],
       [80.],
       [80.],
       [80.],
       [80.],
       [80.],
       [80.],
       [80.],
       [80.],
       [80.],
       [80.],
       [80.],
       [80.],
       [80.],
       [80.],
       [80.],
       [80.],
       [80.],
       [80.],
       [80.]]), 'dt': 0.01, 'N': 400, 'l': 1e-05}","{'Q': 236.8421052631579, 'gbar': 16.842105263157894, 'T': 10000, 'supervisor': array([[-1.89214982e-17],
       [ 4.44288287e-04],
       [ 8.88576529e-04],
       ...,
       [-1.33286468e-03],
       [-8.88576529e-04],
       [-4.44288287e-04]]), 'BIAS': array([[80.],
       [80.],
       [80.],
       [80.],
       [80.],
       [80.],
       [80.],
       [80.],
       [80.],
       [80.],
       [80.],
       [80.],
       [80.],
       [80.],
       [80.],
       [80.],
       [80.],
       [80.],
       [80.],
       [80.],
       [80.],
       [80.],
       [80.],
       [80.],
       [80.],
       [80.],
       [80.],
       [80.],
       [80.],
       [80.],
       [80.],
       [80.],
       [80.],
       [80.],
       [80.],
       [80.],
       [80.],
       [80.],
       [80.],
       [80.],
       [80.],
       [80.],
       [80.],
       [80.],
       [80.],
       [80.],
       [80.],
       [80.],
       [80.],
       [80.],
       [80.],
       [80.],
       [80.],
       [80.],
       [80.],
       [80.],
       [80.],
       [80.],
       [80.],
       [80.],
       [80.],
       [80.],
       [80.],
       [80.],
       [80.],
       [80.],
       [80.],
       [80.],
       [80.],
       [80.],
       [80.],
       [80.],
       [80.],
       [80.],
       [80.],
       [80.],
       [80.],
       [80.],
       [80.],
       [80.],
       [80.],
       [80.],
       [80.],
       [80.],
       [80.],
       [80.],
       [80.],
       [80.],
       [80.],
       [80.],
       [80.],
       [80.],
       [80.],
       [80.],
       [80.],
       [80.],
       [80.],
       [80.],
       [80.],
       [80.],
       [80.],
       [80.],
       [80.],
       [80.],
       [80.],
       [80.],
       [80.],
       [80.],
       [80.],
       [80.],
       [80.],
       [80.],
       [80.],
       [80.],
       [80.],
       [80.],
       [80.],
       [80.],
       [80.],
       [80.],
       [80.],
       [80.],
       [80.],
       [80.],
       [80.],
       [80.],
       [80.],
       [80.],
       [80.],
       [80.],
       [80.],
       [80.],
       [80.],
       [80.],
       [80.],
       [80.],
       [80.],
       [80.],
       [80.],
       [80.],
       [80.],
       [80.],
       [80.],
       [80.],
       [80.],
       [80.],
       [80.],
       [80.],
       [80.],
       [80.],
       [80.],
       [80.],
       [80.],
       [80.],
       [80.],
       [80.],
       [80.],
       [80.],
       [80.],
       [80.],
       [80.],
       [80.],
       [80.],
       [80.],
       [80.],
       [80.],
       [80.],
       [80.],
       [80.],
       [80.],
       [80.],
       [80.],
       [80.],
       [80.],
       [80.],
       [80.],
       [80.],
       [80.],
       [80.],
       [80.],
       [80.],
       [80.],
       [80.],
       [80.],
       [80.],
       [80.],
       [80.],
       [80.],
       [80.],
       [80.],
       [80.],
       [80.],
       [80.],
       [80.],
       [80.],
       [80.],
       [80.],
       [80.],
       [80.],
       [80.],
       [80.],
       [80.],
       [80.],
       [80.],
       [80.],
       [80.],
       [80.],
       [80.],
       [80.],
       [80.],
       [80.],
       [80.],
       [80.],
       [80.],
       [80.],
       [80.],
       [80.],
       [80.],
       [80.],
       [80.],
       [80.],
       [80.],
       [80.],
       [80.],
       [80.],
       [80.],
       [80.],
       [80.],
       [80.],
       [80.],
       [80.],
       [80.],
       [80.],
       [80.],
       [80.],
       [80.],
       [80.],
       [80.],
       [80.],
       [80.],
       [80.],
       [80.],
       [80.],
       [80.],
       [80.],
       [80.],
       [80.],
       [80.],
       [80.],
       [80.],
       [80.],
       [80.],
       [80.],
       [80.],
       [80.],
       [80.],
       [80.],
       [80.],
       [80.],
       [80.],
       [80.],
       [80.],
       [80.],
       [80.],
       [80.],
       [80.],
       [80.],
       [80.],
       [80.],
       [80.],
       [80.],
       [80.],
       [80.],
       [80.],
       [80.],
       [80.],
       [80.],
       [80.],
       [80.],
       [80.],
       [80.],
       [80.],
       [80.],
       [80.],
       [80.],
       [80.],
       [80.],
       [80.],
       [80.],
       [80.],
       [80.],
       [80.],
       [80.],
       [80.],
       [80.],
       [80.],
       [80.],
       [80.],
       [80.],
       [80.],
       [80.],
       [80.],
       [80.],
       [80.],
       [80.],
       [80.],
       [80.],
       [80.],
       [80.],
       [80.],
       [80.],
       [80.],
       [80.],
       [80.],
       [80.],
       [80.],
       [80.],
       [80.],
       [80.],
       [80.],
       [80.],
       [80.],
       [80.],
       [80.],
       [80.],
       [80.],
       [80.],
       [80.],
       [80.],
       [80.],
       [80.],
       [80.],
       [80.],
       [80.],
       [80.],
       [80.],
       [80.],
       [80.],
       [80.],
       [80.],
       [80.],
       [80.],
       [80.],
       [80.],
       [80.],
       [80.],
       [80.],
       [80.],
       [80.],
       [80.],
       [80.],
       [80.],
       [80.],
       [80.],
       [80.],
       [80.],
       [80.],
       [80.],
       [80.],
       [80.],
       [80.],
       [80.],
       [80.],
       [80.],
       [80.],
       [80.],
       [80.],
       [80.],
       [80.],
       [80.],
       [80.],
       [80.],
       [80.],
       [80.],
       [80.],
       [80.],
       [80.],
       [80.],
       [80.],
       [80.],
       [80.],
       [80.],
       [80.],
       [80.],
       [80.],
       [80.],
       [80.],
       [80.],
       [80.],
       [80.],
       [80.],
       [80.],
       [80.],
       [80.],
       [80.],
       [80.],
       [80.],
       [80.],
       [80.],
       [80.]]), 'dt': 0.01, 'N': 400, 'l': 1e-05}","{'Q': 236.8421052631579, 'gbar': 17.894736842105264, 'T': 10000, 'supervisor': array([[-1.89214982e-17],
       [ 4.44288287e-04],
       [ 8.88576529e-04],
       ...,
       [-1.33286468e-03],
       [-8.88576529e-04],
       [-4.44288287e-04]]), 'BIAS': array([[80.],
       [80.],
       [80.],
       [80.],
       [80.],
       [80.],
       [80.],
       [80.],
       [80.],
       [80.],
       [80.],
       [80.],
       [80.],
       [80.],
       [80.],
       [80.],
       [80.],
       [80.],
       [80.],
       [80.],
       [80.],
       [80.],
       [80.],
       [80.],
       [80.],
       [80.],
       [80.],
       [80.],
       [80.],
       [80.],
       [80.],
       [80.],
       [80.],
       [80.],
       [80.],
       [80.],
       [80.],
       [80.],
       [80.],
       [80.],
       [80.],
       [80.],
       [80.],
       [80.],
       [80.],
       [80.],
       [80.],
       [80.],
       [80.],
       [80.],
       [80.],
       [80.],
       [80.],
       [80.],
       [80.],
       [80.],
       [80.],
       [80.],
       [80.],
       [80.],
       [80.],
       [80.],
       [80.],
       [80.],
       [80.],
       [80.],
       [80.],
       [80.],
       [80.],
       [80.],
       [80.],
       [80.],
       [80.],
       [80.],
       [80.],
       [80.],
       [80.],
       [80.],
       [80.],
       [80.],
       [80.],
       [80.],
       [80.],
       [80.],
       [80.],
       [80.],
       [80.],
       [80.],
       [80.],
       [80.],
       [80.],
       [80.],
       [80.],
       [80.],
       [80.],
       [80.],
       [80.],
       [80.],
       [80.],
       [80.],
       [80.],
       [80.],
       [80.],
       [80.],
       [80.],
       [80.],
       [80.],
       [80.],
       [80.],
       [80.],
       [80.],
       [80.],
       [80.],
       [80.],
       [80.],
       [80.],
       [80.],
       [80.],
       [80.],
       [80.],
       [80.],
       [80.],
       [80.],
       [80.],
       [80.],
       [80.],
       [80.],
       [80.],
       [80.],
       [80.],
       [80.],
       [80.],
       [80.],
       [80.],
       [80.],
       [80.],
       [80.],
       [80.],
       [80.],
       [80.],
       [80.],
       [80.],
       [80.],
       [80.],
       [80.],
       [80.],
       [80.],
       [80.],
       [80.],
       [80.],
       [80.],
       [80.],
       [80.],
       [80.],
       [80.],
       [80.],
       [80.],
       [80.],
       [80.],
       [80.],
       [80.],
       [80.],
       [80.],
       [80.],
       [80.],
       [80.],
       [80.],
       [80.],
       [80.],
       [80.],
       [80.],
       [80.],
       [80.],
       [80.],
       [80.],
       [80.],
       [80.],
       [80.],
       [80.],
       [80.],
       [80.],
       [80.],
       [80.],
       [80.],
       [80.],
       [80.],
       [80.],
       [80.],
       [80.],
       [80.],
       [80.],
       [80.],
       [80.],
       [80.],
       [80.],
       [80.],
       [80.],
       [80.],
       [80.],
       [80.],
       [80.],
       [80.],
       [80.],
       [80.],
       [80.],
       [80.],
       [80.],
       [80.],
       [80.],
       [80.],
       [80.],
       [80.],
       [80.],
       [80.],
       [80.],
       [80.],
       [80.],
       [80.],
       [80.],
       [80.],
       [80.],
       [80.],
       [80.],
       [80.],
       [80.],
       [80.],
       [80.],
       [80.],
       [80.],
       [80.],
       [80.],
       [80.],
       [80.],
       [80.],
       [80.],
       [80.],
       [80.],
       [80.],
       [80.],
       [80.],
       [80.],
       [80.],
       [80.],
       [80.],
       [80.],
       [80.],
       [80.],
       [80.],
       [80.],
       [80.],
       [80.],
       [80.],
       [80.],
       [80.],
       [80.],
       [80.],
       [80.],
       [80.],
       [80.],
       [80.],
       [80.],
       [80.],
       [80.],
       [80.],
       [80.],
       [80.],
       [80.],
       [80.],
       [80.],
       [80.],
       [80.],
       [80.],
       [80.],
       [80.],
       [80.],
       [80.],
       [80.],
       [80.],
       [80.],
       [80.],
       [80.],
       [80.],
       [80.],
       [80.],
       [80.],
       [80.],
       [80.],
       [80.],
       [80.],
       [80.],
       [80.],
       [80.],
       [80.],
       [80.],
       [80.],
       [80.],
       [80.],
       [80.],
       [80.],
       [80.],
       [80.],
       [80.],
       [80.],
       [80.],
       [80.],
       [80.],
       [80.],
       [80.],
       [80.],
       [80.],
       [80.],
       [80.],
       [80.],
       [80.],
       [80.],
       [80.],
       [80.],
       [80.],
       [80.],
       [80.],
       [80.],
       [80.],
       [80.],
       [80.],
       [80.],
       [80.],
       [80.],
       [80.],
       [80.],
       [80.],
       [80.],
       [80.],
       [80.],
       [80.],
       [80.],
       [80.],
       [80.],
       [80.],
       [80.],
       [80.],
       [80.],
       [80.],
       [80.],
       [80.],
       [80.],
       [80.],
       [80.],
       [80.],
       [80.],
       [80.],
       [80.],
       [80.],
       [80.],
       [80.],
       [80.],
       [80.],
       [80.],
       [80.],
       [80.],
       [80.],
       [80.],
       [80.],
       [80.],
       [80.],
       [80.],
       [80.],
       [80.],
       [80.],
       [80.],
       [80.],
       [80.],
       [80.],
       [80.],
       [80.],
       [80.],
       [80.],
       [80.],
       [80.],
       [80.],
       [80.],
       [80.],
       [80.],
       [80.],
       [80.],
       [80.],
       [80.],
       [80.],
       [80.],
       [80.],
       [80.],
       [80.],
       [80.],
       [80.],
       [80.],
       [80.],
       [80.],
       [80.],
       [80.],
       [80.],
       [80.]]), 'dt': 0.01, 'N': 400, 'l': 1e-05}","{'Q': 236.8421052631579, 'gbar': 18.94736842105263, 'T': 10000, 'supervisor': array([[-1.89214982e-17],
       [ 4.44288287e-04],
       [ 8.88576529e-04],
       ...,
       [-1.33286468e-03],
       [-8.88576529e-04],
       [-4.44288287e-04]]), 'BIAS': array([[80.],
       [80.],
       [80.],
       [80.],
       [80.],
       [80.],
       [80.],
       [80.],
       [80.],
       [80.],
       [80.],
       [80.],
       [80.],
       [80.],
       [80.],
       [80.],
       [80.],
       [80.],
       [80.],
       [80.],
       [80.],
       [80.],
       [80.],
       [80.],
       [80.],
       [80.],
       [80.],
       [80.],
       [80.],
       [80.],
       [80.],
       [80.],
       [80.],
       [80.],
       [80.],
       [80.],
       [80.],
       [80.],
       [80.],
       [80.],
       [80.],
       [80.],
       [80.],
       [80.],
       [80.],
       [80.],
       [80.],
       [80.],
       [80.],
       [80.],
       [80.],
       [80.],
       [80.],
       [80.],
       [80.],
       [80.],
       [80.],
       [80.],
       [80.],
       [80.],
       [80.],
       [80.],
       [80.],
       [80.],
       [80.],
       [80.],
       [80.],
       [80.],
       [80.],
       [80.],
       [80.],
       [80.],
       [80.],
       [80.],
       [80.],
       [80.],
       [80.],
       [80.],
       [80.],
       [80.],
       [80.],
       [80.],
       [80.],
       [80.],
       [80.],
       [80.],
       [80.],
       [80.],
       [80.],
       [80.],
       [80.],
       [80.],
       [80.],
       [80.],
       [80.],
       [80.],
       [80.],
       [80.],
       [80.],
       [80.],
       [80.],
       [80.],
       [80.],
       [80.],
       [80.],
       [80.],
       [80.],
       [80.],
       [80.],
       [80.],
       [80.],
       [80.],
       [80.],
       [80.],
       [80.],
       [80.],
       [80.],
       [80.],
       [80.],
       [80.],
       [80.],
       [80.],
       [80.],
       [80.],
       [80.],
       [80.],
       [80.],
       [80.],
       [80.],
       [80.],
       [80.],
       [80.],
       [80.],
       [80.],
       [80.],
       [80.],
       [80.],
       [80.],
       [80.],
       [80.],
       [80.],
       [80.],
       [80.],
       [80.],
       [80.],
       [80.],
       [80.],
       [80.],
       [80.],
       [80.],
       [80.],
       [80.],
       [80.],
       [80.],
       [80.],
       [80.],
       [80.],
       [80.],
       [80.],
       [80.],
       [80.],
       [80.],
       [80.],
       [80.],
       [80.],
       [80.],
       [80.],
       [80.],
       [80.],
       [80.],
       [80.],
       [80.],
       [80.],
       [80.],
       [80.],
       [80.],
       [80.],
       [80.],
       [80.],
       [80.],
       [80.],
       [80.],
       [80.],
       [80.],
       [80.],
       [80.],
       [80.],
       [80.],
       [80.],
       [80.],
       [80.],
       [80.],
       [80.],
       [80.],
       [80.],
       [80.],
       [80.],
       [80.],
       [80.],
       [80.],
       [80.],
       [80.],
       [80.],
       [80.],
       [80.],
       [80.],
       [80.],
       [80.],
       [80.],
       [80.],
       [80.],
       [80.],
       [80.],
       [80.],
       [80.],
       [80.],
       [80.],
       [80.],
       [80.],
       [80.],
       [80.],
       [80.],
       [80.],
       [80.],
       [80.],
       [80.],
       [80.],
       [80.],
       [80.],
       [80.],
       [80.],
       [80.],
       [80.],
       [80.],
       [80.],
       [80.],
       [80.],
       [80.],
       [80.],
       [80.],
       [80.],
       [80.],
       [80.],
       [80.],
       [80.],
       [80.],
       [80.],
       [80.],
       [80.],
       [80.],
       [80.],
       [80.],
       [80.],
       [80.],
       [80.],
       [80.],
       [80.],
       [80.],
       [80.],
       [80.],
       [80.],
       [80.],
       [80.],
       [80.],
       [80.],
       [80.],
       [80.],
       [80.],
       [80.],
       [80.],
       [80.],
       [80.],
       [80.],
       [80.],
       [80.],
       [80.],
       [80.],
       [80.],
       [80.],
       [80.],
       [80.],
       [80.],
       [80.],
       [80.],
       [80.],
       [80.],
       [80.],
       [80.],
       [80.],
       [80.],
       [80.],
       [80.],
       [80.],
       [80.],
       [80.],
       [80.],
       [80.],
       [80.],
       [80.],
       [80.],
       [80.],
       [80.],
       [80.],
       [80.],
       [80.],
       [80.],
       [80.],
       [80.],
       [80.],
       [80.],
       [80.],
       [80.],
       [80.],
       [80.],
       [80.],
       [80.],
       [80.],
       [80.],
       [80.],
       [80.],
       [80.],
       [80.],
       [80.],
       [80.],
       [80.],
       [80.],
       [80.],
       [80.],
       [80.],
       [80.],
       [80.],
       [80.],
       [80.],
       [80.],
       [80.],
       [80.],
       [80.],
       [80.],
       [80.],
       [80.],
       [80.],
       [80.],
       [80.],
       [80.],
       [80.],
       [80.],
       [80.],
       [80.],
       [80.],
       [80.],
       [80.],
       [80.],
       [80.],
       [80.],
       [80.],
       [80.],
       [80.],
       [80.],
       [80.],
       [80.],
       [80.],
       [80.],
       [80.],
       [80.],
       [80.],
       [80.],
       [80.],
       [80.],
       [80.],
       [80.],
       [80.],
       [80.],
       [80.],
       [80.],
       [80.],
       [80.],
       [80.],
       [80.],
       [80.],
       [80.],
       [80.],
       [80.],
       [80.],
       [80.],
       [80.],
       [80.],
       [80.],
       [80.],
       [80.],
       [80.],
       [80.],
       [80.],
       [80.],
       [80.],
       [80.],
       [80.],
       [80.],
       [80.],
       [80.],
       [80.]]), 'dt': 0.01, 'N': 400, 'l': 1e-05}","{'Q': 236.8421052631579, 'gbar': 20.0, 'T': 10000, 'supervisor': array([[-1.89214982e-17],
       [ 4.44288287e-04],
       [ 8.88576529e-04],
       ...,
       [-1.33286468e-03],
       [-8.88576529e-04],
       [-4.44288287e-04]]), 'BIAS': array([[80.],
       [80.],
       [80.],
       [80.],
       [80.],
       [80.],
       [80.],
       [80.],
       [80.],
       [80.],
       [80.],
       [80.],
       [80.],
       [80.],
       [80.],
       [80.],
       [80.],
       [80.],
       [80.],
       [80.],
       [80.],
       [80.],
       [80.],
       [80.],
       [80.],
       [80.],
       [80.],
       [80.],
       [80.],
       [80.],
       [80.],
       [80.],
       [80.],
       [80.],
       [80.],
       [80.],
       [80.],
       [80.],
       [80.],
       [80.],
       [80.],
       [80.],
       [80.],
       [80.],
       [80.],
       [80.],
       [80.],
       [80.],
       [80.],
       [80.],
       [80.],
       [80.],
       [80.],
       [80.],
       [80.],
       [80.],
       [80.],
       [80.],
       [80.],
       [80.],
       [80.],
       [80.],
       [80.],
       [80.],
       [80.],
       [80.],
       [80.],
       [80.],
       [80.],
       [80.],
       [80.],
       [80.],
       [80.],
       [80.],
       [80.],
       [80.],
       [80.],
       [80.],
       [80.],
       [80.],
       [80.],
       [80.],
       [80.],
       [80.],
       [80.],
       [80.],
       [80.],
       [80.],
       [80.],
       [80.],
       [80.],
       [80.],
       [80.],
       [80.],
       [80.],
       [80.],
       [80.],
       [80.],
       [80.],
       [80.],
       [80.],
       [80.],
       [80.],
       [80.],
       [80.],
       [80.],
       [80.],
       [80.],
       [80.],
       [80.],
       [80.],
       [80.],
       [80.],
       [80.],
       [80.],
       [80.],
       [80.],
       [80.],
       [80.],
       [80.],
       [80.],
       [80.],
       [80.],
       [80.],
       [80.],
       [80.],
       [80.],
       [80.],
       [80.],
       [80.],
       [80.],
       [80.],
       [80.],
       [80.],
       [80.],
       [80.],
       [80.],
       [80.],
       [80.],
       [80.],
       [80.],
       [80.],
       [80.],
       [80.],
       [80.],
       [80.],
       [80.],
       [80.],
       [80.],
       [80.],
       [80.],
       [80.],
       [80.],
       [80.],
       [80.],
       [80.],
       [80.],
       [80.],
       [80.],
       [80.],
       [80.],
       [80.],
       [80.],
       [80.],
       [80.],
       [80.],
       [80.],
       [80.],
       [80.],
       [80.],
       [80.],
       [80.],
       [80.],
       [80.],
       [80.],
       [80.],
       [80.],
       [80.],
       [80.],
       [80.],
       [80.],
       [80.],
       [80.],
       [80.],
       [80.],
       [80.],
       [80.],
       [80.],
       [80.],
       [80.],
       [80.],
       [80.],
       [80.],
       [80.],
       [80.],
       [80.],
       [80.],
       [80.],
       [80.],
       [80.],
       [80.],
       [80.],
       [80.],
       [80.],
       [80.],
       [80.],
       [80.],
       [80.],
       [80.],
       [80.],
       [80.],
       [80.],
       [80.],
       [80.],
       [80.],
       [80.],
       [80.],
       [80.],
       [80.],
       [80.],
       [80.],
       [80.],
       [80.],
       [80.],
       [80.],
       [80.],
       [80.],
       [80.],
       [80.],
       [80.],
       [80.],
       [80.],
       [80.],
       [80.],
       [80.],
       [80.],
       [80.],
       [80.],
       [80.],
       [80.],
       [80.],
       [80.],
       [80.],
       [80.],
       [80.],
       [80.],
       [80.],
       [80.],
       [80.],
       [80.],
       [80.],
       [80.],
       [80.],
       [80.],
       [80.],
       [80.],
       [80.],
       [80.],
       [80.],
       [80.],
       [80.],
       [80.],
       [80.],
       [80.],
       [80.],
       [80.],
       [80.],
       [80.],
       [80.],
       [80.],
       [80.],
       [80.],
       [80.],
       [80.],
       [80.],
       [80.],
       [80.],
       [80.],
       [80.],
       [80.],
       [80.],
       [80.],
       [80.],
       [80.],
       [80.],
       [80.],
       [80.],
       [80.],
       [80.],
       [80.],
       [80.],
       [80.],
       [80.],
       [80.],
       [80.],
       [80.],
       [80.],
       [80.],
       [80.],
       [80.],
       [80.],
       [80.],
       [80.],
       [80.],
       [80.],
       [80.],
       [80.],
       [80.],
       [80.],
       [80.],
       [80.],
       [80.],
       [80.],
       [80.],
       [80.],
       [80.],
       [80.],
       [80.],
       [80.],
       [80.],
       [80.],
       [80.],
       [80.],
       [80.],
       [80.],
       [80.],
       [80.],
       [80.],
       [80.],
       [80.],
       [80.],
       [80.],
       [80.],
       [80.],
       [80.],
       [80.],
       [80.],
       [80.],
       [80.],
       [80.],
       [80.],
       [80.],
       [80.],
       [80.],
       [80.],
       [80.],
       [80.],
       [80.],
       [80.],
       [80.],
       [80.],
       [80.],
       [80.],
       [80.],
       [80.],
       [80.],
       [80.],
       [80.],
       [80.],
       [80.],
       [80.],
       [80.],
       [80.],
       [80.],
       [80.],
       [80.],
       [80.],
       [80.],
       [80.],
       [80.],
       [80.],
       [80.],
       [80.],
       [80.],
       [80.],
       [80.],
       [80.],
       [80.],
       [80.],
       [80.],
       [80.],
       [80.],
       [80.],
       [80.],
       [80.],
       [80.],
       [80.],
       [80.],
       [80.],
       [80.],
       [80.],
       [80.],
       [80.],
       [80.],
       [80.],
       [80.],
       [80.],
       [80.],
       [80.],
       [80.]]), 'dt': 0.01, 'N': 400, 'l': 1e-05}"
"{'Q': 263.1578947368421, 'gbar': 0.0, 'T': 10000, 'supervisor': array([[-1.89214982e-17],
       [ 4.44288287e-04],
       [ 8.88576529e-04],
       ...,
       [-1.33286468e-03],
       [-8.88576529e-04],
       [-4.44288287e-04]]), 'BIAS': array([[80.],
       [80.],
       [80.],
       [80.],
       [80.],
       [80.],
       [80.],
       [80.],
       [80.],
       [80.],
       [80.],
       [80.],
       [80.],
       [80.],
       [80.],
       [80.],
       [80.],
       [80.],
       [80.],
       [80.],
       [80.],
       [80.],
       [80.],
       [80.],
       [80.],
       [80.],
       [80.],
       [80.],
       [80.],
       [80.],
       [80.],
       [80.],
       [80.],
       [80.],
       [80.],
       [80.],
       [80.],
       [80.],
       [80.],
       [80.],
       [80.],
       [80.],
       [80.],
       [80.],
       [80.],
       [80.],
       [80.],
       [80.],
       [80.],
       [80.],
       [80.],
       [80.],
       [80.],
       [80.],
       [80.],
       [80.],
       [80.],
       [80.],
       [80.],
       [80.],
       [80.],
       [80.],
       [80.],
       [80.],
       [80.],
       [80.],
       [80.],
       [80.],
       [80.],
       [80.],
       [80.],
       [80.],
       [80.],
       [80.],
       [80.],
       [80.],
       [80.],
       [80.],
       [80.],
       [80.],
       [80.],
       [80.],
       [80.],
       [80.],
       [80.],
       [80.],
       [80.],
       [80.],
       [80.],
       [80.],
       [80.],
       [80.],
       [80.],
       [80.],
       [80.],
       [80.],
       [80.],
       [80.],
       [80.],
       [80.],
       [80.],
       [80.],
       [80.],
       [80.],
       [80.],
       [80.],
       [80.],
       [80.],
       [80.],
       [80.],
       [80.],
       [80.],
       [80.],
       [80.],
       [80.],
       [80.],
       [80.],
       [80.],
       [80.],
       [80.],
       [80.],
       [80.],
       [80.],
       [80.],
       [80.],
       [80.],
       [80.],
       [80.],
       [80.],
       [80.],
       [80.],
       [80.],
       [80.],
       [80.],
       [80.],
       [80.],
       [80.],
       [80.],
       [80.],
       [80.],
       [80.],
       [80.],
       [80.],
       [80.],
       [80.],
       [80.],
       [80.],
       [80.],
       [80.],
       [80.],
       [80.],
       [80.],
       [80.],
       [80.],
       [80.],
       [80.],
       [80.],
       [80.],
       [80.],
       [80.],
       [80.],
       [80.],
       [80.],
       [80.],
       [80.],
       [80.],
       [80.],
       [80.],
       [80.],
       [80.],
       [80.],
       [80.],
       [80.],
       [80.],
       [80.],
       [80.],
       [80.],
       [80.],
       [80.],
       [80.],
       [80.],
       [80.],
       [80.],
       [80.],
       [80.],
       [80.],
       [80.],
       [80.],
       [80.],
       [80.],
       [80.],
       [80.],
       [80.],
       [80.],
       [80.],
       [80.],
       [80.],
       [80.],
       [80.],
       [80.],
       [80.],
       [80.],
       [80.],
       [80.],
       [80.],
       [80.],
       [80.],
       [80.],
       [80.],
       [80.],
       [80.],
       [80.],
       [80.],
       [80.],
       [80.],
       [80.],
       [80.],
       [80.],
       [80.],
       [80.],
       [80.],
       [80.],
       [80.],
       [80.],
       [80.],
       [80.],
       [80.],
       [80.],
       [80.],
       [80.],
       [80.],
       [80.],
       [80.],
       [80.],
       [80.],
       [80.],
       [80.],
       [80.],
       [80.],
       [80.],
       [80.],
       [80.],
       [80.],
       [80.],
       [80.],
       [80.],
       [80.],
       [80.],
       [80.],
       [80.],
       [80.],
       [80.],
       [80.],
       [80.],
       [80.],
       [80.],
       [80.],
       [80.],
       [80.],
       [80.],
       [80.],
       [80.],
       [80.],
       [80.],
       [80.],
       [80.],
       [80.],
       [80.],
       [80.],
       [80.],
       [80.],
       [80.],
       [80.],
       [80.],
       [80.],
       [80.],
       [80.],
       [80.],
       [80.],
       [80.],
       [80.],
       [80.],
       [80.],
       [80.],
       [80.],
       [80.],
       [80.],
       [80.],
       [80.],
       [80.],
       [80.],
       [80.],
       [80.],
       [80.],
       [80.],
       [80.],
       [80.],
       [80.],
       [80.],
       [80.],
       [80.],
       [80.],
       [80.],
       [80.],
       [80.],
       [80.],
       [80.],
       [80.],
       [80.],
       [80.],
       [80.],
       [80.],
       [80.],
       [80.],
       [80.],
       [80.],
       [80.],
       [80.],
       [80.],
       [80.],
       [80.],
       [80.],
       [80.],
       [80.],
       [80.],
       [80.],
       [80.],
       [80.],
       [80.],
       [80.],
       [80.],
       [80.],
       [80.],
       [80.],
       [80.],
       [80.],
       [80.],
       [80.],
       [80.],
       [80.],
       [80.],
       [80.],
       [80.],
       [80.],
       [80.],
       [80.],
       [80.],
       [80.],
       [80.],
       [80.],
       [80.],
       [80.],
       [80.],
       [80.],
       [80.],
       [80.],
       [80.],
       [80.],
       [80.],
       [80.],
       [80.],
       [80.],
       [80.],
       [80.],
       [80.],
       [80.],
       [80.],
       [80.],
       [80.],
       [80.],
       [80.],
       [80.],
       [80.],
       [80.],
       [80.],
       [80.],
       [80.],
       [80.],
       [80.],
       [80.],
       [80.],
       [80.],
       [80.],
       [80.],
       [80.],
       [80.],
       [80.],
       [80.],
       [80.],
       [80.],
       [80.],
       [80.],
       [80.],
       [80.],
       [80.],
       [80.],
       [80.],
       [80.],
       [80.],
       [80.]]), 'dt': 0.01, 'N': 400, 'l': 1e-05}","{'Q': 263.1578947368421, 'gbar': 1.0526315789473684, 'T': 10000, 'supervisor': array([[-1.89214982e-17],
       [ 4.44288287e-04],
       [ 8.88576529e-04],
       ...,
       [-1.33286468e-03],
       [-8.88576529e-04],
       [-4.44288287e-04]]), 'BIAS': array([[80.],
       [80.],
       [80.],
       [80.],
       [80.],
       [80.],
       [80.],
       [80.],
       [80.],
       [80.],
       [80.],
       [80.],
       [80.],
       [80.],
       [80.],
       [80.],
       [80.],
       [80.],
       [80.],
       [80.],
       [80.],
       [80.],
       [80.],
       [80.],
       [80.],
       [80.],
       [80.],
       [80.],
       [80.],
       [80.],
       [80.],
       [80.],
       [80.],
       [80.],
       [80.],
       [80.],
       [80.],
       [80.],
       [80.],
       [80.],
       [80.],
       [80.],
       [80.],
       [80.],
       [80.],
       [80.],
       [80.],
       [80.],
       [80.],
       [80.],
       [80.],
       [80.],
       [80.],
       [80.],
       [80.],
       [80.],
       [80.],
       [80.],
       [80.],
       [80.],
       [80.],
       [80.],
       [80.],
       [80.],
       [80.],
       [80.],
       [80.],
       [80.],
       [80.],
       [80.],
       [80.],
       [80.],
       [80.],
       [80.],
       [80.],
       [80.],
       [80.],
       [80.],
       [80.],
       [80.],
       [80.],
       [80.],
       [80.],
       [80.],
       [80.],
       [80.],
       [80.],
       [80.],
       [80.],
       [80.],
       [80.],
       [80.],
       [80.],
       [80.],
       [80.],
       [80.],
       [80.],
       [80.],
       [80.],
       [80.],
       [80.],
       [80.],
       [80.],
       [80.],
       [80.],
       [80.],
       [80.],
       [80.],
       [80.],
       [80.],
       [80.],
       [80.],
       [80.],
       [80.],
       [80.],
       [80.],
       [80.],
       [80.],
       [80.],
       [80.],
       [80.],
       [80.],
       [80.],
       [80.],
       [80.],
       [80.],
       [80.],
       [80.],
       [80.],
       [80.],
       [80.],
       [80.],
       [80.],
       [80.],
       [80.],
       [80.],
       [80.],
       [80.],
       [80.],
       [80.],
       [80.],
       [80.],
       [80.],
       [80.],
       [80.],
       [80.],
       [80.],
       [80.],
       [80.],
       [80.],
       [80.],
       [80.],
       [80.],
       [80.],
       [80.],
       [80.],
       [80.],
       [80.],
       [80.],
       [80.],
       [80.],
       [80.],
       [80.],
       [80.],
       [80.],
       [80.],
       [80.],
       [80.],
       [80.],
       [80.],
       [80.],
       [80.],
       [80.],
       [80.],
       [80.],
       [80.],
       [80.],
       [80.],
       [80.],
       [80.],
       [80.],
       [80.],
       [80.],
       [80.],
       [80.],
       [80.],
       [80.],
       [80.],
       [80.],
       [80.],
       [80.],
       [80.],
       [80.],
       [80.],
       [80.],
       [80.],
       [80.],
       [80.],
       [80.],
       [80.],
       [80.],
       [80.],
       [80.],
       [80.],
       [80.],
       [80.],
       [80.],
       [80.],
       [80.],
       [80.],
       [80.],
       [80.],
       [80.],
       [80.],
       [80.],
       [80.],
       [80.],
       [80.],
       [80.],
       [80.],
       [80.],
       [80.],
       [80.],
       [80.],
       [80.],
       [80.],
       [80.],
       [80.],
       [80.],
       [80.],
       [80.],
       [80.],
       [80.],
       [80.],
       [80.],
       [80.],
       [80.],
       [80.],
       [80.],
       [80.],
       [80.],
       [80.],
       [80.],
       [80.],
       [80.],
       [80.],
       [80.],
       [80.],
       [80.],
       [80.],
       [80.],
       [80.],
       [80.],
       [80.],
       [80.],
       [80.],
       [80.],
       [80.],
       [80.],
       [80.],
       [80.],
       [80.],
       [80.],
       [80.],
       [80.],
       [80.],
       [80.],
       [80.],
       [80.],
       [80.],
       [80.],
       [80.],
       [80.],
       [80.],
       [80.],
       [80.],
       [80.],
       [80.],
       [80.],
       [80.],
       [80.],
       [80.],
       [80.],
       [80.],
       [80.],
       [80.],
       [80.],
       [80.],
       [80.],
       [80.],
       [80.],
       [80.],
       [80.],
       [80.],
       [80.],
       [80.],
       [80.],
       [80.],
       [80.],
       [80.],
       [80.],
       [80.],
       [80.],
       [80.],
       [80.],
       [80.],
       [80.],
       [80.],
       [80.],
       [80.],
       [80.],
       [80.],
       [80.],
       [80.],
       [80.],
       [80.],
       [80.],
       [80.],
       [80.],
       [80.],
       [80.],
       [80.],
       [80.],
       [80.],
       [80.],
       [80.],
       [80.],
       [80.],
       [80.],
       [80.],
       [80.],
       [80.],
       [80.],
       [80.],
       [80.],
       [80.],
       [80.],
       [80.],
       [80.],
       [80.],
       [80.],
       [80.],
       [80.],
       [80.],
       [80.],
       [80.],
       [80.],
       [80.],
       [80.],
       [80.],
       [80.],
       [80.],
       [80.],
       [80.],
       [80.],
       [80.],
       [80.],
       [80.],
       [80.],
       [80.],
       [80.],
       [80.],
       [80.],
       [80.],
       [80.],
       [80.],
       [80.],
       [80.],
       [80.],
       [80.],
       [80.],
       [80.],
       [80.],
       [80.],
       [80.],
       [80.],
       [80.],
       [80.],
       [80.],
       [80.],
       [80.],
       [80.],
       [80.],
       [80.],
       [80.],
       [80.],
       [80.],
       [80.],
       [80.],
       [80.],
       [80.],
       [80.],
       [80.],
       [80.],
       [80.],
       [80.],
       [80.],
       [80.],
       [80.],
       [80.]]), 'dt': 0.01, 'N': 400, 'l': 1e-05}","{'Q': 263.1578947368421, 'gbar': 2.1052631578947367, 'T': 10000, 'supervisor': array([[-1.89214982e-17],
       [ 4.44288287e-04],
       [ 8.88576529e-04],
       ...,
       [-1.33286468e-03],
       [-8.88576529e-04],
       [-4.44288287e-04]]), 'BIAS': array([[80.],
       [80.],
       [80.],
       [80.],
       [80.],
       [80.],
       [80.],
       [80.],
       [80.],
       [80.],
       [80.],
       [80.],
       [80.],
       [80.],
       [80.],
       [80.],
       [80.],
       [80.],
       [80.],
       [80.],
       [80.],
       [80.],
       [80.],
       [80.],
       [80.],
       [80.],
       [80.],
       [80.],
       [80.],
       [80.],
       [80.],
       [80.],
       [80.],
       [80.],
       [80.],
       [80.],
       [80.],
       [80.],
       [80.],
       [80.],
       [80.],
       [80.],
       [80.],
       [80.],
       [80.],
       [80.],
       [80.],
       [80.],
       [80.],
       [80.],
       [80.],
       [80.],
       [80.],
       [80.],
       [80.],
       [80.],
       [80.],
       [80.],
       [80.],
       [80.],
       [80.],
       [80.],
       [80.],
       [80.],
       [80.],
       [80.],
       [80.],
       [80.],
       [80.],
       [80.],
       [80.],
       [80.],
       [80.],
       [80.],
       [80.],
       [80.],
       [80.],
       [80.],
       [80.],
       [80.],
       [80.],
       [80.],
       [80.],
       [80.],
       [80.],
       [80.],
       [80.],
       [80.],
       [80.],
       [80.],
       [80.],
       [80.],
       [80.],
       [80.],
       [80.],
       [80.],
       [80.],
       [80.],
       [80.],
       [80.],
       [80.],
       [80.],
       [80.],
       [80.],
       [80.],
       [80.],
       [80.],
       [80.],
       [80.],
       [80.],
       [80.],
       [80.],
       [80.],
       [80.],
       [80.],
       [80.],
       [80.],
       [80.],
       [80.],
       [80.],
       [80.],
       [80.],
       [80.],
       [80.],
       [80.],
       [80.],
       [80.],
       [80.],
       [80.],
       [80.],
       [80.],
       [80.],
       [80.],
       [80.],
       [80.],
       [80.],
       [80.],
       [80.],
       [80.],
       [80.],
       [80.],
       [80.],
       [80.],
       [80.],
       [80.],
       [80.],
       [80.],
       [80.],
       [80.],
       [80.],
       [80.],
       [80.],
       [80.],
       [80.],
       [80.],
       [80.],
       [80.],
       [80.],
       [80.],
       [80.],
       [80.],
       [80.],
       [80.],
       [80.],
       [80.],
       [80.],
       [80.],
       [80.],
       [80.],
       [80.],
       [80.],
       [80.],
       [80.],
       [80.],
       [80.],
       [80.],
       [80.],
       [80.],
       [80.],
       [80.],
       [80.],
       [80.],
       [80.],
       [80.],
       [80.],
       [80.],
       [80.],
       [80.],
       [80.],
       [80.],
       [80.],
       [80.],
       [80.],
       [80.],
       [80.],
       [80.],
       [80.],
       [80.],
       [80.],
       [80.],
       [80.],
       [80.],
       [80.],
       [80.],
       [80.],
       [80.],
       [80.],
       [80.],
       [80.],
       [80.],
       [80.],
       [80.],
       [80.],
       [80.],
       [80.],
       [80.],
       [80.],
       [80.],
       [80.],
       [80.],
       [80.],
       [80.],
       [80.],
       [80.],
       [80.],
       [80.],
       [80.],
       [80.],
       [80.],
       [80.],
       [80.],
       [80.],
       [80.],
       [80.],
       [80.],
       [80.],
       [80.],
       [80.],
       [80.],
       [80.],
       [80.],
       [80.],
       [80.],
       [80.],
       [80.],
       [80.],
       [80.],
       [80.],
       [80.],
       [80.],
       [80.],
       [80.],
       [80.],
       [80.],
       [80.],
       [80.],
       [80.],
       [80.],
       [80.],
       [80.],
       [80.],
       [80.],
       [80.],
       [80.],
       [80.],
       [80.],
       [80.],
       [80.],
       [80.],
       [80.],
       [80.],
       [80.],
       [80.],
       [80.],
       [80.],
       [80.],
       [80.],
       [80.],
       [80.],
       [80.],
       [80.],
       [80.],
       [80.],
       [80.],
       [80.],
       [80.],
       [80.],
       [80.],
       [80.],
       [80.],
       [80.],
       [80.],
       [80.],
       [80.],
       [80.],
       [80.],
       [80.],
       [80.],
       [80.],
       [80.],
       [80.],
       [80.],
       [80.],
       [80.],
       [80.],
       [80.],
       [80.],
       [80.],
       [80.],
       [80.],
       [80.],
       [80.],
       [80.],
       [80.],
       [80.],
       [80.],
       [80.],
       [80.],
       [80.],
       [80.],
       [80.],
       [80.],
       [80.],
       [80.],
       [80.],
       [80.],
       [80.],
       [80.],
       [80.],
       [80.],
       [80.],
       [80.],
       [80.],
       [80.],
       [80.],
       [80.],
       [80.],
       [80.],
       [80.],
       [80.],
       [80.],
       [80.],
       [80.],
       [80.],
       [80.],
       [80.],
       [80.],
       [80.],
       [80.],
       [80.],
       [80.],
       [80.],
       [80.],
       [80.],
       [80.],
       [80.],
       [80.],
       [80.],
       [80.],
       [80.],
       [80.],
       [80.],
       [80.],
       [80.],
       [80.],
       [80.],
       [80.],
       [80.],
       [80.],
       [80.],
       [80.],
       [80.],
       [80.],
       [80.],
       [80.],
       [80.],
       [80.],
       [80.],
       [80.],
       [80.],
       [80.],
       [80.],
       [80.],
       [80.],
       [80.],
       [80.],
       [80.],
       [80.],
       [80.],
       [80.],
       [80.],
       [80.],
       [80.],
       [80.],
       [80.],
       [80.],
       [80.],
       [80.],
       [80.],
       [80.]]), 'dt': 0.01, 'N': 400, 'l': 1e-05}","{'Q': 263.1578947368421, 'gbar': 3.1578947368421053, 'T': 10000, 'supervisor': array([[-1.89214982e-17],
       [ 4.44288287e-04],
       [ 8.88576529e-04],
       ...,
       [-1.33286468e-03],
       [-8.88576529e-04],
       [-4.44288287e-04]]), 'BIAS': array([[80.],
       [80.],
       [80.],
       [80.],
       [80.],
       [80.],
       [80.],
       [80.],
       [80.],
       [80.],
       [80.],
       [80.],
       [80.],
       [80.],
       [80.],
       [80.],
       [80.],
       [80.],
       [80.],
       [80.],
       [80.],
       [80.],
       [80.],
       [80.],
       [80.],
       [80.],
       [80.],
       [80.],
       [80.],
       [80.],
       [80.],
       [80.],
       [80.],
       [80.],
       [80.],
       [80.],
       [80.],
       [80.],
       [80.],
       [80.],
       [80.],
       [80.],
       [80.],
       [80.],
       [80.],
       [80.],
       [80.],
       [80.],
       [80.],
       [80.],
       [80.],
       [80.],
       [80.],
       [80.],
       [80.],
       [80.],
       [80.],
       [80.],
       [80.],
       [80.],
       [80.],
       [80.],
       [80.],
       [80.],
       [80.],
       [80.],
       [80.],
       [80.],
       [80.],
       [80.],
       [80.],
       [80.],
       [80.],
       [80.],
       [80.],
       [80.],
       [80.],
       [80.],
       [80.],
       [80.],
       [80.],
       [80.],
       [80.],
       [80.],
       [80.],
       [80.],
       [80.],
       [80.],
       [80.],
       [80.],
       [80.],
       [80.],
       [80.],
       [80.],
       [80.],
       [80.],
       [80.],
       [80.],
       [80.],
       [80.],
       [80.],
       [80.],
       [80.],
       [80.],
       [80.],
       [80.],
       [80.],
       [80.],
       [80.],
       [80.],
       [80.],
       [80.],
       [80.],
       [80.],
       [80.],
       [80.],
       [80.],
       [80.],
       [80.],
       [80.],
       [80.],
       [80.],
       [80.],
       [80.],
       [80.],
       [80.],
       [80.],
       [80.],
       [80.],
       [80.],
       [80.],
       [80.],
       [80.],
       [80.],
       [80.],
       [80.],
       [80.],
       [80.],
       [80.],
       [80.],
       [80.],
       [80.],
       [80.],
       [80.],
       [80.],
       [80.],
       [80.],
       [80.],
       [80.],
       [80.],
       [80.],
       [80.],
       [80.],
       [80.],
       [80.],
       [80.],
       [80.],
       [80.],
       [80.],
       [80.],
       [80.],
       [80.],
       [80.],
       [80.],
       [80.],
       [80.],
       [80.],
       [80.],
       [80.],
       [80.],
       [80.],
       [80.],
       [80.],
       [80.],
       [80.],
       [80.],
       [80.],
       [80.],
       [80.],
       [80.],
       [80.],
       [80.],
       [80.],
       [80.],
       [80.],
       [80.],
       [80.],
       [80.],
       [80.],
       [80.],
       [80.],
       [80.],
       [80.],
       [80.],
       [80.],
       [80.],
       [80.],
       [80.],
       [80.],
       [80.],
       [80.],
       [80.],
       [80.],
       [80.],
       [80.],
       [80.],
       [80.],
       [80.],
       [80.],
       [80.],
       [80.],
       [80.],
       [80.],
       [80.],
       [80.],
       [80.],
       [80.],
       [80.],
       [80.],
       [80.],
       [80.],
       [80.],
       [80.],
       [80.],
       [80.],
       [80.],
       [80.],
       [80.],
       [80.],
       [80.],
       [80.],
       [80.],
       [80.],
       [80.],
       [80.],
       [80.],
       [80.],
       [80.],
       [80.],
       [80.],
       [80.],
       [80.],
       [80.],
       [80.],
       [80.],
       [80.],
       [80.],
       [80.],
       [80.],
       [80.],
       [80.],
       [80.],
       [80.],
       [80.],
       [80.],
       [80.],
       [80.],
       [80.],
       [80.],
       [80.],
       [80.],
       [80.],
       [80.],
       [80.],
       [80.],
       [80.],
       [80.],
       [80.],
       [80.],
       [80.],
       [80.],
       [80.],
       [80.],
       [80.],
       [80.],
       [80.],
       [80.],
       [80.],
       [80.],
       [80.],
       [80.],
       [80.],
       [80.],
       [80.],
       [80.],
       [80.],
       [80.],
       [80.],
       [80.],
       [80.],
       [80.],
       [80.],
       [80.],
       [80.],
       [80.],
       [80.],
       [80.],
       [80.],
       [80.],
       [80.],
       [80.],
       [80.],
       [80.],
       [80.],
       [80.],
       [80.],
       [80.],
       [80.],
       [80.],
       [80.],
       [80.],
       [80.],
       [80.],
       [80.],
       [80.],
       [80.],
       [80.],
       [80.],
       [80.],
       [80.],
       [80.],
       [80.],
       [80.],
       [80.],
       [80.],
       [80.],
       [80.],
       [80.],
       [80.],
       [80.],
       [80.],
       [80.],
       [80.],
       [80.],
       [80.],
       [80.],
       [80.],
       [80.],
       [80.],
       [80.],
       [80.],
       [80.],
       [80.],
       [80.],
       [80.],
       [80.],
       [80.],
       [80.],
       [80.],
       [80.],
       [80.],
       [80.],
       [80.],
       [80.],
       [80.],
       [80.],
       [80.],
       [80.],
       [80.],
       [80.],
       [80.],
       [80.],
       [80.],
       [80.],
       [80.],
       [80.],
       [80.],
       [80.],
       [80.],
       [80.],
       [80.],
       [80.],
       [80.],
       [80.],
       [80.],
       [80.],
       [80.],
       [80.],
       [80.],
       [80.],
       [80.],
       [80.],
       [80.],
       [80.],
       [80.],
       [80.],
       [80.],
       [80.],
       [80.],
       [80.],
       [80.],
       [80.],
       [80.],
       [80.],
       [80.],
       [80.],
       [80.],
       [80.],
       [80.],
       [80.]]), 'dt': 0.01, 'N': 400, 'l': 1e-05}","{'Q': 263.1578947368421, 'gbar': 4.2105263157894735, 'T': 10000, 'supervisor': array([[-1.89214982e-17],
       [ 4.44288287e-04],
       [ 8.88576529e-04],
       ...,
       [-1.33286468e-03],
       [-8.88576529e-04],
       [-4.44288287e-04]]), 'BIAS': array([[80.],
       [80.],
       [80.],
       [80.],
       [80.],
       [80.],
       [80.],
       [80.],
       [80.],
       [80.],
       [80.],
       [80.],
       [80.],
       [80.],
       [80.],
       [80.],
       [80.],
       [80.],
       [80.],
       [80.],
       [80.],
       [80.],
       [80.],
       [80.],
       [80.],
       [80.],
       [80.],
       [80.],
       [80.],
       [80.],
       [80.],
       [80.],
       [80.],
       [80.],
       [80.],
       [80.],
       [80.],
       [80.],
       [80.],
       [80.],
       [80.],
       [80.],
       [80.],
       [80.],
       [80.],
       [80.],
       [80.],
       [80.],
       [80.],
       [80.],
       [80.],
       [80.],
       [80.],
       [80.],
       [80.],
       [80.],
       [80.],
       [80.],
       [80.],
       [80.],
       [80.],
       [80.],
       [80.],
       [80.],
       [80.],
       [80.],
       [80.],
       [80.],
       [80.],
       [80.],
       [80.],
       [80.],
       [80.],
       [80.],
       [80.],
       [80.],
       [80.],
       [80.],
       [80.],
       [80.],
       [80.],
       [80.],
       [80.],
       [80.],
       [80.],
       [80.],
       [80.],
       [80.],
       [80.],
       [80.],
       [80.],
       [80.],
       [80.],
       [80.],
       [80.],
       [80.],
       [80.],
       [80.],
       [80.],
       [80.],
       [80.],
       [80.],
       [80.],
       [80.],
       [80.],
       [80.],
       [80.],
       [80.],
       [80.],
       [80.],
       [80.],
       [80.],
       [80.],
       [80.],
       [80.],
       [80.],
       [80.],
       [80.],
       [80.],
       [80.],
       [80.],
       [80.],
       [80.],
       [80.],
       [80.],
       [80.],
       [80.],
       [80.],
       [80.],
       [80.],
       [80.],
       [80.],
       [80.],
       [80.],
       [80.],
       [80.],
       [80.],
       [80.],
       [80.],
       [80.],
       [80.],
       [80.],
       [80.],
       [80.],
       [80.],
       [80.],
       [80.],
       [80.],
       [80.],
       [80.],
       [80.],
       [80.],
       [80.],
       [80.],
       [80.],
       [80.],
       [80.],
       [80.],
       [80.],
       [80.],
       [80.],
       [80.],
       [80.],
       [80.],
       [80.],
       [80.],
       [80.],
       [80.],
       [80.],
       [80.],
       [80.],
       [80.],
       [80.],
       [80.],
       [80.],
       [80.],
       [80.],
       [80.],
       [80.],
       [80.],
       [80.],
       [80.],
       [80.],
       [80.],
       [80.],
       [80.],
       [80.],
       [80.],
       [80.],
       [80.],
       [80.],
       [80.],
       [80.],
       [80.],
       [80.],
       [80.],
       [80.],
       [80.],
       [80.],
       [80.],
       [80.],
       [80.],
       [80.],
       [80.],
       [80.],
       [80.],
       [80.],
       [80.],
       [80.],
       [80.],
       [80.],
       [80.],
       [80.],
       [80.],
       [80.],
       [80.],
       [80.],
       [80.],
       [80.],
       [80.],
       [80.],
       [80.],
       [80.],
       [80.],
       [80.],
       [80.],
       [80.],
       [80.],
       [80.],
       [80.],
       [80.],
       [80.],
       [80.],
       [80.],
       [80.],
       [80.],
       [80.],
       [80.],
       [80.],
       [80.],
       [80.],
       [80.],
       [80.],
       [80.],
       [80.],
       [80.],
       [80.],
       [80.],
       [80.],
       [80.],
       [80.],
       [80.],
       [80.],
       [80.],
       [80.],
       [80.],
       [80.],
       [80.],
       [80.],
       [80.],
       [80.],
       [80.],
       [80.],
       [80.],
       [80.],
       [80.],
       [80.],
       [80.],
       [80.],
       [80.],
       [80.],
       [80.],
       [80.],
       [80.],
       [80.],
       [80.],
       [80.],
       [80.],
       [80.],
       [80.],
       [80.],
       [80.],
       [80.],
       [80.],
       [80.],
       [80.],
       [80.],
       [80.],
       [80.],
       [80.],
       [80.],
       [80.],
       [80.],
       [80.],
       [80.],
       [80.],
       [80.],
       [80.],
       [80.],
       [80.],
       [80.],
       [80.],
       [80.],
       [80.],
       [80.],
       [80.],
       [80.],
       [80.],
       [80.],
       [80.],
       [80.],
       [80.],
       [80.],
       [80.],
       [80.],
       [80.],
       [80.],
       [80.],
       [80.],
       [80.],
       [80.],
       [80.],
       [80.],
       [80.],
       [80.],
       [80.],
       [80.],
       [80.],
       [80.],
       [80.],
       [80.],
       [80.],
       [80.],
       [80.],
       [80.],
       [80.],
       [80.],
       [80.],
       [80.],
       [80.],
       [80.],
       [80.],
       [80.],
       [80.],
       [80.],
       [80.],
       [80.],
       [80.],
       [80.],
       [80.],
       [80.],
       [80.],
       [80.],
       [80.],
       [80.],
       [80.],
       [80.],
       [80.],
       [80.],
       [80.],
       [80.],
       [80.],
       [80.],
       [80.],
       [80.],
       [80.],
       [80.],
       [80.],
       [80.],
       [80.],
       [80.],
       [80.],
       [80.],
       [80.],
       [80.],
       [80.],
       [80.],
       [80.],
       [80.],
       [80.],
       [80.],
       [80.],
       [80.],
       [80.],
       [80.],
       [80.],
       [80.],
       [80.],
       [80.],
       [80.],
       [80.],
       [80.],
       [80.],
       [80.],
       [80.],
       [80.],
       [80.],
       [80.],
       [80.],
       [80.]]), 'dt': 0.01, 'N': 400, 'l': 1e-05}","{'Q': 263.1578947368421, 'gbar': 5.263157894736842, 'T': 10000, 'supervisor': array([[-1.89214982e-17],
       [ 4.44288287e-04],
       [ 8.88576529e-04],
       ...,
       [-1.33286468e-03],
       [-8.88576529e-04],
       [-4.44288287e-04]]), 'BIAS': array([[80.],
       [80.],
       [80.],
       [80.],
       [80.],
       [80.],
       [80.],
       [80.],
       [80.],
       [80.],
       [80.],
       [80.],
       [80.],
       [80.],
       [80.],
       [80.],
       [80.],
       [80.],
       [80.],
       [80.],
       [80.],
       [80.],
       [80.],
       [80.],
       [80.],
       [80.],
       [80.],
       [80.],
       [80.],
       [80.],
       [80.],
       [80.],
       [80.],
       [80.],
       [80.],
       [80.],
       [80.],
       [80.],
       [80.],
       [80.],
       [80.],
       [80.],
       [80.],
       [80.],
       [80.],
       [80.],
       [80.],
       [80.],
       [80.],
       [80.],
       [80.],
       [80.],
       [80.],
       [80.],
       [80.],
       [80.],
       [80.],
       [80.],
       [80.],
       [80.],
       [80.],
       [80.],
       [80.],
       [80.],
       [80.],
       [80.],
       [80.],
       [80.],
       [80.],
       [80.],
       [80.],
       [80.],
       [80.],
       [80.],
       [80.],
       [80.],
       [80.],
       [80.],
       [80.],
       [80.],
       [80.],
       [80.],
       [80.],
       [80.],
       [80.],
       [80.],
       [80.],
       [80.],
       [80.],
       [80.],
       [80.],
       [80.],
       [80.],
       [80.],
       [80.],
       [80.],
       [80.],
       [80.],
       [80.],
       [80.],
       [80.],
       [80.],
       [80.],
       [80.],
       [80.],
       [80.],
       [80.],
       [80.],
       [80.],
       [80.],
       [80.],
       [80.],
       [80.],
       [80.],
       [80.],
       [80.],
       [80.],
       [80.],
       [80.],
       [80.],
       [80.],
       [80.],
       [80.],
       [80.],
       [80.],
       [80.],
       [80.],
       [80.],
       [80.],
       [80.],
       [80.],
       [80.],
       [80.],
       [80.],
       [80.],
       [80.],
       [80.],
       [80.],
       [80.],
       [80.],
       [80.],
       [80.],
       [80.],
       [80.],
       [80.],
       [80.],
       [80.],
       [80.],
       [80.],
       [80.],
       [80.],
       [80.],
       [80.],
       [80.],
       [80.],
       [80.],
       [80.],
       [80.],
       [80.],
       [80.],
       [80.],
       [80.],
       [80.],
       [80.],
       [80.],
       [80.],
       [80.],
       [80.],
       [80.],
       [80.],
       [80.],
       [80.],
       [80.],
       [80.],
       [80.],
       [80.],
       [80.],
       [80.],
       [80.],
       [80.],
       [80.],
       [80.],
       [80.],
       [80.],
       [80.],
       [80.],
       [80.],
       [80.],
       [80.],
       [80.],
       [80.],
       [80.],
       [80.],
       [80.],
       [80.],
       [80.],
       [80.],
       [80.],
       [80.],
       [80.],
       [80.],
       [80.],
       [80.],
       [80.],
       [80.],
       [80.],
       [80.],
       [80.],
       [80.],
       [80.],
       [80.],
       [80.],
       [80.],
       [80.],
       [80.],
       [80.],
       [80.],
       [80.],
       [80.],
       [80.],
       [80.],
       [80.],
       [80.],
       [80.],
       [80.],
       [80.],
       [80.],
       [80.],
       [80.],
       [80.],
       [80.],
       [80.],
       [80.],
       [80.],
       [80.],
       [80.],
       [80.],
       [80.],
       [80.],
       [80.],
       [80.],
       [80.],
       [80.],
       [80.],
       [80.],
       [80.],
       [80.],
       [80.],
       [80.],
       [80.],
       [80.],
       [80.],
       [80.],
       [80.],
       [80.],
       [80.],
       [80.],
       [80.],
       [80.],
       [80.],
       [80.],
       [80.],
       [80.],
       [80.],
       [80.],
       [80.],
       [80.],
       [80.],
       [80.],
       [80.],
       [80.],
       [80.],
       [80.],
       [80.],
       [80.],
       [80.],
       [80.],
       [80.],
       [80.],
       [80.],
       [80.],
       [80.],
       [80.],
       [80.],
       [80.],
       [80.],
       [80.],
       [80.],
       [80.],
       [80.],
       [80.],
       [80.],
       [80.],
       [80.],
       [80.],
       [80.],
       [80.],
       [80.],
       [80.],
       [80.],
       [80.],
       [80.],
       [80.],
       [80.],
       [80.],
       [80.],
       [80.],
       [80.],
       [80.],
       [80.],
       [80.],
       [80.],
       [80.],
       [80.],
       [80.],
       [80.],
       [80.],
       [80.],
       [80.],
       [80.],
       [80.],
       [80.],
       [80.],
       [80.],
       [80.],
       [80.],
       [80.],
       [80.],
       [80.],
       [80.],
       [80.],
       [80.],
       [80.],
       [80.],
       [80.],
       [80.],
       [80.],
       [80.],
       [80.],
       [80.],
       [80.],
       [80.],
       [80.],
       [80.],
       [80.],
       [80.],
       [80.],
       [80.],
       [80.],
       [80.],
       [80.],
       [80.],
       [80.],
       [80.],
       [80.],
       [80.],
       [80.],
       [80.],
       [80.],
       [80.],
       [80.],
       [80.],
       [80.],
       [80.],
       [80.],
       [80.],
       [80.],
       [80.],
       [80.],
       [80.],
       [80.],
       [80.],
       [80.],
       [80.],
       [80.],
       [80.],
       [80.],
       [80.],
       [80.],
       [80.],
       [80.],
       [80.],
       [80.],
       [80.],
       [80.],
       [80.],
       [80.],
       [80.],
       [80.],
       [80.],
       [80.],
       [80.],
       [80.],
       [80.],
       [80.],
       [80.],
       [80.],
       [80.],
       [80.],
       [80.]]), 'dt': 0.01, 'N': 400, 'l': 1e-05}","{'Q': 263.1578947368421, 'gbar': 6.315789473684211, 'T': 10000, 'supervisor': array([[-1.89214982e-17],
       [ 4.44288287e-04],
       [ 8.88576529e-04],
       ...,
       [-1.33286468e-03],
       [-8.88576529e-04],
       [-4.44288287e-04]]), 'BIAS': array([[80.],
       [80.],
       [80.],
       [80.],
       [80.],
       [80.],
       [80.],
       [80.],
       [80.],
       [80.],
       [80.],
       [80.],
       [80.],
       [80.],
       [80.],
       [80.],
       [80.],
       [80.],
       [80.],
       [80.],
       [80.],
       [80.],
       [80.],
       [80.],
       [80.],
       [80.],
       [80.],
       [80.],
       [80.],
       [80.],
       [80.],
       [80.],
       [80.],
       [80.],
       [80.],
       [80.],
       [80.],
       [80.],
       [80.],
       [80.],
       [80.],
       [80.],
       [80.],
       [80.],
       [80.],
       [80.],
       [80.],
       [80.],
       [80.],
       [80.],
       [80.],
       [80.],
       [80.],
       [80.],
       [80.],
       [80.],
       [80.],
       [80.],
       [80.],
       [80.],
       [80.],
       [80.],
       [80.],
       [80.],
       [80.],
       [80.],
       [80.],
       [80.],
       [80.],
       [80.],
       [80.],
       [80.],
       [80.],
       [80.],
       [80.],
       [80.],
       [80.],
       [80.],
       [80.],
       [80.],
       [80.],
       [80.],
       [80.],
       [80.],
       [80.],
       [80.],
       [80.],
       [80.],
       [80.],
       [80.],
       [80.],
       [80.],
       [80.],
       [80.],
       [80.],
       [80.],
       [80.],
       [80.],
       [80.],
       [80.],
       [80.],
       [80.],
       [80.],
       [80.],
       [80.],
       [80.],
       [80.],
       [80.],
       [80.],
       [80.],
       [80.],
       [80.],
       [80.],
       [80.],
       [80.],
       [80.],
       [80.],
       [80.],
       [80.],
       [80.],
       [80.],
       [80.],
       [80.],
       [80.],
       [80.],
       [80.],
       [80.],
       [80.],
       [80.],
       [80.],
       [80.],
       [80.],
       [80.],
       [80.],
       [80.],
       [80.],
       [80.],
       [80.],
       [80.],
       [80.],
       [80.],
       [80.],
       [80.],
       [80.],
       [80.],
       [80.],
       [80.],
       [80.],
       [80.],
       [80.],
       [80.],
       [80.],
       [80.],
       [80.],
       [80.],
       [80.],
       [80.],
       [80.],
       [80.],
       [80.],
       [80.],
       [80.],
       [80.],
       [80.],
       [80.],
       [80.],
       [80.],
       [80.],
       [80.],
       [80.],
       [80.],
       [80.],
       [80.],
       [80.],
       [80.],
       [80.],
       [80.],
       [80.],
       [80.],
       [80.],
       [80.],
       [80.],
       [80.],
       [80.],
       [80.],
       [80.],
       [80.],
       [80.],
       [80.],
       [80.],
       [80.],
       [80.],
       [80.],
       [80.],
       [80.],
       [80.],
       [80.],
       [80.],
       [80.],
       [80.],
       [80.],
       [80.],
       [80.],
       [80.],
       [80.],
       [80.],
       [80.],
       [80.],
       [80.],
       [80.],
       [80.],
       [80.],
       [80.],
       [80.],
       [80.],
       [80.],
       [80.],
       [80.],
       [80.],
       [80.],
       [80.],
       [80.],
       [80.],
       [80.],
       [80.],
       [80.],
       [80.],
       [80.],
       [80.],
       [80.],
       [80.],
       [80.],
       [80.],
       [80.],
       [80.],
       [80.],
       [80.],
       [80.],
       [80.],
       [80.],
       [80.],
       [80.],
       [80.],
       [80.],
       [80.],
       [80.],
       [80.],
       [80.],
       [80.],
       [80.],
       [80.],
       [80.],
       [80.],
       [80.],
       [80.],
       [80.],
       [80.],
       [80.],
       [80.],
       [80.],
       [80.],
       [80.],
       [80.],
       [80.],
       [80.],
       [80.],
       [80.],
       [80.],
       [80.],
       [80.],
       [80.],
       [80.],
       [80.],
       [80.],
       [80.],
       [80.],
       [80.],
       [80.],
       [80.],
       [80.],
       [80.],
       [80.],
       [80.],
       [80.],
       [80.],
       [80.],
       [80.],
       [80.],
       [80.],
       [80.],
       [80.],
       [80.],
       [80.],
       [80.],
       [80.],
       [80.],
       [80.],
       [80.],
       [80.],
       [80.],
       [80.],
       [80.],
       [80.],
       [80.],
       [80.],
       [80.],
       [80.],
       [80.],
       [80.],
       [80.],
       [80.],
       [80.],
       [80.],
       [80.],
       [80.],
       [80.],
       [80.],
       [80.],
       [80.],
       [80.],
       [80.],
       [80.],
       [80.],
       [80.],
       [80.],
       [80.],
       [80.],
       [80.],
       [80.],
       [80.],
       [80.],
       [80.],
       [80.],
       [80.],
       [80.],
       [80.],
       [80.],
       [80.],
       [80.],
       [80.],
       [80.],
       [80.],
       [80.],
       [80.],
       [80.],
       [80.],
       [80.],
       [80.],
       [80.],
       [80.],
       [80.],
       [80.],
       [80.],
       [80.],
       [80.],
       [80.],
       [80.],
       [80.],
       [80.],
       [80.],
       [80.],
       [80.],
       [80.],
       [80.],
       [80.],
       [80.],
       [80.],
       [80.],
       [80.],
       [80.],
       [80.],
       [80.],
       [80.],
       [80.],
       [80.],
       [80.],
       [80.],
       [80.],
       [80.],
       [80.],
       [80.],
       [80.],
       [80.],
       [80.],
       [80.],
       [80.],
       [80.],
       [80.],
       [80.],
       [80.],
       [80.],
       [80.],
       [80.],
       [80.],
       [80.],
       [80.],
       [80.],
       [80.],
       [80.],
       [80.]]), 'dt': 0.01, 'N': 400, 'l': 1e-05}","{'Q': 263.1578947368421, 'gbar': 7.368421052631579, 'T': 10000, 'supervisor': array([[-1.89214982e-17],
       [ 4.44288287e-04],
       [ 8.88576529e-04],
       ...,
       [-1.33286468e-03],
       [-8.88576529e-04],
       [-4.44288287e-04]]), 'BIAS': array([[80.],
       [80.],
       [80.],
       [80.],
       [80.],
       [80.],
       [80.],
       [80.],
       [80.],
       [80.],
       [80.],
       [80.],
       [80.],
       [80.],
       [80.],
       [80.],
       [80.],
       [80.],
       [80.],
       [80.],
       [80.],
       [80.],
       [80.],
       [80.],
       [80.],
       [80.],
       [80.],
       [80.],
       [80.],
       [80.],
       [80.],
       [80.],
       [80.],
       [80.],
       [80.],
       [80.],
       [80.],
       [80.],
       [80.],
       [80.],
       [80.],
       [80.],
       [80.],
       [80.],
       [80.],
       [80.],
       [80.],
       [80.],
       [80.],
       [80.],
       [80.],
       [80.],
       [80.],
       [80.],
       [80.],
       [80.],
       [80.],
       [80.],
       [80.],
       [80.],
       [80.],
       [80.],
       [80.],
       [80.],
       [80.],
       [80.],
       [80.],
       [80.],
       [80.],
       [80.],
       [80.],
       [80.],
       [80.],
       [80.],
       [80.],
       [80.],
       [80.],
       [80.],
       [80.],
       [80.],
       [80.],
       [80.],
       [80.],
       [80.],
       [80.],
       [80.],
       [80.],
       [80.],
       [80.],
       [80.],
       [80.],
       [80.],
       [80.],
       [80.],
       [80.],
       [80.],
       [80.],
       [80.],
       [80.],
       [80.],
       [80.],
       [80.],
       [80.],
       [80.],
       [80.],
       [80.],
       [80.],
       [80.],
       [80.],
       [80.],
       [80.],
       [80.],
       [80.],
       [80.],
       [80.],
       [80.],
       [80.],
       [80.],
       [80.],
       [80.],
       [80.],
       [80.],
       [80.],
       [80.],
       [80.],
       [80.],
       [80.],
       [80.],
       [80.],
       [80.],
       [80.],
       [80.],
       [80.],
       [80.],
       [80.],
       [80.],
       [80.],
       [80.],
       [80.],
       [80.],
       [80.],
       [80.],
       [80.],
       [80.],
       [80.],
       [80.],
       [80.],
       [80.],
       [80.],
       [80.],
       [80.],
       [80.],
       [80.],
       [80.],
       [80.],
       [80.],
       [80.],
       [80.],
       [80.],
       [80.],
       [80.],
       [80.],
       [80.],
       [80.],
       [80.],
       [80.],
       [80.],
       [80.],
       [80.],
       [80.],
       [80.],
       [80.],
       [80.],
       [80.],
       [80.],
       [80.],
       [80.],
       [80.],
       [80.],
       [80.],
       [80.],
       [80.],
       [80.],
       [80.],
       [80.],
       [80.],
       [80.],
       [80.],
       [80.],
       [80.],
       [80.],
       [80.],
       [80.],
       [80.],
       [80.],
       [80.],
       [80.],
       [80.],
       [80.],
       [80.],
       [80.],
       [80.],
       [80.],
       [80.],
       [80.],
       [80.],
       [80.],
       [80.],
       [80.],
       [80.],
       [80.],
       [80.],
       [80.],
       [80.],
       [80.],
       [80.],
       [80.],
       [80.],
       [80.],
       [80.],
       [80.],
       [80.],
       [80.],
       [80.],
       [80.],
       [80.],
       [80.],
       [80.],
       [80.],
       [80.],
       [80.],
       [80.],
       [80.],
       [80.],
       [80.],
       [80.],
       [80.],
       [80.],
       [80.],
       [80.],
       [80.],
       [80.],
       [80.],
       [80.],
       [80.],
       [80.],
       [80.],
       [80.],
       [80.],
       [80.],
       [80.],
       [80.],
       [80.],
       [80.],
       [80.],
       [80.],
       [80.],
       [80.],
       [80.],
       [80.],
       [80.],
       [80.],
       [80.],
       [80.],
       [80.],
       [80.],
       [80.],
       [80.],
       [80.],
       [80.],
       [80.],
       [80.],
       [80.],
       [80.],
       [80.],
       [80.],
       [80.],
       [80.],
       [80.],
       [80.],
       [80.],
       [80.],
       [80.],
       [80.],
       [80.],
       [80.],
       [80.],
       [80.],
       [80.],
       [80.],
       [80.],
       [80.],
       [80.],
       [80.],
       [80.],
       [80.],
       [80.],
       [80.],
       [80.],
       [80.],
       [80.],
       [80.],
       [80.],
       [80.],
       [80.],
       [80.],
       [80.],
       [80.],
       [80.],
       [80.],
       [80.],
       [80.],
       [80.],
       [80.],
       [80.],
       [80.],
       [80.],
       [80.],
       [80.],
       [80.],
       [80.],
       [80.],
       [80.],
       [80.],
       [80.],
       [80.],
       [80.],
       [80.],
       [80.],
       [80.],
       [80.],
       [80.],
       [80.],
       [80.],
       [80.],
       [80.],
       [80.],
       [80.],
       [80.],
       [80.],
       [80.],
       [80.],
       [80.],
       [80.],
       [80.],
       [80.],
       [80.],
       [80.],
       [80.],
       [80.],
       [80.],
       [80.],
       [80.],
       [80.],
       [80.],
       [80.],
       [80.],
       [80.],
       [80.],
       [80.],
       [80.],
       [80.],
       [80.],
       [80.],
       [80.],
       [80.],
       [80.],
       [80.],
       [80.],
       [80.],
       [80.],
       [80.],
       [80.],
       [80.],
       [80.],
       [80.],
       [80.],
       [80.],
       [80.],
       [80.],
       [80.],
       [80.],
       [80.],
       [80.],
       [80.],
       [80.],
       [80.],
       [80.],
       [80.],
       [80.],
       [80.],
       [80.],
       [80.],
       [80.],
       [80.],
       [80.],
       [80.],
       [80.],
       [80.],
       [80.]]), 'dt': 0.01, 'N': 400, 'l': 1e-05}","{'Q': 263.1578947368421, 'gbar': 8.421052631578947, 'T': 10000, 'supervisor': array([[-1.89214982e-17],
       [ 4.44288287e-04],
       [ 8.88576529e-04],
       ...,
       [-1.33286468e-03],
       [-8.88576529e-04],
       [-4.44288287e-04]]), 'BIAS': array([[80.],
       [80.],
       [80.],
       [80.],
       [80.],
       [80.],
       [80.],
       [80.],
       [80.],
       [80.],
       [80.],
       [80.],
       [80.],
       [80.],
       [80.],
       [80.],
       [80.],
       [80.],
       [80.],
       [80.],
       [80.],
       [80.],
       [80.],
       [80.],
       [80.],
       [80.],
       [80.],
       [80.],
       [80.],
       [80.],
       [80.],
       [80.],
       [80.],
       [80.],
       [80.],
       [80.],
       [80.],
       [80.],
       [80.],
       [80.],
       [80.],
       [80.],
       [80.],
       [80.],
       [80.],
       [80.],
       [80.],
       [80.],
       [80.],
       [80.],
       [80.],
       [80.],
       [80.],
       [80.],
       [80.],
       [80.],
       [80.],
       [80.],
       [80.],
       [80.],
       [80.],
       [80.],
       [80.],
       [80.],
       [80.],
       [80.],
       [80.],
       [80.],
       [80.],
       [80.],
       [80.],
       [80.],
       [80.],
       [80.],
       [80.],
       [80.],
       [80.],
       [80.],
       [80.],
       [80.],
       [80.],
       [80.],
       [80.],
       [80.],
       [80.],
       [80.],
       [80.],
       [80.],
       [80.],
       [80.],
       [80.],
       [80.],
       [80.],
       [80.],
       [80.],
       [80.],
       [80.],
       [80.],
       [80.],
       [80.],
       [80.],
       [80.],
       [80.],
       [80.],
       [80.],
       [80.],
       [80.],
       [80.],
       [80.],
       [80.],
       [80.],
       [80.],
       [80.],
       [80.],
       [80.],
       [80.],
       [80.],
       [80.],
       [80.],
       [80.],
       [80.],
       [80.],
       [80.],
       [80.],
       [80.],
       [80.],
       [80.],
       [80.],
       [80.],
       [80.],
       [80.],
       [80.],
       [80.],
       [80.],
       [80.],
       [80.],
       [80.],
       [80.],
       [80.],
       [80.],
       [80.],
       [80.],
       [80.],
       [80.],
       [80.],
       [80.],
       [80.],
       [80.],
       [80.],
       [80.],
       [80.],
       [80.],
       [80.],
       [80.],
       [80.],
       [80.],
       [80.],
       [80.],
       [80.],
       [80.],
       [80.],
       [80.],
       [80.],
       [80.],
       [80.],
       [80.],
       [80.],
       [80.],
       [80.],
       [80.],
       [80.],
       [80.],
       [80.],
       [80.],
       [80.],
       [80.],
       [80.],
       [80.],
       [80.],
       [80.],
       [80.],
       [80.],
       [80.],
       [80.],
       [80.],
       [80.],
       [80.],
       [80.],
       [80.],
       [80.],
       [80.],
       [80.],
       [80.],
       [80.],
       [80.],
       [80.],
       [80.],
       [80.],
       [80.],
       [80.],
       [80.],
       [80.],
       [80.],
       [80.],
       [80.],
       [80.],
       [80.],
       [80.],
       [80.],
       [80.],
       [80.],
       [80.],
       [80.],
       [80.],
       [80.],
       [80.],
       [80.],
       [80.],
       [80.],
       [80.],
       [80.],
       [80.],
       [80.],
       [80.],
       [80.],
       [80.],
       [80.],
       [80.],
       [80.],
       [80.],
       [80.],
       [80.],
       [80.],
       [80.],
       [80.],
       [80.],
       [80.],
       [80.],
       [80.],
       [80.],
       [80.],
       [80.],
       [80.],
       [80.],
       [80.],
       [80.],
       [80.],
       [80.],
       [80.],
       [80.],
       [80.],
       [80.],
       [80.],
       [80.],
       [80.],
       [80.],
       [80.],
       [80.],
       [80.],
       [80.],
       [80.],
       [80.],
       [80.],
       [80.],
       [80.],
       [80.],
       [80.],
       [80.],
       [80.],
       [80.],
       [80.],
       [80.],
       [80.],
       [80.],
       [80.],
       [80.],
       [80.],
       [80.],
       [80.],
       [80.],
       [80.],
       [80.],
       [80.],
       [80.],
       [80.],
       [80.],
       [80.],
       [80.],
       [80.],
       [80.],
       [80.],
       [80.],
       [80.],
       [80.],
       [80.],
       [80.],
       [80.],
       [80.],
       [80.],
       [80.],
       [80.],
       [80.],
       [80.],
       [80.],
       [80.],
       [80.],
       [80.],
       [80.],
       [80.],
       [80.],
       [80.],
       [80.],
       [80.],
       [80.],
       [80.],
       [80.],
       [80.],
       [80.],
       [80.],
       [80.],
       [80.],
       [80.],
       [80.],
       [80.],
       [80.],
       [80.],
       [80.],
       [80.],
       [80.],
       [80.],
       [80.],
       [80.],
       [80.],
       [80.],
       [80.],
       [80.],
       [80.],
       [80.],
       [80.],
       [80.],
       [80.],
       [80.],
       [80.],
       [80.],
       [80.],
       [80.],
       [80.],
       [80.],
       [80.],
       [80.],
       [80.],
       [80.],
       [80.],
       [80.],
       [80.],
       [80.],
       [80.],
       [80.],
       [80.],
       [80.],
       [80.],
       [80.],
       [80.],
       [80.],
       [80.],
       [80.],
       [80.],
       [80.],
       [80.],
       [80.],
       [80.],
       [80.],
       [80.],
       [80.],
       [80.],
       [80.],
       [80.],
       [80.],
       [80.],
       [80.],
       [80.],
       [80.],
       [80.],
       [80.],
       [80.],
       [80.],
       [80.],
       [80.],
       [80.],
       [80.],
       [80.],
       [80.],
       [80.],
       [80.],
       [80.],
       [80.],
       [80.],
       [80.],
       [80.],
       [80.]]), 'dt': 0.01, 'N': 400, 'l': 1e-05}","{'Q': 263.1578947368421, 'gbar': 9.473684210526315, 'T': 10000, 'supervisor': array([[-1.89214982e-17],
       [ 4.44288287e-04],
       [ 8.88576529e-04],
       ...,
       [-1.33286468e-03],
       [-8.88576529e-04],
       [-4.44288287e-04]]), 'BIAS': array([[80.],
       [80.],
       [80.],
       [80.],
       [80.],
       [80.],
       [80.],
       [80.],
       [80.],
       [80.],
       [80.],
       [80.],
       [80.],
       [80.],
       [80.],
       [80.],
       [80.],
       [80.],
       [80.],
       [80.],
       [80.],
       [80.],
       [80.],
       [80.],
       [80.],
       [80.],
       [80.],
       [80.],
       [80.],
       [80.],
       [80.],
       [80.],
       [80.],
       [80.],
       [80.],
       [80.],
       [80.],
       [80.],
       [80.],
       [80.],
       [80.],
       [80.],
       [80.],
       [80.],
       [80.],
       [80.],
       [80.],
       [80.],
       [80.],
       [80.],
       [80.],
       [80.],
       [80.],
       [80.],
       [80.],
       [80.],
       [80.],
       [80.],
       [80.],
       [80.],
       [80.],
       [80.],
       [80.],
       [80.],
       [80.],
       [80.],
       [80.],
       [80.],
       [80.],
       [80.],
       [80.],
       [80.],
       [80.],
       [80.],
       [80.],
       [80.],
       [80.],
       [80.],
       [80.],
       [80.],
       [80.],
       [80.],
       [80.],
       [80.],
       [80.],
       [80.],
       [80.],
       [80.],
       [80.],
       [80.],
       [80.],
       [80.],
       [80.],
       [80.],
       [80.],
       [80.],
       [80.],
       [80.],
       [80.],
       [80.],
       [80.],
       [80.],
       [80.],
       [80.],
       [80.],
       [80.],
       [80.],
       [80.],
       [80.],
       [80.],
       [80.],
       [80.],
       [80.],
       [80.],
       [80.],
       [80.],
       [80.],
       [80.],
       [80.],
       [80.],
       [80.],
       [80.],
       [80.],
       [80.],
       [80.],
       [80.],
       [80.],
       [80.],
       [80.],
       [80.],
       [80.],
       [80.],
       [80.],
       [80.],
       [80.],
       [80.],
       [80.],
       [80.],
       [80.],
       [80.],
       [80.],
       [80.],
       [80.],
       [80.],
       [80.],
       [80.],
       [80.],
       [80.],
       [80.],
       [80.],
       [80.],
       [80.],
       [80.],
       [80.],
       [80.],
       [80.],
       [80.],
       [80.],
       [80.],
       [80.],
       [80.],
       [80.],
       [80.],
       [80.],
       [80.],
       [80.],
       [80.],
       [80.],
       [80.],
       [80.],
       [80.],
       [80.],
       [80.],
       [80.],
       [80.],
       [80.],
       [80.],
       [80.],
       [80.],
       [80.],
       [80.],
       [80.],
       [80.],
       [80.],
       [80.],
       [80.],
       [80.],
       [80.],
       [80.],
       [80.],
       [80.],
       [80.],
       [80.],
       [80.],
       [80.],
       [80.],
       [80.],
       [80.],
       [80.],
       [80.],
       [80.],
       [80.],
       [80.],
       [80.],
       [80.],
       [80.],
       [80.],
       [80.],
       [80.],
       [80.],
       [80.],
       [80.],
       [80.],
       [80.],
       [80.],
       [80.],
       [80.],
       [80.],
       [80.],
       [80.],
       [80.],
       [80.],
       [80.],
       [80.],
       [80.],
       [80.],
       [80.],
       [80.],
       [80.],
       [80.],
       [80.],
       [80.],
       [80.],
       [80.],
       [80.],
       [80.],
       [80.],
       [80.],
       [80.],
       [80.],
       [80.],
       [80.],
       [80.],
       [80.],
       [80.],
       [80.],
       [80.],
       [80.],
       [80.],
       [80.],
       [80.],
       [80.],
       [80.],
       [80.],
       [80.],
       [80.],
       [80.],
       [80.],
       [80.],
       [80.],
       [80.],
       [80.],
       [80.],
       [80.],
       [80.],
       [80.],
       [80.],
       [80.],
       [80.],
       [80.],
       [80.],
       [80.],
       [80.],
       [80.],
       [80.],
       [80.],
       [80.],
       [80.],
       [80.],
       [80.],
       [80.],
       [80.],
       [80.],
       [80.],
       [80.],
       [80.],
       [80.],
       [80.],
       [80.],
       [80.],
       [80.],
       [80.],
       [80.],
       [80.],
       [80.],
       [80.],
       [80.],
       [80.],
       [80.],
       [80.],
       [80.],
       [80.],
       [80.],
       [80.],
       [80.],
       [80.],
       [80.],
       [80.],
       [80.],
       [80.],
       [80.],
       [80.],
       [80.],
       [80.],
       [80.],
       [80.],
       [80.],
       [80.],
       [80.],
       [80.],
       [80.],
       [80.],
       [80.],
       [80.],
       [80.],
       [80.],
       [80.],
       [80.],
       [80.],
       [80.],
       [80.],
       [80.],
       [80.],
       [80.],
       [80.],
       [80.],
       [80.],
       [80.],
       [80.],
       [80.],
       [80.],
       [80.],
       [80.],
       [80.],
       [80.],
       [80.],
       [80.],
       [80.],
       [80.],
       [80.],
       [80.],
       [80.],
       [80.],
       [80.],
       [80.],
       [80.],
       [80.],
       [80.],
       [80.],
       [80.],
       [80.],
       [80.],
       [80.],
       [80.],
       [80.],
       [80.],
       [80.],
       [80.],
       [80.],
       [80.],
       [80.],
       [80.],
       [80.],
       [80.],
       [80.],
       [80.],
       [80.],
       [80.],
       [80.],
       [80.],
       [80.],
       [80.],
       [80.],
       [80.],
       [80.],
       [80.],
       [80.],
       [80.],
       [80.],
       [80.],
       [80.],
       [80.],
       [80.],
       [80.],
       [80.],
       [80.],
       [80.],
       [80.],
       [80.],
       [80.]]), 'dt': 0.01, 'N': 400, 'l': 1e-05}","{'Q': 263.1578947368421, 'gbar': 10.526315789473683, 'T': 10000, 'supervisor': array([[-1.89214982e-17],
       [ 4.44288287e-04],
       [ 8.88576529e-04],
       ...,
       [-1.33286468e-03],
       [-8.88576529e-04],
       [-4.44288287e-04]]), 'BIAS': array([[80.],
       [80.],
       [80.],
       [80.],
       [80.],
       [80.],
       [80.],
       [80.],
       [80.],
       [80.],
       [80.],
       [80.],
       [80.],
       [80.],
       [80.],
       [80.],
       [80.],
       [80.],
       [80.],
       [80.],
       [80.],
       [80.],
       [80.],
       [80.],
       [80.],
       [80.],
       [80.],
       [80.],
       [80.],
       [80.],
       [80.],
       [80.],
       [80.],
       [80.],
       [80.],
       [80.],
       [80.],
       [80.],
       [80.],
       [80.],
       [80.],
       [80.],
       [80.],
       [80.],
       [80.],
       [80.],
       [80.],
       [80.],
       [80.],
       [80.],
       [80.],
       [80.],
       [80.],
       [80.],
       [80.],
       [80.],
       [80.],
       [80.],
       [80.],
       [80.],
       [80.],
       [80.],
       [80.],
       [80.],
       [80.],
       [80.],
       [80.],
       [80.],
       [80.],
       [80.],
       [80.],
       [80.],
       [80.],
       [80.],
       [80.],
       [80.],
       [80.],
       [80.],
       [80.],
       [80.],
       [80.],
       [80.],
       [80.],
       [80.],
       [80.],
       [80.],
       [80.],
       [80.],
       [80.],
       [80.],
       [80.],
       [80.],
       [80.],
       [80.],
       [80.],
       [80.],
       [80.],
       [80.],
       [80.],
       [80.],
       [80.],
       [80.],
       [80.],
       [80.],
       [80.],
       [80.],
       [80.],
       [80.],
       [80.],
       [80.],
       [80.],
       [80.],
       [80.],
       [80.],
       [80.],
       [80.],
       [80.],
       [80.],
       [80.],
       [80.],
       [80.],
       [80.],
       [80.],
       [80.],
       [80.],
       [80.],
       [80.],
       [80.],
       [80.],
       [80.],
       [80.],
       [80.],
       [80.],
       [80.],
       [80.],
       [80.],
       [80.],
       [80.],
       [80.],
       [80.],
       [80.],
       [80.],
       [80.],
       [80.],
       [80.],
       [80.],
       [80.],
       [80.],
       [80.],
       [80.],
       [80.],
       [80.],
       [80.],
       [80.],
       [80.],
       [80.],
       [80.],
       [80.],
       [80.],
       [80.],
       [80.],
       [80.],
       [80.],
       [80.],
       [80.],
       [80.],
       [80.],
       [80.],
       [80.],
       [80.],
       [80.],
       [80.],
       [80.],
       [80.],
       [80.],
       [80.],
       [80.],
       [80.],
       [80.],
       [80.],
       [80.],
       [80.],
       [80.],
       [80.],
       [80.],
       [80.],
       [80.],
       [80.],
       [80.],
       [80.],
       [80.],
       [80.],
       [80.],
       [80.],
       [80.],
       [80.],
       [80.],
       [80.],
       [80.],
       [80.],
       [80.],
       [80.],
       [80.],
       [80.],
       [80.],
       [80.],
       [80.],
       [80.],
       [80.],
       [80.],
       [80.],
       [80.],
       [80.],
       [80.],
       [80.],
       [80.],
       [80.],
       [80.],
       [80.],
       [80.],
       [80.],
       [80.],
       [80.],
       [80.],
       [80.],
       [80.],
       [80.],
       [80.],
       [80.],
       [80.],
       [80.],
       [80.],
       [80.],
       [80.],
       [80.],
       [80.],
       [80.],
       [80.],
       [80.],
       [80.],
       [80.],
       [80.],
       [80.],
       [80.],
       [80.],
       [80.],
       [80.],
       [80.],
       [80.],
       [80.],
       [80.],
       [80.],
       [80.],
       [80.],
       [80.],
       [80.],
       [80.],
       [80.],
       [80.],
       [80.],
       [80.],
       [80.],
       [80.],
       [80.],
       [80.],
       [80.],
       [80.],
       [80.],
       [80.],
       [80.],
       [80.],
       [80.],
       [80.],
       [80.],
       [80.],
       [80.],
       [80.],
       [80.],
       [80.],
       [80.],
       [80.],
       [80.],
       [80.],
       [80.],
       [80.],
       [80.],
       [80.],
       [80.],
       [80.],
       [80.],
       [80.],
       [80.],
       [80.],
       [80.],
       [80.],
       [80.],
       [80.],
       [80.],
       [80.],
       [80.],
       [80.],
       [80.],
       [80.],
       [80.],
       [80.],
       [80.],
       [80.],
       [80.],
       [80.],
       [80.],
       [80.],
       [80.],
       [80.],
       [80.],
       [80.],
       [80.],
       [80.],
       [80.],
       [80.],
       [80.],
       [80.],
       [80.],
       [80.],
       [80.],
       [80.],
       [80.],
       [80.],
       [80.],
       [80.],
       [80.],
       [80.],
       [80.],
       [80.],
       [80.],
       [80.],
       [80.],
       [80.],
       [80.],
       [80.],
       [80.],
       [80.],
       [80.],
       [80.],
       [80.],
       [80.],
       [80.],
       [80.],
       [80.],
       [80.],
       [80.],
       [80.],
       [80.],
       [80.],
       [80.],
       [80.],
       [80.],
       [80.],
       [80.],
       [80.],
       [80.],
       [80.],
       [80.],
       [80.],
       [80.],
       [80.],
       [80.],
       [80.],
       [80.],
       [80.],
       [80.],
       [80.],
       [80.],
       [80.],
       [80.],
       [80.],
       [80.],
       [80.],
       [80.],
       [80.],
       [80.],
       [80.],
       [80.],
       [80.],
       [80.],
       [80.],
       [80.],
       [80.],
       [80.],
       [80.],
       [80.],
       [80.],
       [80.],
       [80.],
       [80.],
       [80.],
       [80.],
       [80.],
       [80.],
       [80.],
       [80.]]), 'dt': 0.01, 'N': 400, 'l': 1e-05}","{'Q': 263.1578947368421, 'gbar': 11.578947368421051, 'T': 10000, 'supervisor': array([[-1.89214982e-17],
       [ 4.44288287e-04],
       [ 8.88576529e-04],
       ...,
       [-1.33286468e-03],
       [-8.88576529e-04],
       [-4.44288287e-04]]), 'BIAS': array([[80.],
       [80.],
       [80.],
       [80.],
       [80.],
       [80.],
       [80.],
       [80.],
       [80.],
       [80.],
       [80.],
       [80.],
       [80.],
       [80.],
       [80.],
       [80.],
       [80.],
       [80.],
       [80.],
       [80.],
       [80.],
       [80.],
       [80.],
       [80.],
       [80.],
       [80.],
       [80.],
       [80.],
       [80.],
       [80.],
       [80.],
       [80.],
       [80.],
       [80.],
       [80.],
       [80.],
       [80.],
       [80.],
       [80.],
       [80.],
       [80.],
       [80.],
       [80.],
       [80.],
       [80.],
       [80.],
       [80.],
       [80.],
       [80.],
       [80.],
       [80.],
       [80.],
       [80.],
       [80.],
       [80.],
       [80.],
       [80.],
       [80.],
       [80.],
       [80.],
       [80.],
       [80.],
       [80.],
       [80.],
       [80.],
       [80.],
       [80.],
       [80.],
       [80.],
       [80.],
       [80.],
       [80.],
       [80.],
       [80.],
       [80.],
       [80.],
       [80.],
       [80.],
       [80.],
       [80.],
       [80.],
       [80.],
       [80.],
       [80.],
       [80.],
       [80.],
       [80.],
       [80.],
       [80.],
       [80.],
       [80.],
       [80.],
       [80.],
       [80.],
       [80.],
       [80.],
       [80.],
       [80.],
       [80.],
       [80.],
       [80.],
       [80.],
       [80.],
       [80.],
       [80.],
       [80.],
       [80.],
       [80.],
       [80.],
       [80.],
       [80.],
       [80.],
       [80.],
       [80.],
       [80.],
       [80.],
       [80.],
       [80.],
       [80.],
       [80.],
       [80.],
       [80.],
       [80.],
       [80.],
       [80.],
       [80.],
       [80.],
       [80.],
       [80.],
       [80.],
       [80.],
       [80.],
       [80.],
       [80.],
       [80.],
       [80.],
       [80.],
       [80.],
       [80.],
       [80.],
       [80.],
       [80.],
       [80.],
       [80.],
       [80.],
       [80.],
       [80.],
       [80.],
       [80.],
       [80.],
       [80.],
       [80.],
       [80.],
       [80.],
       [80.],
       [80.],
       [80.],
       [80.],
       [80.],
       [80.],
       [80.],
       [80.],
       [80.],
       [80.],
       [80.],
       [80.],
       [80.],
       [80.],
       [80.],
       [80.],
       [80.],
       [80.],
       [80.],
       [80.],
       [80.],
       [80.],
       [80.],
       [80.],
       [80.],
       [80.],
       [80.],
       [80.],
       [80.],
       [80.],
       [80.],
       [80.],
       [80.],
       [80.],
       [80.],
       [80.],
       [80.],
       [80.],
       [80.],
       [80.],
       [80.],
       [80.],
       [80.],
       [80.],
       [80.],
       [80.],
       [80.],
       [80.],
       [80.],
       [80.],
       [80.],
       [80.],
       [80.],
       [80.],
       [80.],
       [80.],
       [80.],
       [80.],
       [80.],
       [80.],
       [80.],
       [80.],
       [80.],
       [80.],
       [80.],
       [80.],
       [80.],
       [80.],
       [80.],
       [80.],
       [80.],
       [80.],
       [80.],
       [80.],
       [80.],
       [80.],
       [80.],
       [80.],
       [80.],
       [80.],
       [80.],
       [80.],
       [80.],
       [80.],
       [80.],
       [80.],
       [80.],
       [80.],
       [80.],
       [80.],
       [80.],
       [80.],
       [80.],
       [80.],
       [80.],
       [80.],
       [80.],
       [80.],
       [80.],
       [80.],
       [80.],
       [80.],
       [80.],
       [80.],
       [80.],
       [80.],
       [80.],
       [80.],
       [80.],
       [80.],
       [80.],
       [80.],
       [80.],
       [80.],
       [80.],
       [80.],
       [80.],
       [80.],
       [80.],
       [80.],
       [80.],
       [80.],
       [80.],
       [80.],
       [80.],
       [80.],
       [80.],
       [80.],
       [80.],
       [80.],
       [80.],
       [80.],
       [80.],
       [80.],
       [80.],
       [80.],
       [80.],
       [80.],
       [80.],
       [80.],
       [80.],
       [80.],
       [80.],
       [80.],
       [80.],
       [80.],
       [80.],
       [80.],
       [80.],
       [80.],
       [80.],
       [80.],
       [80.],
       [80.],
       [80.],
       [80.],
       [80.],
       [80.],
       [80.],
       [80.],
       [80.],
       [80.],
       [80.],
       [80.],
       [80.],
       [80.],
       [80.],
       [80.],
       [80.],
       [80.],
       [80.],
       [80.],
       [80.],
       [80.],
       [80.],
       [80.],
       [80.],
       [80.],
       [80.],
       [80.],
       [80.],
       [80.],
       [80.],
       [80.],
       [80.],
       [80.],
       [80.],
       [80.],
       [80.],
       [80.],
       [80.],
       [80.],
       [80.],
       [80.],
       [80.],
       [80.],
       [80.],
       [80.],
       [80.],
       [80.],
       [80.],
       [80.],
       [80.],
       [80.],
       [80.],
       [80.],
       [80.],
       [80.],
       [80.],
       [80.],
       [80.],
       [80.],
       [80.],
       [80.],
       [80.],
       [80.],
       [80.],
       [80.],
       [80.],
       [80.],
       [80.],
       [80.],
       [80.],
       [80.],
       [80.],
       [80.],
       [80.],
       [80.],
       [80.],
       [80.],
       [80.],
       [80.],
       [80.],
       [80.],
       [80.],
       [80.],
       [80.],
       [80.],
       [80.],
       [80.],
       [80.],
       [80.],
       [80.],
       [80.],
       [80.],
       [80.]]), 'dt': 0.01, 'N': 400, 'l': 1e-05}","{'Q': 263.1578947368421, 'gbar': 12.631578947368421, 'T': 10000, 'supervisor': array([[-1.89214982e-17],
       [ 4.44288287e-04],
       [ 8.88576529e-04],
       ...,
       [-1.33286468e-03],
       [-8.88576529e-04],
       [-4.44288287e-04]]), 'BIAS': array([[80.],
       [80.],
       [80.],
       [80.],
       [80.],
       [80.],
       [80.],
       [80.],
       [80.],
       [80.],
       [80.],
       [80.],
       [80.],
       [80.],
       [80.],
       [80.],
       [80.],
       [80.],
       [80.],
       [80.],
       [80.],
       [80.],
       [80.],
       [80.],
       [80.],
       [80.],
       [80.],
       [80.],
       [80.],
       [80.],
       [80.],
       [80.],
       [80.],
       [80.],
       [80.],
       [80.],
       [80.],
       [80.],
       [80.],
       [80.],
       [80.],
       [80.],
       [80.],
       [80.],
       [80.],
       [80.],
       [80.],
       [80.],
       [80.],
       [80.],
       [80.],
       [80.],
       [80.],
       [80.],
       [80.],
       [80.],
       [80.],
       [80.],
       [80.],
       [80.],
       [80.],
       [80.],
       [80.],
       [80.],
       [80.],
       [80.],
       [80.],
       [80.],
       [80.],
       [80.],
       [80.],
       [80.],
       [80.],
       [80.],
       [80.],
       [80.],
       [80.],
       [80.],
       [80.],
       [80.],
       [80.],
       [80.],
       [80.],
       [80.],
       [80.],
       [80.],
       [80.],
       [80.],
       [80.],
       [80.],
       [80.],
       [80.],
       [80.],
       [80.],
       [80.],
       [80.],
       [80.],
       [80.],
       [80.],
       [80.],
       [80.],
       [80.],
       [80.],
       [80.],
       [80.],
       [80.],
       [80.],
       [80.],
       [80.],
       [80.],
       [80.],
       [80.],
       [80.],
       [80.],
       [80.],
       [80.],
       [80.],
       [80.],
       [80.],
       [80.],
       [80.],
       [80.],
       [80.],
       [80.],
       [80.],
       [80.],
       [80.],
       [80.],
       [80.],
       [80.],
       [80.],
       [80.],
       [80.],
       [80.],
       [80.],
       [80.],
       [80.],
       [80.],
       [80.],
       [80.],
       [80.],
       [80.],
       [80.],
       [80.],
       [80.],
       [80.],
       [80.],
       [80.],
       [80.],
       [80.],
       [80.],
       [80.],
       [80.],
       [80.],
       [80.],
       [80.],
       [80.],
       [80.],
       [80.],
       [80.],
       [80.],
       [80.],
       [80.],
       [80.],
       [80.],
       [80.],
       [80.],
       [80.],
       [80.],
       [80.],
       [80.],
       [80.],
       [80.],
       [80.],
       [80.],
       [80.],
       [80.],
       [80.],
       [80.],
       [80.],
       [80.],
       [80.],
       [80.],
       [80.],
       [80.],
       [80.],
       [80.],
       [80.],
       [80.],
       [80.],
       [80.],
       [80.],
       [80.],
       [80.],
       [80.],
       [80.],
       [80.],
       [80.],
       [80.],
       [80.],
       [80.],
       [80.],
       [80.],
       [80.],
       [80.],
       [80.],
       [80.],
       [80.],
       [80.],
       [80.],
       [80.],
       [80.],
       [80.],
       [80.],
       [80.],
       [80.],
       [80.],
       [80.],
       [80.],
       [80.],
       [80.],
       [80.],
       [80.],
       [80.],
       [80.],
       [80.],
       [80.],
       [80.],
       [80.],
       [80.],
       [80.],
       [80.],
       [80.],
       [80.],
       [80.],
       [80.],
       [80.],
       [80.],
       [80.],
       [80.],
       [80.],
       [80.],
       [80.],
       [80.],
       [80.],
       [80.],
       [80.],
       [80.],
       [80.],
       [80.],
       [80.],
       [80.],
       [80.],
       [80.],
       [80.],
       [80.],
       [80.],
       [80.],
       [80.],
       [80.],
       [80.],
       [80.],
       [80.],
       [80.],
       [80.],
       [80.],
       [80.],
       [80.],
       [80.],
       [80.],
       [80.],
       [80.],
       [80.],
       [80.],
       [80.],
       [80.],
       [80.],
       [80.],
       [80.],
       [80.],
       [80.],
       [80.],
       [80.],
       [80.],
       [80.],
       [80.],
       [80.],
       [80.],
       [80.],
       [80.],
       [80.],
       [80.],
       [80.],
       [80.],
       [80.],
       [80.],
       [80.],
       [80.],
       [80.],
       [80.],
       [80.],
       [80.],
       [80.],
       [80.],
       [80.],
       [80.],
       [80.],
       [80.],
       [80.],
       [80.],
       [80.],
       [80.],
       [80.],
       [80.],
       [80.],
       [80.],
       [80.],
       [80.],
       [80.],
       [80.],
       [80.],
       [80.],
       [80.],
       [80.],
       [80.],
       [80.],
       [80.],
       [80.],
       [80.],
       [80.],
       [80.],
       [80.],
       [80.],
       [80.],
       [80.],
       [80.],
       [80.],
       [80.],
       [80.],
       [80.],
       [80.],
       [80.],
       [80.],
       [80.],
       [80.],
       [80.],
       [80.],
       [80.],
       [80.],
       [80.],
       [80.],
       [80.],
       [80.],
       [80.],
       [80.],
       [80.],
       [80.],
       [80.],
       [80.],
       [80.],
       [80.],
       [80.],
       [80.],
       [80.],
       [80.],
       [80.],
       [80.],
       [80.],
       [80.],
       [80.],
       [80.],
       [80.],
       [80.],
       [80.],
       [80.],
       [80.],
       [80.],
       [80.],
       [80.],
       [80.],
       [80.],
       [80.],
       [80.],
       [80.],
       [80.],
       [80.],
       [80.],
       [80.],
       [80.],
       [80.],
       [80.],
       [80.],
       [80.],
       [80.],
       [80.],
       [80.],
       [80.],
       [80.],
       [80.],
       [80.]]), 'dt': 0.01, 'N': 400, 'l': 1e-05}","{'Q': 263.1578947368421, 'gbar': 13.68421052631579, 'T': 10000, 'supervisor': array([[-1.89214982e-17],
       [ 4.44288287e-04],
       [ 8.88576529e-04],
       ...,
       [-1.33286468e-03],
       [-8.88576529e-04],
       [-4.44288287e-04]]), 'BIAS': array([[80.],
       [80.],
       [80.],
       [80.],
       [80.],
       [80.],
       [80.],
       [80.],
       [80.],
       [80.],
       [80.],
       [80.],
       [80.],
       [80.],
       [80.],
       [80.],
       [80.],
       [80.],
       [80.],
       [80.],
       [80.],
       [80.],
       [80.],
       [80.],
       [80.],
       [80.],
       [80.],
       [80.],
       [80.],
       [80.],
       [80.],
       [80.],
       [80.],
       [80.],
       [80.],
       [80.],
       [80.],
       [80.],
       [80.],
       [80.],
       [80.],
       [80.],
       [80.],
       [80.],
       [80.],
       [80.],
       [80.],
       [80.],
       [80.],
       [80.],
       [80.],
       [80.],
       [80.],
       [80.],
       [80.],
       [80.],
       [80.],
       [80.],
       [80.],
       [80.],
       [80.],
       [80.],
       [80.],
       [80.],
       [80.],
       [80.],
       [80.],
       [80.],
       [80.],
       [80.],
       [80.],
       [80.],
       [80.],
       [80.],
       [80.],
       [80.],
       [80.],
       [80.],
       [80.],
       [80.],
       [80.],
       [80.],
       [80.],
       [80.],
       [80.],
       [80.],
       [80.],
       [80.],
       [80.],
       [80.],
       [80.],
       [80.],
       [80.],
       [80.],
       [80.],
       [80.],
       [80.],
       [80.],
       [80.],
       [80.],
       [80.],
       [80.],
       [80.],
       [80.],
       [80.],
       [80.],
       [80.],
       [80.],
       [80.],
       [80.],
       [80.],
       [80.],
       [80.],
       [80.],
       [80.],
       [80.],
       [80.],
       [80.],
       [80.],
       [80.],
       [80.],
       [80.],
       [80.],
       [80.],
       [80.],
       [80.],
       [80.],
       [80.],
       [80.],
       [80.],
       [80.],
       [80.],
       [80.],
       [80.],
       [80.],
       [80.],
       [80.],
       [80.],
       [80.],
       [80.],
       [80.],
       [80.],
       [80.],
       [80.],
       [80.],
       [80.],
       [80.],
       [80.],
       [80.],
       [80.],
       [80.],
       [80.],
       [80.],
       [80.],
       [80.],
       [80.],
       [80.],
       [80.],
       [80.],
       [80.],
       [80.],
       [80.],
       [80.],
       [80.],
       [80.],
       [80.],
       [80.],
       [80.],
       [80.],
       [80.],
       [80.],
       [80.],
       [80.],
       [80.],
       [80.],
       [80.],
       [80.],
       [80.],
       [80.],
       [80.],
       [80.],
       [80.],
       [80.],
       [80.],
       [80.],
       [80.],
       [80.],
       [80.],
       [80.],
       [80.],
       [80.],
       [80.],
       [80.],
       [80.],
       [80.],
       [80.],
       [80.],
       [80.],
       [80.],
       [80.],
       [80.],
       [80.],
       [80.],
       [80.],
       [80.],
       [80.],
       [80.],
       [80.],
       [80.],
       [80.],
       [80.],
       [80.],
       [80.],
       [80.],
       [80.],
       [80.],
       [80.],
       [80.],
       [80.],
       [80.],
       [80.],
       [80.],
       [80.],
       [80.],
       [80.],
       [80.],
       [80.],
       [80.],
       [80.],
       [80.],
       [80.],
       [80.],
       [80.],
       [80.],
       [80.],
       [80.],
       [80.],
       [80.],
       [80.],
       [80.],
       [80.],
       [80.],
       [80.],
       [80.],
       [80.],
       [80.],
       [80.],
       [80.],
       [80.],
       [80.],
       [80.],
       [80.],
       [80.],
       [80.],
       [80.],
       [80.],
       [80.],
       [80.],
       [80.],
       [80.],
       [80.],
       [80.],
       [80.],
       [80.],
       [80.],
       [80.],
       [80.],
       [80.],
       [80.],
       [80.],
       [80.],
       [80.],
       [80.],
       [80.],
       [80.],
       [80.],
       [80.],
       [80.],
       [80.],
       [80.],
       [80.],
       [80.],
       [80.],
       [80.],
       [80.],
       [80.],
       [80.],
       [80.],
       [80.],
       [80.],
       [80.],
       [80.],
       [80.],
       [80.],
       [80.],
       [80.],
       [80.],
       [80.],
       [80.],
       [80.],
       [80.],
       [80.],
       [80.],
       [80.],
       [80.],
       [80.],
       [80.],
       [80.],
       [80.],
       [80.],
       [80.],
       [80.],
       [80.],
       [80.],
       [80.],
       [80.],
       [80.],
       [80.],
       [80.],
       [80.],
       [80.],
       [80.],
       [80.],
       [80.],
       [80.],
       [80.],
       [80.],
       [80.],
       [80.],
       [80.],
       [80.],
       [80.],
       [80.],
       [80.],
       [80.],
       [80.],
       [80.],
       [80.],
       [80.],
       [80.],
       [80.],
       [80.],
       [80.],
       [80.],
       [80.],
       [80.],
       [80.],
       [80.],
       [80.],
       [80.],
       [80.],
       [80.],
       [80.],
       [80.],
       [80.],
       [80.],
       [80.],
       [80.],
       [80.],
       [80.],
       [80.],
       [80.],
       [80.],
       [80.],
       [80.],
       [80.],
       [80.],
       [80.],
       [80.],
       [80.],
       [80.],
       [80.],
       [80.],
       [80.],
       [80.],
       [80.],
       [80.],
       [80.],
       [80.],
       [80.],
       [80.],
       [80.],
       [80.],
       [80.],
       [80.],
       [80.],
       [80.],
       [80.],
       [80.],
       [80.],
       [80.],
       [80.],
       [80.],
       [80.],
       [80.],
       [80.],
       [80.],
       [80.],
       [80.],
       [80.]]), 'dt': 0.01, 'N': 400, 'l': 1e-05}","{'Q': 263.1578947368421, 'gbar': 14.736842105263158, 'T': 10000, 'supervisor': array([[-1.89214982e-17],
       [ 4.44288287e-04],
       [ 8.88576529e-04],
       ...,
       [-1.33286468e-03],
       [-8.88576529e-04],
       [-4.44288287e-04]]), 'BIAS': array([[80.],
       [80.],
       [80.],
       [80.],
       [80.],
       [80.],
       [80.],
       [80.],
       [80.],
       [80.],
       [80.],
       [80.],
       [80.],
       [80.],
       [80.],
       [80.],
       [80.],
       [80.],
       [80.],
       [80.],
       [80.],
       [80.],
       [80.],
       [80.],
       [80.],
       [80.],
       [80.],
       [80.],
       [80.],
       [80.],
       [80.],
       [80.],
       [80.],
       [80.],
       [80.],
       [80.],
       [80.],
       [80.],
       [80.],
       [80.],
       [80.],
       [80.],
       [80.],
       [80.],
       [80.],
       [80.],
       [80.],
       [80.],
       [80.],
       [80.],
       [80.],
       [80.],
       [80.],
       [80.],
       [80.],
       [80.],
       [80.],
       [80.],
       [80.],
       [80.],
       [80.],
       [80.],
       [80.],
       [80.],
       [80.],
       [80.],
       [80.],
       [80.],
       [80.],
       [80.],
       [80.],
       [80.],
       [80.],
       [80.],
       [80.],
       [80.],
       [80.],
       [80.],
       [80.],
       [80.],
       [80.],
       [80.],
       [80.],
       [80.],
       [80.],
       [80.],
       [80.],
       [80.],
       [80.],
       [80.],
       [80.],
       [80.],
       [80.],
       [80.],
       [80.],
       [80.],
       [80.],
       [80.],
       [80.],
       [80.],
       [80.],
       [80.],
       [80.],
       [80.],
       [80.],
       [80.],
       [80.],
       [80.],
       [80.],
       [80.],
       [80.],
       [80.],
       [80.],
       [80.],
       [80.],
       [80.],
       [80.],
       [80.],
       [80.],
       [80.],
       [80.],
       [80.],
       [80.],
       [80.],
       [80.],
       [80.],
       [80.],
       [80.],
       [80.],
       [80.],
       [80.],
       [80.],
       [80.],
       [80.],
       [80.],
       [80.],
       [80.],
       [80.],
       [80.],
       [80.],
       [80.],
       [80.],
       [80.],
       [80.],
       [80.],
       [80.],
       [80.],
       [80.],
       [80.],
       [80.],
       [80.],
       [80.],
       [80.],
       [80.],
       [80.],
       [80.],
       [80.],
       [80.],
       [80.],
       [80.],
       [80.],
       [80.],
       [80.],
       [80.],
       [80.],
       [80.],
       [80.],
       [80.],
       [80.],
       [80.],
       [80.],
       [80.],
       [80.],
       [80.],
       [80.],
       [80.],
       [80.],
       [80.],
       [80.],
       [80.],
       [80.],
       [80.],
       [80.],
       [80.],
       [80.],
       [80.],
       [80.],
       [80.],
       [80.],
       [80.],
       [80.],
       [80.],
       [80.],
       [80.],
       [80.],
       [80.],
       [80.],
       [80.],
       [80.],
       [80.],
       [80.],
       [80.],
       [80.],
       [80.],
       [80.],
       [80.],
       [80.],
       [80.],
       [80.],
       [80.],
       [80.],
       [80.],
       [80.],
       [80.],
       [80.],
       [80.],
       [80.],
       [80.],
       [80.],
       [80.],
       [80.],
       [80.],
       [80.],
       [80.],
       [80.],
       [80.],
       [80.],
       [80.],
       [80.],
       [80.],
       [80.],
       [80.],
       [80.],
       [80.],
       [80.],
       [80.],
       [80.],
       [80.],
       [80.],
       [80.],
       [80.],
       [80.],
       [80.],
       [80.],
       [80.],
       [80.],
       [80.],
       [80.],
       [80.],
       [80.],
       [80.],
       [80.],
       [80.],
       [80.],
       [80.],
       [80.],
       [80.],
       [80.],
       [80.],
       [80.],
       [80.],
       [80.],
       [80.],
       [80.],
       [80.],
       [80.],
       [80.],
       [80.],
       [80.],
       [80.],
       [80.],
       [80.],
       [80.],
       [80.],
       [80.],
       [80.],
       [80.],
       [80.],
       [80.],
       [80.],
       [80.],
       [80.],
       [80.],
       [80.],
       [80.],
       [80.],
       [80.],
       [80.],
       [80.],
       [80.],
       [80.],
       [80.],
       [80.],
       [80.],
       [80.],
       [80.],
       [80.],
       [80.],
       [80.],
       [80.],
       [80.],
       [80.],
       [80.],
       [80.],
       [80.],
       [80.],
       [80.],
       [80.],
       [80.],
       [80.],
       [80.],
       [80.],
       [80.],
       [80.],
       [80.],
       [80.],
       [80.],
       [80.],
       [80.],
       [80.],
       [80.],
       [80.],
       [80.],
       [80.],
       [80.],
       [80.],
       [80.],
       [80.],
       [80.],
       [80.],
       [80.],
       [80.],
       [80.],
       [80.],
       [80.],
       [80.],
       [80.],
       [80.],
       [80.],
       [80.],
       [80.],
       [80.],
       [80.],
       [80.],
       [80.],
       [80.],
       [80.],
       [80.],
       [80.],
       [80.],
       [80.],
       [80.],
       [80.],
       [80.],
       [80.],
       [80.],
       [80.],
       [80.],
       [80.],
       [80.],
       [80.],
       [80.],
       [80.],
       [80.],
       [80.],
       [80.],
       [80.],
       [80.],
       [80.],
       [80.],
       [80.],
       [80.],
       [80.],
       [80.],
       [80.],
       [80.],
       [80.],
       [80.],
       [80.],
       [80.],
       [80.],
       [80.],
       [80.],
       [80.],
       [80.],
       [80.],
       [80.],
       [80.],
       [80.],
       [80.],
       [80.],
       [80.],
       [80.],
       [80.],
       [80.],
       [80.],
       [80.],
       [80.],
       [80.],
       [80.]]), 'dt': 0.01, 'N': 400, 'l': 1e-05}","{'Q': 263.1578947368421, 'gbar': 15.789473684210526, 'T': 10000, 'supervisor': array([[-1.89214982e-17],
       [ 4.44288287e-04],
       [ 8.88576529e-04],
       ...,
       [-1.33286468e-03],
       [-8.88576529e-04],
       [-4.44288287e-04]]), 'BIAS': array([[80.],
       [80.],
       [80.],
       [80.],
       [80.],
       [80.],
       [80.],
       [80.],
       [80.],
       [80.],
       [80.],
       [80.],
       [80.],
       [80.],
       [80.],
       [80.],
       [80.],
       [80.],
       [80.],
       [80.],
       [80.],
       [80.],
       [80.],
       [80.],
       [80.],
       [80.],
       [80.],
       [80.],
       [80.],
       [80.],
       [80.],
       [80.],
       [80.],
       [80.],
       [80.],
       [80.],
       [80.],
       [80.],
       [80.],
       [80.],
       [80.],
       [80.],
       [80.],
       [80.],
       [80.],
       [80.],
       [80.],
       [80.],
       [80.],
       [80.],
       [80.],
       [80.],
       [80.],
       [80.],
       [80.],
       [80.],
       [80.],
       [80.],
       [80.],
       [80.],
       [80.],
       [80.],
       [80.],
       [80.],
       [80.],
       [80.],
       [80.],
       [80.],
       [80.],
       [80.],
       [80.],
       [80.],
       [80.],
       [80.],
       [80.],
       [80.],
       [80.],
       [80.],
       [80.],
       [80.],
       [80.],
       [80.],
       [80.],
       [80.],
       [80.],
       [80.],
       [80.],
       [80.],
       [80.],
       [80.],
       [80.],
       [80.],
       [80.],
       [80.],
       [80.],
       [80.],
       [80.],
       [80.],
       [80.],
       [80.],
       [80.],
       [80.],
       [80.],
       [80.],
       [80.],
       [80.],
       [80.],
       [80.],
       [80.],
       [80.],
       [80.],
       [80.],
       [80.],
       [80.],
       [80.],
       [80.],
       [80.],
       [80.],
       [80.],
       [80.],
       [80.],
       [80.],
       [80.],
       [80.],
       [80.],
       [80.],
       [80.],
       [80.],
       [80.],
       [80.],
       [80.],
       [80.],
       [80.],
       [80.],
       [80.],
       [80.],
       [80.],
       [80.],
       [80.],
       [80.],
       [80.],
       [80.],
       [80.],
       [80.],
       [80.],
       [80.],
       [80.],
       [80.],
       [80.],
       [80.],
       [80.],
       [80.],
       [80.],
       [80.],
       [80.],
       [80.],
       [80.],
       [80.],
       [80.],
       [80.],
       [80.],
       [80.],
       [80.],
       [80.],
       [80.],
       [80.],
       [80.],
       [80.],
       [80.],
       [80.],
       [80.],
       [80.],
       [80.],
       [80.],
       [80.],
       [80.],
       [80.],
       [80.],
       [80.],
       [80.],
       [80.],
       [80.],
       [80.],
       [80.],
       [80.],
       [80.],
       [80.],
       [80.],
       [80.],
       [80.],
       [80.],
       [80.],
       [80.],
       [80.],
       [80.],
       [80.],
       [80.],
       [80.],
       [80.],
       [80.],
       [80.],
       [80.],
       [80.],
       [80.],
       [80.],
       [80.],
       [80.],
       [80.],
       [80.],
       [80.],
       [80.],
       [80.],
       [80.],
       [80.],
       [80.],
       [80.],
       [80.],
       [80.],
       [80.],
       [80.],
       [80.],
       [80.],
       [80.],
       [80.],
       [80.],
       [80.],
       [80.],
       [80.],
       [80.],
       [80.],
       [80.],
       [80.],
       [80.],
       [80.],
       [80.],
       [80.],
       [80.],
       [80.],
       [80.],
       [80.],
       [80.],
       [80.],
       [80.],
       [80.],
       [80.],
       [80.],
       [80.],
       [80.],
       [80.],
       [80.],
       [80.],
       [80.],
       [80.],
       [80.],
       [80.],
       [80.],
       [80.],
       [80.],
       [80.],
       [80.],
       [80.],
       [80.],
       [80.],
       [80.],
       [80.],
       [80.],
       [80.],
       [80.],
       [80.],
       [80.],
       [80.],
       [80.],
       [80.],
       [80.],
       [80.],
       [80.],
       [80.],
       [80.],
       [80.],
       [80.],
       [80.],
       [80.],
       [80.],
       [80.],
       [80.],
       [80.],
       [80.],
       [80.],
       [80.],
       [80.],
       [80.],
       [80.],
       [80.],
       [80.],
       [80.],
       [80.],
       [80.],
       [80.],
       [80.],
       [80.],
       [80.],
       [80.],
       [80.],
       [80.],
       [80.],
       [80.],
       [80.],
       [80.],
       [80.],
       [80.],
       [80.],
       [80.],
       [80.],
       [80.],
       [80.],
       [80.],
       [80.],
       [80.],
       [80.],
       [80.],
       [80.],
       [80.],
       [80.],
       [80.],
       [80.],
       [80.],
       [80.],
       [80.],
       [80.],
       [80.],
       [80.],
       [80.],
       [80.],
       [80.],
       [80.],
       [80.],
       [80.],
       [80.],
       [80.],
       [80.],
       [80.],
       [80.],
       [80.],
       [80.],
       [80.],
       [80.],
       [80.],
       [80.],
       [80.],
       [80.],
       [80.],
       [80.],
       [80.],
       [80.],
       [80.],
       [80.],
       [80.],
       [80.],
       [80.],
       [80.],
       [80.],
       [80.],
       [80.],
       [80.],
       [80.],
       [80.],
       [80.],
       [80.],
       [80.],
       [80.],
       [80.],
       [80.],
       [80.],
       [80.],
       [80.],
       [80.],
       [80.],
       [80.],
       [80.],
       [80.],
       [80.],
       [80.],
       [80.],
       [80.],
       [80.],
       [80.],
       [80.],
       [80.],
       [80.],
       [80.],
       [80.],
       [80.],
       [80.],
       [80.],
       [80.],
       [80.],
       [80.],
       [80.],
       [80.],
       [80.]]), 'dt': 0.01, 'N': 400, 'l': 1e-05}","{'Q': 263.1578947368421, 'gbar': 16.842105263157894, 'T': 10000, 'supervisor': array([[-1.89214982e-17],
       [ 4.44288287e-04],
       [ 8.88576529e-04],
       ...,
       [-1.33286468e-03],
       [-8.88576529e-04],
       [-4.44288287e-04]]), 'BIAS': array([[80.],
       [80.],
       [80.],
       [80.],
       [80.],
       [80.],
       [80.],
       [80.],
       [80.],
       [80.],
       [80.],
       [80.],
       [80.],
       [80.],
       [80.],
       [80.],
       [80.],
       [80.],
       [80.],
       [80.],
       [80.],
       [80.],
       [80.],
       [80.],
       [80.],
       [80.],
       [80.],
       [80.],
       [80.],
       [80.],
       [80.],
       [80.],
       [80.],
       [80.],
       [80.],
       [80.],
       [80.],
       [80.],
       [80.],
       [80.],
       [80.],
       [80.],
       [80.],
       [80.],
       [80.],
       [80.],
       [80.],
       [80.],
       [80.],
       [80.],
       [80.],
       [80.],
       [80.],
       [80.],
       [80.],
       [80.],
       [80.],
       [80.],
       [80.],
       [80.],
       [80.],
       [80.],
       [80.],
       [80.],
       [80.],
       [80.],
       [80.],
       [80.],
       [80.],
       [80.],
       [80.],
       [80.],
       [80.],
       [80.],
       [80.],
       [80.],
       [80.],
       [80.],
       [80.],
       [80.],
       [80.],
       [80.],
       [80.],
       [80.],
       [80.],
       [80.],
       [80.],
       [80.],
       [80.],
       [80.],
       [80.],
       [80.],
       [80.],
       [80.],
       [80.],
       [80.],
       [80.],
       [80.],
       [80.],
       [80.],
       [80.],
       [80.],
       [80.],
       [80.],
       [80.],
       [80.],
       [80.],
       [80.],
       [80.],
       [80.],
       [80.],
       [80.],
       [80.],
       [80.],
       [80.],
       [80.],
       [80.],
       [80.],
       [80.],
       [80.],
       [80.],
       [80.],
       [80.],
       [80.],
       [80.],
       [80.],
       [80.],
       [80.],
       [80.],
       [80.],
       [80.],
       [80.],
       [80.],
       [80.],
       [80.],
       [80.],
       [80.],
       [80.],
       [80.],
       [80.],
       [80.],
       [80.],
       [80.],
       [80.],
       [80.],
       [80.],
       [80.],
       [80.],
       [80.],
       [80.],
       [80.],
       [80.],
       [80.],
       [80.],
       [80.],
       [80.],
       [80.],
       [80.],
       [80.],
       [80.],
       [80.],
       [80.],
       [80.],
       [80.],
       [80.],
       [80.],
       [80.],
       [80.],
       [80.],
       [80.],
       [80.],
       [80.],
       [80.],
       [80.],
       [80.],
       [80.],
       [80.],
       [80.],
       [80.],
       [80.],
       [80.],
       [80.],
       [80.],
       [80.],
       [80.],
       [80.],
       [80.],
       [80.],
       [80.],
       [80.],
       [80.],
       [80.],
       [80.],
       [80.],
       [80.],
       [80.],
       [80.],
       [80.],
       [80.],
       [80.],
       [80.],
       [80.],
       [80.],
       [80.],
       [80.],
       [80.],
       [80.],
       [80.],
       [80.],
       [80.],
       [80.],
       [80.],
       [80.],
       [80.],
       [80.],
       [80.],
       [80.],
       [80.],
       [80.],
       [80.],
       [80.],
       [80.],
       [80.],
       [80.],
       [80.],
       [80.],
       [80.],
       [80.],
       [80.],
       [80.],
       [80.],
       [80.],
       [80.],
       [80.],
       [80.],
       [80.],
       [80.],
       [80.],
       [80.],
       [80.],
       [80.],
       [80.],
       [80.],
       [80.],
       [80.],
       [80.],
       [80.],
       [80.],
       [80.],
       [80.],
       [80.],
       [80.],
       [80.],
       [80.],
       [80.],
       [80.],
       [80.],
       [80.],
       [80.],
       [80.],
       [80.],
       [80.],
       [80.],
       [80.],
       [80.],
       [80.],
       [80.],
       [80.],
       [80.],
       [80.],
       [80.],
       [80.],
       [80.],
       [80.],
       [80.],
       [80.],
       [80.],
       [80.],
       [80.],
       [80.],
       [80.],
       [80.],
       [80.],
       [80.],
       [80.],
       [80.],
       [80.],
       [80.],
       [80.],
       [80.],
       [80.],
       [80.],
       [80.],
       [80.],
       [80.],
       [80.],
       [80.],
       [80.],
       [80.],
       [80.],
       [80.],
       [80.],
       [80.],
       [80.],
       [80.],
       [80.],
       [80.],
       [80.],
       [80.],
       [80.],
       [80.],
       [80.],
       [80.],
       [80.],
       [80.],
       [80.],
       [80.],
       [80.],
       [80.],
       [80.],
       [80.],
       [80.],
       [80.],
       [80.],
       [80.],
       [80.],
       [80.],
       [80.],
       [80.],
       [80.],
       [80.],
       [80.],
       [80.],
       [80.],
       [80.],
       [80.],
       [80.],
       [80.],
       [80.],
       [80.],
       [80.],
       [80.],
       [80.],
       [80.],
       [80.],
       [80.],
       [80.],
       [80.],
       [80.],
       [80.],
       [80.],
       [80.],
       [80.],
       [80.],
       [80.],
       [80.],
       [80.],
       [80.],
       [80.],
       [80.],
       [80.],
       [80.],
       [80.],
       [80.],
       [80.],
       [80.],
       [80.],
       [80.],
       [80.],
       [80.],
       [80.],
       [80.],
       [80.],
       [80.],
       [80.],
       [80.],
       [80.],
       [80.],
       [80.],
       [80.],
       [80.],
       [80.],
       [80.],
       [80.],
       [80.],
       [80.],
       [80.],
       [80.],
       [80.],
       [80.],
       [80.],
       [80.],
       [80.],
       [80.],
       [80.],
       [80.],
       [80.],
       [80.],
       [80.],
       [80.]]), 'dt': 0.01, 'N': 400, 'l': 1e-05}","{'Q': 263.1578947368421, 'gbar': 17.894736842105264, 'T': 10000, 'supervisor': array([[-1.89214982e-17],
       [ 4.44288287e-04],
       [ 8.88576529e-04],
       ...,
       [-1.33286468e-03],
       [-8.88576529e-04],
       [-4.44288287e-04]]), 'BIAS': array([[80.],
       [80.],
       [80.],
       [80.],
       [80.],
       [80.],
       [80.],
       [80.],
       [80.],
       [80.],
       [80.],
       [80.],
       [80.],
       [80.],
       [80.],
       [80.],
       [80.],
       [80.],
       [80.],
       [80.],
       [80.],
       [80.],
       [80.],
       [80.],
       [80.],
       [80.],
       [80.],
       [80.],
       [80.],
       [80.],
       [80.],
       [80.],
       [80.],
       [80.],
       [80.],
       [80.],
       [80.],
       [80.],
       [80.],
       [80.],
       [80.],
       [80.],
       [80.],
       [80.],
       [80.],
       [80.],
       [80.],
       [80.],
       [80.],
       [80.],
       [80.],
       [80.],
       [80.],
       [80.],
       [80.],
       [80.],
       [80.],
       [80.],
       [80.],
       [80.],
       [80.],
       [80.],
       [80.],
       [80.],
       [80.],
       [80.],
       [80.],
       [80.],
       [80.],
       [80.],
       [80.],
       [80.],
       [80.],
       [80.],
       [80.],
       [80.],
       [80.],
       [80.],
       [80.],
       [80.],
       [80.],
       [80.],
       [80.],
       [80.],
       [80.],
       [80.],
       [80.],
       [80.],
       [80.],
       [80.],
       [80.],
       [80.],
       [80.],
       [80.],
       [80.],
       [80.],
       [80.],
       [80.],
       [80.],
       [80.],
       [80.],
       [80.],
       [80.],
       [80.],
       [80.],
       [80.],
       [80.],
       [80.],
       [80.],
       [80.],
       [80.],
       [80.],
       [80.],
       [80.],
       [80.],
       [80.],
       [80.],
       [80.],
       [80.],
       [80.],
       [80.],
       [80.],
       [80.],
       [80.],
       [80.],
       [80.],
       [80.],
       [80.],
       [80.],
       [80.],
       [80.],
       [80.],
       [80.],
       [80.],
       [80.],
       [80.],
       [80.],
       [80.],
       [80.],
       [80.],
       [80.],
       [80.],
       [80.],
       [80.],
       [80.],
       [80.],
       [80.],
       [80.],
       [80.],
       [80.],
       [80.],
       [80.],
       [80.],
       [80.],
       [80.],
       [80.],
       [80.],
       [80.],
       [80.],
       [80.],
       [80.],
       [80.],
       [80.],
       [80.],
       [80.],
       [80.],
       [80.],
       [80.],
       [80.],
       [80.],
       [80.],
       [80.],
       [80.],
       [80.],
       [80.],
       [80.],
       [80.],
       [80.],
       [80.],
       [80.],
       [80.],
       [80.],
       [80.],
       [80.],
       [80.],
       [80.],
       [80.],
       [80.],
       [80.],
       [80.],
       [80.],
       [80.],
       [80.],
       [80.],
       [80.],
       [80.],
       [80.],
       [80.],
       [80.],
       [80.],
       [80.],
       [80.],
       [80.],
       [80.],
       [80.],
       [80.],
       [80.],
       [80.],
       [80.],
       [80.],
       [80.],
       [80.],
       [80.],
       [80.],
       [80.],
       [80.],
       [80.],
       [80.],
       [80.],
       [80.],
       [80.],
       [80.],
       [80.],
       [80.],
       [80.],
       [80.],
       [80.],
       [80.],
       [80.],
       [80.],
       [80.],
       [80.],
       [80.],
       [80.],
       [80.],
       [80.],
       [80.],
       [80.],
       [80.],
       [80.],
       [80.],
       [80.],
       [80.],
       [80.],
       [80.],
       [80.],
       [80.],
       [80.],
       [80.],
       [80.],
       [80.],
       [80.],
       [80.],
       [80.],
       [80.],
       [80.],
       [80.],
       [80.],
       [80.],
       [80.],
       [80.],
       [80.],
       [80.],
       [80.],
       [80.],
       [80.],
       [80.],
       [80.],
       [80.],
       [80.],
       [80.],
       [80.],
       [80.],
       [80.],
       [80.],
       [80.],
       [80.],
       [80.],
       [80.],
       [80.],
       [80.],
       [80.],
       [80.],
       [80.],
       [80.],
       [80.],
       [80.],
       [80.],
       [80.],
       [80.],
       [80.],
       [80.],
       [80.],
       [80.],
       [80.],
       [80.],
       [80.],
       [80.],
       [80.],
       [80.],
       [80.],
       [80.],
       [80.],
       [80.],
       [80.],
       [80.],
       [80.],
       [80.],
       [80.],
       [80.],
       [80.],
       [80.],
       [80.],
       [80.],
       [80.],
       [80.],
       [80.],
       [80.],
       [80.],
       [80.],
       [80.],
       [80.],
       [80.],
       [80.],
       [80.],
       [80.],
       [80.],
       [80.],
       [80.],
       [80.],
       [80.],
       [80.],
       [80.],
       [80.],
       [80.],
       [80.],
       [80.],
       [80.],
       [80.],
       [80.],
       [80.],
       [80.],
       [80.],
       [80.],
       [80.],
       [80.],
       [80.],
       [80.],
       [80.],
       [80.],
       [80.],
       [80.],
       [80.],
       [80.],
       [80.],
       [80.],
       [80.],
       [80.],
       [80.],
       [80.],
       [80.],
       [80.],
       [80.],
       [80.],
       [80.],
       [80.],
       [80.],
       [80.],
       [80.],
       [80.],
       [80.],
       [80.],
       [80.],
       [80.],
       [80.],
       [80.],
       [80.],
       [80.],
       [80.],
       [80.],
       [80.],
       [80.],
       [80.],
       [80.],
       [80.],
       [80.],
       [80.],
       [80.],
       [80.],
       [80.],
       [80.],
       [80.],
       [80.],
       [80.],
       [80.],
       [80.],
       [80.],
       [80.],
       [80.],
       [80.]]), 'dt': 0.01, 'N': 400, 'l': 1e-05}","{'Q': 263.1578947368421, 'gbar': 18.94736842105263, 'T': 10000, 'supervisor': array([[-1.89214982e-17],
       [ 4.44288287e-04],
       [ 8.88576529e-04],
       ...,
       [-1.33286468e-03],
       [-8.88576529e-04],
       [-4.44288287e-04]]), 'BIAS': array([[80.],
       [80.],
       [80.],
       [80.],
       [80.],
       [80.],
       [80.],
       [80.],
       [80.],
       [80.],
       [80.],
       [80.],
       [80.],
       [80.],
       [80.],
       [80.],
       [80.],
       [80.],
       [80.],
       [80.],
       [80.],
       [80.],
       [80.],
       [80.],
       [80.],
       [80.],
       [80.],
       [80.],
       [80.],
       [80.],
       [80.],
       [80.],
       [80.],
       [80.],
       [80.],
       [80.],
       [80.],
       [80.],
       [80.],
       [80.],
       [80.],
       [80.],
       [80.],
       [80.],
       [80.],
       [80.],
       [80.],
       [80.],
       [80.],
       [80.],
       [80.],
       [80.],
       [80.],
       [80.],
       [80.],
       [80.],
       [80.],
       [80.],
       [80.],
       [80.],
       [80.],
       [80.],
       [80.],
       [80.],
       [80.],
       [80.],
       [80.],
       [80.],
       [80.],
       [80.],
       [80.],
       [80.],
       [80.],
       [80.],
       [80.],
       [80.],
       [80.],
       [80.],
       [80.],
       [80.],
       [80.],
       [80.],
       [80.],
       [80.],
       [80.],
       [80.],
       [80.],
       [80.],
       [80.],
       [80.],
       [80.],
       [80.],
       [80.],
       [80.],
       [80.],
       [80.],
       [80.],
       [80.],
       [80.],
       [80.],
       [80.],
       [80.],
       [80.],
       [80.],
       [80.],
       [80.],
       [80.],
       [80.],
       [80.],
       [80.],
       [80.],
       [80.],
       [80.],
       [80.],
       [80.],
       [80.],
       [80.],
       [80.],
       [80.],
       [80.],
       [80.],
       [80.],
       [80.],
       [80.],
       [80.],
       [80.],
       [80.],
       [80.],
       [80.],
       [80.],
       [80.],
       [80.],
       [80.],
       [80.],
       [80.],
       [80.],
       [80.],
       [80.],
       [80.],
       [80.],
       [80.],
       [80.],
       [80.],
       [80.],
       [80.],
       [80.],
       [80.],
       [80.],
       [80.],
       [80.],
       [80.],
       [80.],
       [80.],
       [80.],
       [80.],
       [80.],
       [80.],
       [80.],
       [80.],
       [80.],
       [80.],
       [80.],
       [80.],
       [80.],
       [80.],
       [80.],
       [80.],
       [80.],
       [80.],
       [80.],
       [80.],
       [80.],
       [80.],
       [80.],
       [80.],
       [80.],
       [80.],
       [80.],
       [80.],
       [80.],
       [80.],
       [80.],
       [80.],
       [80.],
       [80.],
       [80.],
       [80.],
       [80.],
       [80.],
       [80.],
       [80.],
       [80.],
       [80.],
       [80.],
       [80.],
       [80.],
       [80.],
       [80.],
       [80.],
       [80.],
       [80.],
       [80.],
       [80.],
       [80.],
       [80.],
       [80.],
       [80.],
       [80.],
       [80.],
       [80.],
       [80.],
       [80.],
       [80.],
       [80.],
       [80.],
       [80.],
       [80.],
       [80.],
       [80.],
       [80.],
       [80.],
       [80.],
       [80.],
       [80.],
       [80.],
       [80.],
       [80.],
       [80.],
       [80.],
       [80.],
       [80.],
       [80.],
       [80.],
       [80.],
       [80.],
       [80.],
       [80.],
       [80.],
       [80.],
       [80.],
       [80.],
       [80.],
       [80.],
       [80.],
       [80.],
       [80.],
       [80.],
       [80.],
       [80.],
       [80.],
       [80.],
       [80.],
       [80.],
       [80.],
       [80.],
       [80.],
       [80.],
       [80.],
       [80.],
       [80.],
       [80.],
       [80.],
       [80.],
       [80.],
       [80.],
       [80.],
       [80.],
       [80.],
       [80.],
       [80.],
       [80.],
       [80.],
       [80.],
       [80.],
       [80.],
       [80.],
       [80.],
       [80.],
       [80.],
       [80.],
       [80.],
       [80.],
       [80.],
       [80.],
       [80.],
       [80.],
       [80.],
       [80.],
       [80.],
       [80.],
       [80.],
       [80.],
       [80.],
       [80.],
       [80.],
       [80.],
       [80.],
       [80.],
       [80.],
       [80.],
       [80.],
       [80.],
       [80.],
       [80.],
       [80.],
       [80.],
       [80.],
       [80.],
       [80.],
       [80.],
       [80.],
       [80.],
       [80.],
       [80.],
       [80.],
       [80.],
       [80.],
       [80.],
       [80.],
       [80.],
       [80.],
       [80.],
       [80.],
       [80.],
       [80.],
       [80.],
       [80.],
       [80.],
       [80.],
       [80.],
       [80.],
       [80.],
       [80.],
       [80.],
       [80.],
       [80.],
       [80.],
       [80.],
       [80.],
       [80.],
       [80.],
       [80.],
       [80.],
       [80.],
       [80.],
       [80.],
       [80.],
       [80.],
       [80.],
       [80.],
       [80.],
       [80.],
       [80.],
       [80.],
       [80.],
       [80.],
       [80.],
       [80.],
       [80.],
       [80.],
       [80.],
       [80.],
       [80.],
       [80.],
       [80.],
       [80.],
       [80.],
       [80.],
       [80.],
       [80.],
       [80.],
       [80.],
       [80.],
       [80.],
       [80.],
       [80.],
       [80.],
       [80.],
       [80.],
       [80.],
       [80.],
       [80.],
       [80.],
       [80.],
       [80.],
       [80.],
       [80.],
       [80.],
       [80.],
       [80.],
       [80.],
       [80.],
       [80.],
       [80.],
       [80.],
       [80.],
       [80.],
       [80.],
       [80.],
       [80.]]), 'dt': 0.01, 'N': 400, 'l': 1e-05}","{'Q': 263.1578947368421, 'gbar': 20.0, 'T': 10000, 'supervisor': array([[-1.89214982e-17],
       [ 4.44288287e-04],
       [ 8.88576529e-04],
       ...,
       [-1.33286468e-03],
       [-8.88576529e-04],
       [-4.44288287e-04]]), 'BIAS': array([[80.],
       [80.],
       [80.],
       [80.],
       [80.],
       [80.],
       [80.],
       [80.],
       [80.],
       [80.],
       [80.],
       [80.],
       [80.],
       [80.],
       [80.],
       [80.],
       [80.],
       [80.],
       [80.],
       [80.],
       [80.],
       [80.],
       [80.],
       [80.],
       [80.],
       [80.],
       [80.],
       [80.],
       [80.],
       [80.],
       [80.],
       [80.],
       [80.],
       [80.],
       [80.],
       [80.],
       [80.],
       [80.],
       [80.],
       [80.],
       [80.],
       [80.],
       [80.],
       [80.],
       [80.],
       [80.],
       [80.],
       [80.],
       [80.],
       [80.],
       [80.],
       [80.],
       [80.],
       [80.],
       [80.],
       [80.],
       [80.],
       [80.],
       [80.],
       [80.],
       [80.],
       [80.],
       [80.],
       [80.],
       [80.],
       [80.],
       [80.],
       [80.],
       [80.],
       [80.],
       [80.],
       [80.],
       [80.],
       [80.],
       [80.],
       [80.],
       [80.],
       [80.],
       [80.],
       [80.],
       [80.],
       [80.],
       [80.],
       [80.],
       [80.],
       [80.],
       [80.],
       [80.],
       [80.],
       [80.],
       [80.],
       [80.],
       [80.],
       [80.],
       [80.],
       [80.],
       [80.],
       [80.],
       [80.],
       [80.],
       [80.],
       [80.],
       [80.],
       [80.],
       [80.],
       [80.],
       [80.],
       [80.],
       [80.],
       [80.],
       [80.],
       [80.],
       [80.],
       [80.],
       [80.],
       [80.],
       [80.],
       [80.],
       [80.],
       [80.],
       [80.],
       [80.],
       [80.],
       [80.],
       [80.],
       [80.],
       [80.],
       [80.],
       [80.],
       [80.],
       [80.],
       [80.],
       [80.],
       [80.],
       [80.],
       [80.],
       [80.],
       [80.],
       [80.],
       [80.],
       [80.],
       [80.],
       [80.],
       [80.],
       [80.],
       [80.],
       [80.],
       [80.],
       [80.],
       [80.],
       [80.],
       [80.],
       [80.],
       [80.],
       [80.],
       [80.],
       [80.],
       [80.],
       [80.],
       [80.],
       [80.],
       [80.],
       [80.],
       [80.],
       [80.],
       [80.],
       [80.],
       [80.],
       [80.],
       [80.],
       [80.],
       [80.],
       [80.],
       [80.],
       [80.],
       [80.],
       [80.],
       [80.],
       [80.],
       [80.],
       [80.],
       [80.],
       [80.],
       [80.],
       [80.],
       [80.],
       [80.],
       [80.],
       [80.],
       [80.],
       [80.],
       [80.],
       [80.],
       [80.],
       [80.],
       [80.],
       [80.],
       [80.],
       [80.],
       [80.],
       [80.],
       [80.],
       [80.],
       [80.],
       [80.],
       [80.],
       [80.],
       [80.],
       [80.],
       [80.],
       [80.],
       [80.],
       [80.],
       [80.],
       [80.],
       [80.],
       [80.],
       [80.],
       [80.],
       [80.],
       [80.],
       [80.],
       [80.],
       [80.],
       [80.],
       [80.],
       [80.],
       [80.],
       [80.],
       [80.],
       [80.],
       [80.],
       [80.],
       [80.],
       [80.],
       [80.],
       [80.],
       [80.],
       [80.],
       [80.],
       [80.],
       [80.],
       [80.],
       [80.],
       [80.],
       [80.],
       [80.],
       [80.],
       [80.],
       [80.],
       [80.],
       [80.],
       [80.],
       [80.],
       [80.],
       [80.],
       [80.],
       [80.],
       [80.],
       [80.],
       [80.],
       [80.],
       [80.],
       [80.],
       [80.],
       [80.],
       [80.],
       [80.],
       [80.],
       [80.],
       [80.],
       [80.],
       [80.],
       [80.],
       [80.],
       [80.],
       [80.],
       [80.],
       [80.],
       [80.],
       [80.],
       [80.],
       [80.],
       [80.],
       [80.],
       [80.],
       [80.],
       [80.],
       [80.],
       [80.],
       [80.],
       [80.],
       [80.],
       [80.],
       [80.],
       [80.],
       [80.],
       [80.],
       [80.],
       [80.],
       [80.],
       [80.],
       [80.],
       [80.],
       [80.],
       [80.],
       [80.],
       [80.],
       [80.],
       [80.],
       [80.],
       [80.],
       [80.],
       [80.],
       [80.],
       [80.],
       [80.],
       [80.],
       [80.],
       [80.],
       [80.],
       [80.],
       [80.],
       [80.],
       [80.],
       [80.],
       [80.],
       [80.],
       [80.],
       [80.],
       [80.],
       [80.],
       [80.],
       [80.],
       [80.],
       [80.],
       [80.],
       [80.],
       [80.],
       [80.],
       [80.],
       [80.],
       [80.],
       [80.],
       [80.],
       [80.],
       [80.],
       [80.],
       [80.],
       [80.],
       [80.],
       [80.],
       [80.],
       [80.],
       [80.],
       [80.],
       [80.],
       [80.],
       [80.],
       [80.],
       [80.],
       [80.],
       [80.],
       [80.],
       [80.],
       [80.],
       [80.],
       [80.],
       [80.],
       [80.],
       [80.],
       [80.],
       [80.],
       [80.],
       [80.],
       [80.],
       [80.],
       [80.],
       [80.],
       [80.],
       [80.],
       [80.],
       [80.],
       [80.],
       [80.],
       [80.],
       [80.],
       [80.],
       [80.],
       [80.],
       [80.],
       [80.],
       [80.],
       [80.],
       [80.],
       [80.],
       [80.],
       [80.],
       [80.],
       [80.]]), 'dt': 0.01, 'N': 400, 'l': 1e-05}"
"{'Q': 289.4736842105263, 'gbar': 0.0, 'T': 10000, 'supervisor': array([[-1.89214982e-17],
       [ 4.44288287e-04],
       [ 8.88576529e-04],
       ...,
       [-1.33286468e-03],
       [-8.88576529e-04],
       [-4.44288287e-04]]), 'BIAS': array([[80.],
       [80.],
       [80.],
       [80.],
       [80.],
       [80.],
       [80.],
       [80.],
       [80.],
       [80.],
       [80.],
       [80.],
       [80.],
       [80.],
       [80.],
       [80.],
       [80.],
       [80.],
       [80.],
       [80.],
       [80.],
       [80.],
       [80.],
       [80.],
       [80.],
       [80.],
       [80.],
       [80.],
       [80.],
       [80.],
       [80.],
       [80.],
       [80.],
       [80.],
       [80.],
       [80.],
       [80.],
       [80.],
       [80.],
       [80.],
       [80.],
       [80.],
       [80.],
       [80.],
       [80.],
       [80.],
       [80.],
       [80.],
       [80.],
       [80.],
       [80.],
       [80.],
       [80.],
       [80.],
       [80.],
       [80.],
       [80.],
       [80.],
       [80.],
       [80.],
       [80.],
       [80.],
       [80.],
       [80.],
       [80.],
       [80.],
       [80.],
       [80.],
       [80.],
       [80.],
       [80.],
       [80.],
       [80.],
       [80.],
       [80.],
       [80.],
       [80.],
       [80.],
       [80.],
       [80.],
       [80.],
       [80.],
       [80.],
       [80.],
       [80.],
       [80.],
       [80.],
       [80.],
       [80.],
       [80.],
       [80.],
       [80.],
       [80.],
       [80.],
       [80.],
       [80.],
       [80.],
       [80.],
       [80.],
       [80.],
       [80.],
       [80.],
       [80.],
       [80.],
       [80.],
       [80.],
       [80.],
       [80.],
       [80.],
       [80.],
       [80.],
       [80.],
       [80.],
       [80.],
       [80.],
       [80.],
       [80.],
       [80.],
       [80.],
       [80.],
       [80.],
       [80.],
       [80.],
       [80.],
       [80.],
       [80.],
       [80.],
       [80.],
       [80.],
       [80.],
       [80.],
       [80.],
       [80.],
       [80.],
       [80.],
       [80.],
       [80.],
       [80.],
       [80.],
       [80.],
       [80.],
       [80.],
       [80.],
       [80.],
       [80.],
       [80.],
       [80.],
       [80.],
       [80.],
       [80.],
       [80.],
       [80.],
       [80.],
       [80.],
       [80.],
       [80.],
       [80.],
       [80.],
       [80.],
       [80.],
       [80.],
       [80.],
       [80.],
       [80.],
       [80.],
       [80.],
       [80.],
       [80.],
       [80.],
       [80.],
       [80.],
       [80.],
       [80.],
       [80.],
       [80.],
       [80.],
       [80.],
       [80.],
       [80.],
       [80.],
       [80.],
       [80.],
       [80.],
       [80.],
       [80.],
       [80.],
       [80.],
       [80.],
       [80.],
       [80.],
       [80.],
       [80.],
       [80.],
       [80.],
       [80.],
       [80.],
       [80.],
       [80.],
       [80.],
       [80.],
       [80.],
       [80.],
       [80.],
       [80.],
       [80.],
       [80.],
       [80.],
       [80.],
       [80.],
       [80.],
       [80.],
       [80.],
       [80.],
       [80.],
       [80.],
       [80.],
       [80.],
       [80.],
       [80.],
       [80.],
       [80.],
       [80.],
       [80.],
       [80.],
       [80.],
       [80.],
       [80.],
       [80.],
       [80.],
       [80.],
       [80.],
       [80.],
       [80.],
       [80.],
       [80.],
       [80.],
       [80.],
       [80.],
       [80.],
       [80.],
       [80.],
       [80.],
       [80.],
       [80.],
       [80.],
       [80.],
       [80.],
       [80.],
       [80.],
       [80.],
       [80.],
       [80.],
       [80.],
       [80.],
       [80.],
       [80.],
       [80.],
       [80.],
       [80.],
       [80.],
       [80.],
       [80.],
       [80.],
       [80.],
       [80.],
       [80.],
       [80.],
       [80.],
       [80.],
       [80.],
       [80.],
       [80.],
       [80.],
       [80.],
       [80.],
       [80.],
       [80.],
       [80.],
       [80.],
       [80.],
       [80.],
       [80.],
       [80.],
       [80.],
       [80.],
       [80.],
       [80.],
       [80.],
       [80.],
       [80.],
       [80.],
       [80.],
       [80.],
       [80.],
       [80.],
       [80.],
       [80.],
       [80.],
       [80.],
       [80.],
       [80.],
       [80.],
       [80.],
       [80.],
       [80.],
       [80.],
       [80.],
       [80.],
       [80.],
       [80.],
       [80.],
       [80.],
       [80.],
       [80.],
       [80.],
       [80.],
       [80.],
       [80.],
       [80.],
       [80.],
       [80.],
       [80.],
       [80.],
       [80.],
       [80.],
       [80.],
       [80.],
       [80.],
       [80.],
       [80.],
       [80.],
       [80.],
       [80.],
       [80.],
       [80.],
       [80.],
       [80.],
       [80.],
       [80.],
       [80.],
       [80.],
       [80.],
       [80.],
       [80.],
       [80.],
       [80.],
       [80.],
       [80.],
       [80.],
       [80.],
       [80.],
       [80.],
       [80.],
       [80.],
       [80.],
       [80.],
       [80.],
       [80.],
       [80.],
       [80.],
       [80.],
       [80.],
       [80.],
       [80.],
       [80.],
       [80.],
       [80.],
       [80.],
       [80.],
       [80.],
       [80.],
       [80.],
       [80.],
       [80.],
       [80.],
       [80.],
       [80.],
       [80.],
       [80.],
       [80.],
       [80.],
       [80.],
       [80.],
       [80.],
       [80.],
       [80.],
       [80.],
       [80.],
       [80.],
       [80.],
       [80.],
       [80.],
       [80.],
       [80.],
       [80.],
       [80.],
       [80.],
       [80.],
       [80.],
       [80.]]), 'dt': 0.01, 'N': 400, 'l': 1e-05}","{'Q': 289.4736842105263, 'gbar': 1.0526315789473684, 'T': 10000, 'supervisor': array([[-1.89214982e-17],
       [ 4.44288287e-04],
       [ 8.88576529e-04],
       ...,
       [-1.33286468e-03],
       [-8.88576529e-04],
       [-4.44288287e-04]]), 'BIAS': array([[80.],
       [80.],
       [80.],
       [80.],
       [80.],
       [80.],
       [80.],
       [80.],
       [80.],
       [80.],
       [80.],
       [80.],
       [80.],
       [80.],
       [80.],
       [80.],
       [80.],
       [80.],
       [80.],
       [80.],
       [80.],
       [80.],
       [80.],
       [80.],
       [80.],
       [80.],
       [80.],
       [80.],
       [80.],
       [80.],
       [80.],
       [80.],
       [80.],
       [80.],
       [80.],
       [80.],
       [80.],
       [80.],
       [80.],
       [80.],
       [80.],
       [80.],
       [80.],
       [80.],
       [80.],
       [80.],
       [80.],
       [80.],
       [80.],
       [80.],
       [80.],
       [80.],
       [80.],
       [80.],
       [80.],
       [80.],
       [80.],
       [80.],
       [80.],
       [80.],
       [80.],
       [80.],
       [80.],
       [80.],
       [80.],
       [80.],
       [80.],
       [80.],
       [80.],
       [80.],
       [80.],
       [80.],
       [80.],
       [80.],
       [80.],
       [80.],
       [80.],
       [80.],
       [80.],
       [80.],
       [80.],
       [80.],
       [80.],
       [80.],
       [80.],
       [80.],
       [80.],
       [80.],
       [80.],
       [80.],
       [80.],
       [80.],
       [80.],
       [80.],
       [80.],
       [80.],
       [80.],
       [80.],
       [80.],
       [80.],
       [80.],
       [80.],
       [80.],
       [80.],
       [80.],
       [80.],
       [80.],
       [80.],
       [80.],
       [80.],
       [80.],
       [80.],
       [80.],
       [80.],
       [80.],
       [80.],
       [80.],
       [80.],
       [80.],
       [80.],
       [80.],
       [80.],
       [80.],
       [80.],
       [80.],
       [80.],
       [80.],
       [80.],
       [80.],
       [80.],
       [80.],
       [80.],
       [80.],
       [80.],
       [80.],
       [80.],
       [80.],
       [80.],
       [80.],
       [80.],
       [80.],
       [80.],
       [80.],
       [80.],
       [80.],
       [80.],
       [80.],
       [80.],
       [80.],
       [80.],
       [80.],
       [80.],
       [80.],
       [80.],
       [80.],
       [80.],
       [80.],
       [80.],
       [80.],
       [80.],
       [80.],
       [80.],
       [80.],
       [80.],
       [80.],
       [80.],
       [80.],
       [80.],
       [80.],
       [80.],
       [80.],
       [80.],
       [80.],
       [80.],
       [80.],
       [80.],
       [80.],
       [80.],
       [80.],
       [80.],
       [80.],
       [80.],
       [80.],
       [80.],
       [80.],
       [80.],
       [80.],
       [80.],
       [80.],
       [80.],
       [80.],
       [80.],
       [80.],
       [80.],
       [80.],
       [80.],
       [80.],
       [80.],
       [80.],
       [80.],
       [80.],
       [80.],
       [80.],
       [80.],
       [80.],
       [80.],
       [80.],
       [80.],
       [80.],
       [80.],
       [80.],
       [80.],
       [80.],
       [80.],
       [80.],
       [80.],
       [80.],
       [80.],
       [80.],
       [80.],
       [80.],
       [80.],
       [80.],
       [80.],
       [80.],
       [80.],
       [80.],
       [80.],
       [80.],
       [80.],
       [80.],
       [80.],
       [80.],
       [80.],
       [80.],
       [80.],
       [80.],
       [80.],
       [80.],
       [80.],
       [80.],
       [80.],
       [80.],
       [80.],
       [80.],
       [80.],
       [80.],
       [80.],
       [80.],
       [80.],
       [80.],
       [80.],
       [80.],
       [80.],
       [80.],
       [80.],
       [80.],
       [80.],
       [80.],
       [80.],
       [80.],
       [80.],
       [80.],
       [80.],
       [80.],
       [80.],
       [80.],
       [80.],
       [80.],
       [80.],
       [80.],
       [80.],
       [80.],
       [80.],
       [80.],
       [80.],
       [80.],
       [80.],
       [80.],
       [80.],
       [80.],
       [80.],
       [80.],
       [80.],
       [80.],
       [80.],
       [80.],
       [80.],
       [80.],
       [80.],
       [80.],
       [80.],
       [80.],
       [80.],
       [80.],
       [80.],
       [80.],
       [80.],
       [80.],
       [80.],
       [80.],
       [80.],
       [80.],
       [80.],
       [80.],
       [80.],
       [80.],
       [80.],
       [80.],
       [80.],
       [80.],
       [80.],
       [80.],
       [80.],
       [80.],
       [80.],
       [80.],
       [80.],
       [80.],
       [80.],
       [80.],
       [80.],
       [80.],
       [80.],
       [80.],
       [80.],
       [80.],
       [80.],
       [80.],
       [80.],
       [80.],
       [80.],
       [80.],
       [80.],
       [80.],
       [80.],
       [80.],
       [80.],
       [80.],
       [80.],
       [80.],
       [80.],
       [80.],
       [80.],
       [80.],
       [80.],
       [80.],
       [80.],
       [80.],
       [80.],
       [80.],
       [80.],
       [80.],
       [80.],
       [80.],
       [80.],
       [80.],
       [80.],
       [80.],
       [80.],
       [80.],
       [80.],
       [80.],
       [80.],
       [80.],
       [80.],
       [80.],
       [80.],
       [80.],
       [80.],
       [80.],
       [80.],
       [80.],
       [80.],
       [80.],
       [80.],
       [80.],
       [80.],
       [80.],
       [80.],
       [80.],
       [80.],
       [80.],
       [80.],
       [80.],
       [80.],
       [80.],
       [80.],
       [80.],
       [80.],
       [80.],
       [80.],
       [80.],
       [80.],
       [80.],
       [80.],
       [80.],
       [80.],
       [80.],
       [80.]]), 'dt': 0.01, 'N': 400, 'l': 1e-05}","{'Q': 289.4736842105263, 'gbar': 2.1052631578947367, 'T': 10000, 'supervisor': array([[-1.89214982e-17],
       [ 4.44288287e-04],
       [ 8.88576529e-04],
       ...,
       [-1.33286468e-03],
       [-8.88576529e-04],
       [-4.44288287e-04]]), 'BIAS': array([[80.],
       [80.],
       [80.],
       [80.],
       [80.],
       [80.],
       [80.],
       [80.],
       [80.],
       [80.],
       [80.],
       [80.],
       [80.],
       [80.],
       [80.],
       [80.],
       [80.],
       [80.],
       [80.],
       [80.],
       [80.],
       [80.],
       [80.],
       [80.],
       [80.],
       [80.],
       [80.],
       [80.],
       [80.],
       [80.],
       [80.],
       [80.],
       [80.],
       [80.],
       [80.],
       [80.],
       [80.],
       [80.],
       [80.],
       [80.],
       [80.],
       [80.],
       [80.],
       [80.],
       [80.],
       [80.],
       [80.],
       [80.],
       [80.],
       [80.],
       [80.],
       [80.],
       [80.],
       [80.],
       [80.],
       [80.],
       [80.],
       [80.],
       [80.],
       [80.],
       [80.],
       [80.],
       [80.],
       [80.],
       [80.],
       [80.],
       [80.],
       [80.],
       [80.],
       [80.],
       [80.],
       [80.],
       [80.],
       [80.],
       [80.],
       [80.],
       [80.],
       [80.],
       [80.],
       [80.],
       [80.],
       [80.],
       [80.],
       [80.],
       [80.],
       [80.],
       [80.],
       [80.],
       [80.],
       [80.],
       [80.],
       [80.],
       [80.],
       [80.],
       [80.],
       [80.],
       [80.],
       [80.],
       [80.],
       [80.],
       [80.],
       [80.],
       [80.],
       [80.],
       [80.],
       [80.],
       [80.],
       [80.],
       [80.],
       [80.],
       [80.],
       [80.],
       [80.],
       [80.],
       [80.],
       [80.],
       [80.],
       [80.],
       [80.],
       [80.],
       [80.],
       [80.],
       [80.],
       [80.],
       [80.],
       [80.],
       [80.],
       [80.],
       [80.],
       [80.],
       [80.],
       [80.],
       [80.],
       [80.],
       [80.],
       [80.],
       [80.],
       [80.],
       [80.],
       [80.],
       [80.],
       [80.],
       [80.],
       [80.],
       [80.],
       [80.],
       [80.],
       [80.],
       [80.],
       [80.],
       [80.],
       [80.],
       [80.],
       [80.],
       [80.],
       [80.],
       [80.],
       [80.],
       [80.],
       [80.],
       [80.],
       [80.],
       [80.],
       [80.],
       [80.],
       [80.],
       [80.],
       [80.],
       [80.],
       [80.],
       [80.],
       [80.],
       [80.],
       [80.],
       [80.],
       [80.],
       [80.],
       [80.],
       [80.],
       [80.],
       [80.],
       [80.],
       [80.],
       [80.],
       [80.],
       [80.],
       [80.],
       [80.],
       [80.],
       [80.],
       [80.],
       [80.],
       [80.],
       [80.],
       [80.],
       [80.],
       [80.],
       [80.],
       [80.],
       [80.],
       [80.],
       [80.],
       [80.],
       [80.],
       [80.],
       [80.],
       [80.],
       [80.],
       [80.],
       [80.],
       [80.],
       [80.],
       [80.],
       [80.],
       [80.],
       [80.],
       [80.],
       [80.],
       [80.],
       [80.],
       [80.],
       [80.],
       [80.],
       [80.],
       [80.],
       [80.],
       [80.],
       [80.],
       [80.],
       [80.],
       [80.],
       [80.],
       [80.],
       [80.],
       [80.],
       [80.],
       [80.],
       [80.],
       [80.],
       [80.],
       [80.],
       [80.],
       [80.],
       [80.],
       [80.],
       [80.],
       [80.],
       [80.],
       [80.],
       [80.],
       [80.],
       [80.],
       [80.],
       [80.],
       [80.],
       [80.],
       [80.],
       [80.],
       [80.],
       [80.],
       [80.],
       [80.],
       [80.],
       [80.],
       [80.],
       [80.],
       [80.],
       [80.],
       [80.],
       [80.],
       [80.],
       [80.],
       [80.],
       [80.],
       [80.],
       [80.],
       [80.],
       [80.],
       [80.],
       [80.],
       [80.],
       [80.],
       [80.],
       [80.],
       [80.],
       [80.],
       [80.],
       [80.],
       [80.],
       [80.],
       [80.],
       [80.],
       [80.],
       [80.],
       [80.],
       [80.],
       [80.],
       [80.],
       [80.],
       [80.],
       [80.],
       [80.],
       [80.],
       [80.],
       [80.],
       [80.],
       [80.],
       [80.],
       [80.],
       [80.],
       [80.],
       [80.],
       [80.],
       [80.],
       [80.],
       [80.],
       [80.],
       [80.],
       [80.],
       [80.],
       [80.],
       [80.],
       [80.],
       [80.],
       [80.],
       [80.],
       [80.],
       [80.],
       [80.],
       [80.],
       [80.],
       [80.],
       [80.],
       [80.],
       [80.],
       [80.],
       [80.],
       [80.],
       [80.],
       [80.],
       [80.],
       [80.],
       [80.],
       [80.],
       [80.],
       [80.],
       [80.],
       [80.],
       [80.],
       [80.],
       [80.],
       [80.],
       [80.],
       [80.],
       [80.],
       [80.],
       [80.],
       [80.],
       [80.],
       [80.],
       [80.],
       [80.],
       [80.],
       [80.],
       [80.],
       [80.],
       [80.],
       [80.],
       [80.],
       [80.],
       [80.],
       [80.],
       [80.],
       [80.],
       [80.],
       [80.],
       [80.],
       [80.],
       [80.],
       [80.],
       [80.],
       [80.],
       [80.],
       [80.],
       [80.],
       [80.],
       [80.],
       [80.],
       [80.],
       [80.],
       [80.],
       [80.],
       [80.],
       [80.],
       [80.],
       [80.],
       [80.],
       [80.],
       [80.],
       [80.]]), 'dt': 0.01, 'N': 400, 'l': 1e-05}","{'Q': 289.4736842105263, 'gbar': 3.1578947368421053, 'T': 10000, 'supervisor': array([[-1.89214982e-17],
       [ 4.44288287e-04],
       [ 8.88576529e-04],
       ...,
       [-1.33286468e-03],
       [-8.88576529e-04],
       [-4.44288287e-04]]), 'BIAS': array([[80.],
       [80.],
       [80.],
       [80.],
       [80.],
       [80.],
       [80.],
       [80.],
       [80.],
       [80.],
       [80.],
       [80.],
       [80.],
       [80.],
       [80.],
       [80.],
       [80.],
       [80.],
       [80.],
       [80.],
       [80.],
       [80.],
       [80.],
       [80.],
       [80.],
       [80.],
       [80.],
       [80.],
       [80.],
       [80.],
       [80.],
       [80.],
       [80.],
       [80.],
       [80.],
       [80.],
       [80.],
       [80.],
       [80.],
       [80.],
       [80.],
       [80.],
       [80.],
       [80.],
       [80.],
       [80.],
       [80.],
       [80.],
       [80.],
       [80.],
       [80.],
       [80.],
       [80.],
       [80.],
       [80.],
       [80.],
       [80.],
       [80.],
       [80.],
       [80.],
       [80.],
       [80.],
       [80.],
       [80.],
       [80.],
       [80.],
       [80.],
       [80.],
       [80.],
       [80.],
       [80.],
       [80.],
       [80.],
       [80.],
       [80.],
       [80.],
       [80.],
       [80.],
       [80.],
       [80.],
       [80.],
       [80.],
       [80.],
       [80.],
       [80.],
       [80.],
       [80.],
       [80.],
       [80.],
       [80.],
       [80.],
       [80.],
       [80.],
       [80.],
       [80.],
       [80.],
       [80.],
       [80.],
       [80.],
       [80.],
       [80.],
       [80.],
       [80.],
       [80.],
       [80.],
       [80.],
       [80.],
       [80.],
       [80.],
       [80.],
       [80.],
       [80.],
       [80.],
       [80.],
       [80.],
       [80.],
       [80.],
       [80.],
       [80.],
       [80.],
       [80.],
       [80.],
       [80.],
       [80.],
       [80.],
       [80.],
       [80.],
       [80.],
       [80.],
       [80.],
       [80.],
       [80.],
       [80.],
       [80.],
       [80.],
       [80.],
       [80.],
       [80.],
       [80.],
       [80.],
       [80.],
       [80.],
       [80.],
       [80.],
       [80.],
       [80.],
       [80.],
       [80.],
       [80.],
       [80.],
       [80.],
       [80.],
       [80.],
       [80.],
       [80.],
       [80.],
       [80.],
       [80.],
       [80.],
       [80.],
       [80.],
       [80.],
       [80.],
       [80.],
       [80.],
       [80.],
       [80.],
       [80.],
       [80.],
       [80.],
       [80.],
       [80.],
       [80.],
       [80.],
       [80.],
       [80.],
       [80.],
       [80.],
       [80.],
       [80.],
       [80.],
       [80.],
       [80.],
       [80.],
       [80.],
       [80.],
       [80.],
       [80.],
       [80.],
       [80.],
       [80.],
       [80.],
       [80.],
       [80.],
       [80.],
       [80.],
       [80.],
       [80.],
       [80.],
       [80.],
       [80.],
       [80.],
       [80.],
       [80.],
       [80.],
       [80.],
       [80.],
       [80.],
       [80.],
       [80.],
       [80.],
       [80.],
       [80.],
       [80.],
       [80.],
       [80.],
       [80.],
       [80.],
       [80.],
       [80.],
       [80.],
       [80.],
       [80.],
       [80.],
       [80.],
       [80.],
       [80.],
       [80.],
       [80.],
       [80.],
       [80.],
       [80.],
       [80.],
       [80.],
       [80.],
       [80.],
       [80.],
       [80.],
       [80.],
       [80.],
       [80.],
       [80.],
       [80.],
       [80.],
       [80.],
       [80.],
       [80.],
       [80.],
       [80.],
       [80.],
       [80.],
       [80.],
       [80.],
       [80.],
       [80.],
       [80.],
       [80.],
       [80.],
       [80.],
       [80.],
       [80.],
       [80.],
       [80.],
       [80.],
       [80.],
       [80.],
       [80.],
       [80.],
       [80.],
       [80.],
       [80.],
       [80.],
       [80.],
       [80.],
       [80.],
       [80.],
       [80.],
       [80.],
       [80.],
       [80.],
       [80.],
       [80.],
       [80.],
       [80.],
       [80.],
       [80.],
       [80.],
       [80.],
       [80.],
       [80.],
       [80.],
       [80.],
       [80.],
       [80.],
       [80.],
       [80.],
       [80.],
       [80.],
       [80.],
       [80.],
       [80.],
       [80.],
       [80.],
       [80.],
       [80.],
       [80.],
       [80.],
       [80.],
       [80.],
       [80.],
       [80.],
       [80.],
       [80.],
       [80.],
       [80.],
       [80.],
       [80.],
       [80.],
       [80.],
       [80.],
       [80.],
       [80.],
       [80.],
       [80.],
       [80.],
       [80.],
       [80.],
       [80.],
       [80.],
       [80.],
       [80.],
       [80.],
       [80.],
       [80.],
       [80.],
       [80.],
       [80.],
       [80.],
       [80.],
       [80.],
       [80.],
       [80.],
       [80.],
       [80.],
       [80.],
       [80.],
       [80.],
       [80.],
       [80.],
       [80.],
       [80.],
       [80.],
       [80.],
       [80.],
       [80.],
       [80.],
       [80.],
       [80.],
       [80.],
       [80.],
       [80.],
       [80.],
       [80.],
       [80.],
       [80.],
       [80.],
       [80.],
       [80.],
       [80.],
       [80.],
       [80.],
       [80.],
       [80.],
       [80.],
       [80.],
       [80.],
       [80.],
       [80.],
       [80.],
       [80.],
       [80.],
       [80.],
       [80.],
       [80.],
       [80.],
       [80.],
       [80.],
       [80.],
       [80.],
       [80.],
       [80.],
       [80.],
       [80.],
       [80.],
       [80.],
       [80.],
       [80.],
       [80.],
       [80.],
       [80.]]), 'dt': 0.01, 'N': 400, 'l': 1e-05}","{'Q': 289.4736842105263, 'gbar': 4.2105263157894735, 'T': 10000, 'supervisor': array([[-1.89214982e-17],
       [ 4.44288287e-04],
       [ 8.88576529e-04],
       ...,
       [-1.33286468e-03],
       [-8.88576529e-04],
       [-4.44288287e-04]]), 'BIAS': array([[80.],
       [80.],
       [80.],
       [80.],
       [80.],
       [80.],
       [80.],
       [80.],
       [80.],
       [80.],
       [80.],
       [80.],
       [80.],
       [80.],
       [80.],
       [80.],
       [80.],
       [80.],
       [80.],
       [80.],
       [80.],
       [80.],
       [80.],
       [80.],
       [80.],
       [80.],
       [80.],
       [80.],
       [80.],
       [80.],
       [80.],
       [80.],
       [80.],
       [80.],
       [80.],
       [80.],
       [80.],
       [80.],
       [80.],
       [80.],
       [80.],
       [80.],
       [80.],
       [80.],
       [80.],
       [80.],
       [80.],
       [80.],
       [80.],
       [80.],
       [80.],
       [80.],
       [80.],
       [80.],
       [80.],
       [80.],
       [80.],
       [80.],
       [80.],
       [80.],
       [80.],
       [80.],
       [80.],
       [80.],
       [80.],
       [80.],
       [80.],
       [80.],
       [80.],
       [80.],
       [80.],
       [80.],
       [80.],
       [80.],
       [80.],
       [80.],
       [80.],
       [80.],
       [80.],
       [80.],
       [80.],
       [80.],
       [80.],
       [80.],
       [80.],
       [80.],
       [80.],
       [80.],
       [80.],
       [80.],
       [80.],
       [80.],
       [80.],
       [80.],
       [80.],
       [80.],
       [80.],
       [80.],
       [80.],
       [80.],
       [80.],
       [80.],
       [80.],
       [80.],
       [80.],
       [80.],
       [80.],
       [80.],
       [80.],
       [80.],
       [80.],
       [80.],
       [80.],
       [80.],
       [80.],
       [80.],
       [80.],
       [80.],
       [80.],
       [80.],
       [80.],
       [80.],
       [80.],
       [80.],
       [80.],
       [80.],
       [80.],
       [80.],
       [80.],
       [80.],
       [80.],
       [80.],
       [80.],
       [80.],
       [80.],
       [80.],
       [80.],
       [80.],
       [80.],
       [80.],
       [80.],
       [80.],
       [80.],
       [80.],
       [80.],
       [80.],
       [80.],
       [80.],
       [80.],
       [80.],
       [80.],
       [80.],
       [80.],
       [80.],
       [80.],
       [80.],
       [80.],
       [80.],
       [80.],
       [80.],
       [80.],
       [80.],
       [80.],
       [80.],
       [80.],
       [80.],
       [80.],
       [80.],
       [80.],
       [80.],
       [80.],
       [80.],
       [80.],
       [80.],
       [80.],
       [80.],
       [80.],
       [80.],
       [80.],
       [80.],
       [80.],
       [80.],
       [80.],
       [80.],
       [80.],
       [80.],
       [80.],
       [80.],
       [80.],
       [80.],
       [80.],
       [80.],
       [80.],
       [80.],
       [80.],
       [80.],
       [80.],
       [80.],
       [80.],
       [80.],
       [80.],
       [80.],
       [80.],
       [80.],
       [80.],
       [80.],
       [80.],
       [80.],
       [80.],
       [80.],
       [80.],
       [80.],
       [80.],
       [80.],
       [80.],
       [80.],
       [80.],
       [80.],
       [80.],
       [80.],
       [80.],
       [80.],
       [80.],
       [80.],
       [80.],
       [80.],
       [80.],
       [80.],
       [80.],
       [80.],
       [80.],
       [80.],
       [80.],
       [80.],
       [80.],
       [80.],
       [80.],
       [80.],
       [80.],
       [80.],
       [80.],
       [80.],
       [80.],
       [80.],
       [80.],
       [80.],
       [80.],
       [80.],
       [80.],
       [80.],
       [80.],
       [80.],
       [80.],
       [80.],
       [80.],
       [80.],
       [80.],
       [80.],
       [80.],
       [80.],
       [80.],
       [80.],
       [80.],
       [80.],
       [80.],
       [80.],
       [80.],
       [80.],
       [80.],
       [80.],
       [80.],
       [80.],
       [80.],
       [80.],
       [80.],
       [80.],
       [80.],
       [80.],
       [80.],
       [80.],
       [80.],
       [80.],
       [80.],
       [80.],
       [80.],
       [80.],
       [80.],
       [80.],
       [80.],
       [80.],
       [80.],
       [80.],
       [80.],
       [80.],
       [80.],
       [80.],
       [80.],
       [80.],
       [80.],
       [80.],
       [80.],
       [80.],
       [80.],
       [80.],
       [80.],
       [80.],
       [80.],
       [80.],
       [80.],
       [80.],
       [80.],
       [80.],
       [80.],
       [80.],
       [80.],
       [80.],
       [80.],
       [80.],
       [80.],
       [80.],
       [80.],
       [80.],
       [80.],
       [80.],
       [80.],
       [80.],
       [80.],
       [80.],
       [80.],
       [80.],
       [80.],
       [80.],
       [80.],
       [80.],
       [80.],
       [80.],
       [80.],
       [80.],
       [80.],
       [80.],
       [80.],
       [80.],
       [80.],
       [80.],
       [80.],
       [80.],
       [80.],
       [80.],
       [80.],
       [80.],
       [80.],
       [80.],
       [80.],
       [80.],
       [80.],
       [80.],
       [80.],
       [80.],
       [80.],
       [80.],
       [80.],
       [80.],
       [80.],
       [80.],
       [80.],
       [80.],
       [80.],
       [80.],
       [80.],
       [80.],
       [80.],
       [80.],
       [80.],
       [80.],
       [80.],
       [80.],
       [80.],
       [80.],
       [80.],
       [80.],
       [80.],
       [80.],
       [80.],
       [80.],
       [80.],
       [80.],
       [80.],
       [80.],
       [80.],
       [80.],
       [80.],
       [80.],
       [80.],
       [80.],
       [80.],
       [80.],
       [80.],
       [80.],
       [80.],
       [80.]]), 'dt': 0.01, 'N': 400, 'l': 1e-05}","{'Q': 289.4736842105263, 'gbar': 5.263157894736842, 'T': 10000, 'supervisor': array([[-1.89214982e-17],
       [ 4.44288287e-04],
       [ 8.88576529e-04],
       ...,
       [-1.33286468e-03],
       [-8.88576529e-04],
       [-4.44288287e-04]]), 'BIAS': array([[80.],
       [80.],
       [80.],
       [80.],
       [80.],
       [80.],
       [80.],
       [80.],
       [80.],
       [80.],
       [80.],
       [80.],
       [80.],
       [80.],
       [80.],
       [80.],
       [80.],
       [80.],
       [80.],
       [80.],
       [80.],
       [80.],
       [80.],
       [80.],
       [80.],
       [80.],
       [80.],
       [80.],
       [80.],
       [80.],
       [80.],
       [80.],
       [80.],
       [80.],
       [80.],
       [80.],
       [80.],
       [80.],
       [80.],
       [80.],
       [80.],
       [80.],
       [80.],
       [80.],
       [80.],
       [80.],
       [80.],
       [80.],
       [80.],
       [80.],
       [80.],
       [80.],
       [80.],
       [80.],
       [80.],
       [80.],
       [80.],
       [80.],
       [80.],
       [80.],
       [80.],
       [80.],
       [80.],
       [80.],
       [80.],
       [80.],
       [80.],
       [80.],
       [80.],
       [80.],
       [80.],
       [80.],
       [80.],
       [80.],
       [80.],
       [80.],
       [80.],
       [80.],
       [80.],
       [80.],
       [80.],
       [80.],
       [80.],
       [80.],
       [80.],
       [80.],
       [80.],
       [80.],
       [80.],
       [80.],
       [80.],
       [80.],
       [80.],
       [80.],
       [80.],
       [80.],
       [80.],
       [80.],
       [80.],
       [80.],
       [80.],
       [80.],
       [80.],
       [80.],
       [80.],
       [80.],
       [80.],
       [80.],
       [80.],
       [80.],
       [80.],
       [80.],
       [80.],
       [80.],
       [80.],
       [80.],
       [80.],
       [80.],
       [80.],
       [80.],
       [80.],
       [80.],
       [80.],
       [80.],
       [80.],
       [80.],
       [80.],
       [80.],
       [80.],
       [80.],
       [80.],
       [80.],
       [80.],
       [80.],
       [80.],
       [80.],
       [80.],
       [80.],
       [80.],
       [80.],
       [80.],
       [80.],
       [80.],
       [80.],
       [80.],
       [80.],
       [80.],
       [80.],
       [80.],
       [80.],
       [80.],
       [80.],
       [80.],
       [80.],
       [80.],
       [80.],
       [80.],
       [80.],
       [80.],
       [80.],
       [80.],
       [80.],
       [80.],
       [80.],
       [80.],
       [80.],
       [80.],
       [80.],
       [80.],
       [80.],
       [80.],
       [80.],
       [80.],
       [80.],
       [80.],
       [80.],
       [80.],
       [80.],
       [80.],
       [80.],
       [80.],
       [80.],
       [80.],
       [80.],
       [80.],
       [80.],
       [80.],
       [80.],
       [80.],
       [80.],
       [80.],
       [80.],
       [80.],
       [80.],
       [80.],
       [80.],
       [80.],
       [80.],
       [80.],
       [80.],
       [80.],
       [80.],
       [80.],
       [80.],
       [80.],
       [80.],
       [80.],
       [80.],
       [80.],
       [80.],
       [80.],
       [80.],
       [80.],
       [80.],
       [80.],
       [80.],
       [80.],
       [80.],
       [80.],
       [80.],
       [80.],
       [80.],
       [80.],
       [80.],
       [80.],
       [80.],
       [80.],
       [80.],
       [80.],
       [80.],
       [80.],
       [80.],
       [80.],
       [80.],
       [80.],
       [80.],
       [80.],
       [80.],
       [80.],
       [80.],
       [80.],
       [80.],
       [80.],
       [80.],
       [80.],
       [80.],
       [80.],
       [80.],
       [80.],
       [80.],
       [80.],
       [80.],
       [80.],
       [80.],
       [80.],
       [80.],
       [80.],
       [80.],
       [80.],
       [80.],
       [80.],
       [80.],
       [80.],
       [80.],
       [80.],
       [80.],
       [80.],
       [80.],
       [80.],
       [80.],
       [80.],
       [80.],
       [80.],
       [80.],
       [80.],
       [80.],
       [80.],
       [80.],
       [80.],
       [80.],
       [80.],
       [80.],
       [80.],
       [80.],
       [80.],
       [80.],
       [80.],
       [80.],
       [80.],
       [80.],
       [80.],
       [80.],
       [80.],
       [80.],
       [80.],
       [80.],
       [80.],
       [80.],
       [80.],
       [80.],
       [80.],
       [80.],
       [80.],
       [80.],
       [80.],
       [80.],
       [80.],
       [80.],
       [80.],
       [80.],
       [80.],
       [80.],
       [80.],
       [80.],
       [80.],
       [80.],
       [80.],
       [80.],
       [80.],
       [80.],
       [80.],
       [80.],
       [80.],
       [80.],
       [80.],
       [80.],
       [80.],
       [80.],
       [80.],
       [80.],
       [80.],
       [80.],
       [80.],
       [80.],
       [80.],
       [80.],
       [80.],
       [80.],
       [80.],
       [80.],
       [80.],
       [80.],
       [80.],
       [80.],
       [80.],
       [80.],
       [80.],
       [80.],
       [80.],
       [80.],
       [80.],
       [80.],
       [80.],
       [80.],
       [80.],
       [80.],
       [80.],
       [80.],
       [80.],
       [80.],
       [80.],
       [80.],
       [80.],
       [80.],
       [80.],
       [80.],
       [80.],
       [80.],
       [80.],
       [80.],
       [80.],
       [80.],
       [80.],
       [80.],
       [80.],
       [80.],
       [80.],
       [80.],
       [80.],
       [80.],
       [80.],
       [80.],
       [80.],
       [80.],
       [80.],
       [80.],
       [80.],
       [80.],
       [80.],
       [80.],
       [80.],
       [80.],
       [80.],
       [80.],
       [80.],
       [80.],
       [80.],
       [80.],
       [80.],
       [80.]]), 'dt': 0.01, 'N': 400, 'l': 1e-05}","{'Q': 289.4736842105263, 'gbar': 6.315789473684211, 'T': 10000, 'supervisor': array([[-1.89214982e-17],
       [ 4.44288287e-04],
       [ 8.88576529e-04],
       ...,
       [-1.33286468e-03],
       [-8.88576529e-04],
       [-4.44288287e-04]]), 'BIAS': array([[80.],
       [80.],
       [80.],
       [80.],
       [80.],
       [80.],
       [80.],
       [80.],
       [80.],
       [80.],
       [80.],
       [80.],
       [80.],
       [80.],
       [80.],
       [80.],
       [80.],
       [80.],
       [80.],
       [80.],
       [80.],
       [80.],
       [80.],
       [80.],
       [80.],
       [80.],
       [80.],
       [80.],
       [80.],
       [80.],
       [80.],
       [80.],
       [80.],
       [80.],
       [80.],
       [80.],
       [80.],
       [80.],
       [80.],
       [80.],
       [80.],
       [80.],
       [80.],
       [80.],
       [80.],
       [80.],
       [80.],
       [80.],
       [80.],
       [80.],
       [80.],
       [80.],
       [80.],
       [80.],
       [80.],
       [80.],
       [80.],
       [80.],
       [80.],
       [80.],
       [80.],
       [80.],
       [80.],
       [80.],
       [80.],
       [80.],
       [80.],
       [80.],
       [80.],
       [80.],
       [80.],
       [80.],
       [80.],
       [80.],
       [80.],
       [80.],
       [80.],
       [80.],
       [80.],
       [80.],
       [80.],
       [80.],
       [80.],
       [80.],
       [80.],
       [80.],
       [80.],
       [80.],
       [80.],
       [80.],
       [80.],
       [80.],
       [80.],
       [80.],
       [80.],
       [80.],
       [80.],
       [80.],
       [80.],
       [80.],
       [80.],
       [80.],
       [80.],
       [80.],
       [80.],
       [80.],
       [80.],
       [80.],
       [80.],
       [80.],
       [80.],
       [80.],
       [80.],
       [80.],
       [80.],
       [80.],
       [80.],
       [80.],
       [80.],
       [80.],
       [80.],
       [80.],
       [80.],
       [80.],
       [80.],
       [80.],
       [80.],
       [80.],
       [80.],
       [80.],
       [80.],
       [80.],
       [80.],
       [80.],
       [80.],
       [80.],
       [80.],
       [80.],
       [80.],
       [80.],
       [80.],
       [80.],
       [80.],
       [80.],
       [80.],
       [80.],
       [80.],
       [80.],
       [80.],
       [80.],
       [80.],
       [80.],
       [80.],
       [80.],
       [80.],
       [80.],
       [80.],
       [80.],
       [80.],
       [80.],
       [80.],
       [80.],
       [80.],
       [80.],
       [80.],
       [80.],
       [80.],
       [80.],
       [80.],
       [80.],
       [80.],
       [80.],
       [80.],
       [80.],
       [80.],
       [80.],
       [80.],
       [80.],
       [80.],
       [80.],
       [80.],
       [80.],
       [80.],
       [80.],
       [80.],
       [80.],
       [80.],
       [80.],
       [80.],
       [80.],
       [80.],
       [80.],
       [80.],
       [80.],
       [80.],
       [80.],
       [80.],
       [80.],
       [80.],
       [80.],
       [80.],
       [80.],
       [80.],
       [80.],
       [80.],
       [80.],
       [80.],
       [80.],
       [80.],
       [80.],
       [80.],
       [80.],
       [80.],
       [80.],
       [80.],
       [80.],
       [80.],
       [80.],
       [80.],
       [80.],
       [80.],
       [80.],
       [80.],
       [80.],
       [80.],
       [80.],
       [80.],
       [80.],
       [80.],
       [80.],
       [80.],
       [80.],
       [80.],
       [80.],
       [80.],
       [80.],
       [80.],
       [80.],
       [80.],
       [80.],
       [80.],
       [80.],
       [80.],
       [80.],
       [80.],
       [80.],
       [80.],
       [80.],
       [80.],
       [80.],
       [80.],
       [80.],
       [80.],
       [80.],
       [80.],
       [80.],
       [80.],
       [80.],
       [80.],
       [80.],
       [80.],
       [80.],
       [80.],
       [80.],
       [80.],
       [80.],
       [80.],
       [80.],
       [80.],
       [80.],
       [80.],
       [80.],
       [80.],
       [80.],
       [80.],
       [80.],
       [80.],
       [80.],
       [80.],
       [80.],
       [80.],
       [80.],
       [80.],
       [80.],
       [80.],
       [80.],
       [80.],
       [80.],
       [80.],
       [80.],
       [80.],
       [80.],
       [80.],
       [80.],
       [80.],
       [80.],
       [80.],
       [80.],
       [80.],
       [80.],
       [80.],
       [80.],
       [80.],
       [80.],
       [80.],
       [80.],
       [80.],
       [80.],
       [80.],
       [80.],
       [80.],
       [80.],
       [80.],
       [80.],
       [80.],
       [80.],
       [80.],
       [80.],
       [80.],
       [80.],
       [80.],
       [80.],
       [80.],
       [80.],
       [80.],
       [80.],
       [80.],
       [80.],
       [80.],
       [80.],
       [80.],
       [80.],
       [80.],
       [80.],
       [80.],
       [80.],
       [80.],
       [80.],
       [80.],
       [80.],
       [80.],
       [80.],
       [80.],
       [80.],
       [80.],
       [80.],
       [80.],
       [80.],
       [80.],
       [80.],
       [80.],
       [80.],
       [80.],
       [80.],
       [80.],
       [80.],
       [80.],
       [80.],
       [80.],
       [80.],
       [80.],
       [80.],
       [80.],
       [80.],
       [80.],
       [80.],
       [80.],
       [80.],
       [80.],
       [80.],
       [80.],
       [80.],
       [80.],
       [80.],
       [80.],
       [80.],
       [80.],
       [80.],
       [80.],
       [80.],
       [80.],
       [80.],
       [80.],
       [80.],
       [80.],
       [80.],
       [80.],
       [80.],
       [80.],
       [80.],
       [80.],
       [80.],
       [80.],
       [80.],
       [80.],
       [80.],
       [80.],
       [80.],
       [80.],
       [80.]]), 'dt': 0.01, 'N': 400, 'l': 1e-05}","{'Q': 289.4736842105263, 'gbar': 7.368421052631579, 'T': 10000, 'supervisor': array([[-1.89214982e-17],
       [ 4.44288287e-04],
       [ 8.88576529e-04],
       ...,
       [-1.33286468e-03],
       [-8.88576529e-04],
       [-4.44288287e-04]]), 'BIAS': array([[80.],
       [80.],
       [80.],
       [80.],
       [80.],
       [80.],
       [80.],
       [80.],
       [80.],
       [80.],
       [80.],
       [80.],
       [80.],
       [80.],
       [80.],
       [80.],
       [80.],
       [80.],
       [80.],
       [80.],
       [80.],
       [80.],
       [80.],
       [80.],
       [80.],
       [80.],
       [80.],
       [80.],
       [80.],
       [80.],
       [80.],
       [80.],
       [80.],
       [80.],
       [80.],
       [80.],
       [80.],
       [80.],
       [80.],
       [80.],
       [80.],
       [80.],
       [80.],
       [80.],
       [80.],
       [80.],
       [80.],
       [80.],
       [80.],
       [80.],
       [80.],
       [80.],
       [80.],
       [80.],
       [80.],
       [80.],
       [80.],
       [80.],
       [80.],
       [80.],
       [80.],
       [80.],
       [80.],
       [80.],
       [80.],
       [80.],
       [80.],
       [80.],
       [80.],
       [80.],
       [80.],
       [80.],
       [80.],
       [80.],
       [80.],
       [80.],
       [80.],
       [80.],
       [80.],
       [80.],
       [80.],
       [80.],
       [80.],
       [80.],
       [80.],
       [80.],
       [80.],
       [80.],
       [80.],
       [80.],
       [80.],
       [80.],
       [80.],
       [80.],
       [80.],
       [80.],
       [80.],
       [80.],
       [80.],
       [80.],
       [80.],
       [80.],
       [80.],
       [80.],
       [80.],
       [80.],
       [80.],
       [80.],
       [80.],
       [80.],
       [80.],
       [80.],
       [80.],
       [80.],
       [80.],
       [80.],
       [80.],
       [80.],
       [80.],
       [80.],
       [80.],
       [80.],
       [80.],
       [80.],
       [80.],
       [80.],
       [80.],
       [80.],
       [80.],
       [80.],
       [80.],
       [80.],
       [80.],
       [80.],
       [80.],
       [80.],
       [80.],
       [80.],
       [80.],
       [80.],
       [80.],
       [80.],
       [80.],
       [80.],
       [80.],
       [80.],
       [80.],
       [80.],
       [80.],
       [80.],
       [80.],
       [80.],
       [80.],
       [80.],
       [80.],
       [80.],
       [80.],
       [80.],
       [80.],
       [80.],
       [80.],
       [80.],
       [80.],
       [80.],
       [80.],
       [80.],
       [80.],
       [80.],
       [80.],
       [80.],
       [80.],
       [80.],
       [80.],
       [80.],
       [80.],
       [80.],
       [80.],
       [80.],
       [80.],
       [80.],
       [80.],
       [80.],
       [80.],
       [80.],
       [80.],
       [80.],
       [80.],
       [80.],
       [80.],
       [80.],
       [80.],
       [80.],
       [80.],
       [80.],
       [80.],
       [80.],
       [80.],
       [80.],
       [80.],
       [80.],
       [80.],
       [80.],
       [80.],
       [80.],
       [80.],
       [80.],
       [80.],
       [80.],
       [80.],
       [80.],
       [80.],
       [80.],
       [80.],
       [80.],
       [80.],
       [80.],
       [80.],
       [80.],
       [80.],
       [80.],
       [80.],
       [80.],
       [80.],
       [80.],
       [80.],
       [80.],
       [80.],
       [80.],
       [80.],
       [80.],
       [80.],
       [80.],
       [80.],
       [80.],
       [80.],
       [80.],
       [80.],
       [80.],
       [80.],
       [80.],
       [80.],
       [80.],
       [80.],
       [80.],
       [80.],
       [80.],
       [80.],
       [80.],
       [80.],
       [80.],
       [80.],
       [80.],
       [80.],
       [80.],
       [80.],
       [80.],
       [80.],
       [80.],
       [80.],
       [80.],
       [80.],
       [80.],
       [80.],
       [80.],
       [80.],
       [80.],
       [80.],
       [80.],
       [80.],
       [80.],
       [80.],
       [80.],
       [80.],
       [80.],
       [80.],
       [80.],
       [80.],
       [80.],
       [80.],
       [80.],
       [80.],
       [80.],
       [80.],
       [80.],
       [80.],
       [80.],
       [80.],
       [80.],
       [80.],
       [80.],
       [80.],
       [80.],
       [80.],
       [80.],
       [80.],
       [80.],
       [80.],
       [80.],
       [80.],
       [80.],
       [80.],
       [80.],
       [80.],
       [80.],
       [80.],
       [80.],
       [80.],
       [80.],
       [80.],
       [80.],
       [80.],
       [80.],
       [80.],
       [80.],
       [80.],
       [80.],
       [80.],
       [80.],
       [80.],
       [80.],
       [80.],
       [80.],
       [80.],
       [80.],
       [80.],
       [80.],
       [80.],
       [80.],
       [80.],
       [80.],
       [80.],
       [80.],
       [80.],
       [80.],
       [80.],
       [80.],
       [80.],
       [80.],
       [80.],
       [80.],
       [80.],
       [80.],
       [80.],
       [80.],
       [80.],
       [80.],
       [80.],
       [80.],
       [80.],
       [80.],
       [80.],
       [80.],
       [80.],
       [80.],
       [80.],
       [80.],
       [80.],
       [80.],
       [80.],
       [80.],
       [80.],
       [80.],
       [80.],
       [80.],
       [80.],
       [80.],
       [80.],
       [80.],
       [80.],
       [80.],
       [80.],
       [80.],
       [80.],
       [80.],
       [80.],
       [80.],
       [80.],
       [80.],
       [80.],
       [80.],
       [80.],
       [80.],
       [80.],
       [80.],
       [80.],
       [80.],
       [80.],
       [80.],
       [80.],
       [80.],
       [80.],
       [80.],
       [80.],
       [80.],
       [80.],
       [80.],
       [80.],
       [80.],
       [80.],
       [80.]]), 'dt': 0.01, 'N': 400, 'l': 1e-05}","{'Q': 289.4736842105263, 'gbar': 8.421052631578947, 'T': 10000, 'supervisor': array([[-1.89214982e-17],
       [ 4.44288287e-04],
       [ 8.88576529e-04],
       ...,
       [-1.33286468e-03],
       [-8.88576529e-04],
       [-4.44288287e-04]]), 'BIAS': array([[80.],
       [80.],
       [80.],
       [80.],
       [80.],
       [80.],
       [80.],
       [80.],
       [80.],
       [80.],
       [80.],
       [80.],
       [80.],
       [80.],
       [80.],
       [80.],
       [80.],
       [80.],
       [80.],
       [80.],
       [80.],
       [80.],
       [80.],
       [80.],
       [80.],
       [80.],
       [80.],
       [80.],
       [80.],
       [80.],
       [80.],
       [80.],
       [80.],
       [80.],
       [80.],
       [80.],
       [80.],
       [80.],
       [80.],
       [80.],
       [80.],
       [80.],
       [80.],
       [80.],
       [80.],
       [80.],
       [80.],
       [80.],
       [80.],
       [80.],
       [80.],
       [80.],
       [80.],
       [80.],
       [80.],
       [80.],
       [80.],
       [80.],
       [80.],
       [80.],
       [80.],
       [80.],
       [80.],
       [80.],
       [80.],
       [80.],
       [80.],
       [80.],
       [80.],
       [80.],
       [80.],
       [80.],
       [80.],
       [80.],
       [80.],
       [80.],
       [80.],
       [80.],
       [80.],
       [80.],
       [80.],
       [80.],
       [80.],
       [80.],
       [80.],
       [80.],
       [80.],
       [80.],
       [80.],
       [80.],
       [80.],
       [80.],
       [80.],
       [80.],
       [80.],
       [80.],
       [80.],
       [80.],
       [80.],
       [80.],
       [80.],
       [80.],
       [80.],
       [80.],
       [80.],
       [80.],
       [80.],
       [80.],
       [80.],
       [80.],
       [80.],
       [80.],
       [80.],
       [80.],
       [80.],
       [80.],
       [80.],
       [80.],
       [80.],
       [80.],
       [80.],
       [80.],
       [80.],
       [80.],
       [80.],
       [80.],
       [80.],
       [80.],
       [80.],
       [80.],
       [80.],
       [80.],
       [80.],
       [80.],
       [80.],
       [80.],
       [80.],
       [80.],
       [80.],
       [80.],
       [80.],
       [80.],
       [80.],
       [80.],
       [80.],
       [80.],
       [80.],
       [80.],
       [80.],
       [80.],
       [80.],
       [80.],
       [80.],
       [80.],
       [80.],
       [80.],
       [80.],
       [80.],
       [80.],
       [80.],
       [80.],
       [80.],
       [80.],
       [80.],
       [80.],
       [80.],
       [80.],
       [80.],
       [80.],
       [80.],
       [80.],
       [80.],
       [80.],
       [80.],
       [80.],
       [80.],
       [80.],
       [80.],
       [80.],
       [80.],
       [80.],
       [80.],
       [80.],
       [80.],
       [80.],
       [80.],
       [80.],
       [80.],
       [80.],
       [80.],
       [80.],
       [80.],
       [80.],
       [80.],
       [80.],
       [80.],
       [80.],
       [80.],
       [80.],
       [80.],
       [80.],
       [80.],
       [80.],
       [80.],
       [80.],
       [80.],
       [80.],
       [80.],
       [80.],
       [80.],
       [80.],
       [80.],
       [80.],
       [80.],
       [80.],
       [80.],
       [80.],
       [80.],
       [80.],
       [80.],
       [80.],
       [80.],
       [80.],
       [80.],
       [80.],
       [80.],
       [80.],
       [80.],
       [80.],
       [80.],
       [80.],
       [80.],
       [80.],
       [80.],
       [80.],
       [80.],
       [80.],
       [80.],
       [80.],
       [80.],
       [80.],
       [80.],
       [80.],
       [80.],
       [80.],
       [80.],
       [80.],
       [80.],
       [80.],
       [80.],
       [80.],
       [80.],
       [80.],
       [80.],
       [80.],
       [80.],
       [80.],
       [80.],
       [80.],
       [80.],
       [80.],
       [80.],
       [80.],
       [80.],
       [80.],
       [80.],
       [80.],
       [80.],
       [80.],
       [80.],
       [80.],
       [80.],
       [80.],
       [80.],
       [80.],
       [80.],
       [80.],
       [80.],
       [80.],
       [80.],
       [80.],
       [80.],
       [80.],
       [80.],
       [80.],
       [80.],
       [80.],
       [80.],
       [80.],
       [80.],
       [80.],
       [80.],
       [80.],
       [80.],
       [80.],
       [80.],
       [80.],
       [80.],
       [80.],
       [80.],
       [80.],
       [80.],
       [80.],
       [80.],
       [80.],
       [80.],
       [80.],
       [80.],
       [80.],
       [80.],
       [80.],
       [80.],
       [80.],
       [80.],
       [80.],
       [80.],
       [80.],
       [80.],
       [80.],
       [80.],
       [80.],
       [80.],
       [80.],
       [80.],
       [80.],
       [80.],
       [80.],
       [80.],
       [80.],
       [80.],
       [80.],
       [80.],
       [80.],
       [80.],
       [80.],
       [80.],
       [80.],
       [80.],
       [80.],
       [80.],
       [80.],
       [80.],
       [80.],
       [80.],
       [80.],
       [80.],
       [80.],
       [80.],
       [80.],
       [80.],
       [80.],
       [80.],
       [80.],
       [80.],
       [80.],
       [80.],
       [80.],
       [80.],
       [80.],
       [80.],
       [80.],
       [80.],
       [80.],
       [80.],
       [80.],
       [80.],
       [80.],
       [80.],
       [80.],
       [80.],
       [80.],
       [80.],
       [80.],
       [80.],
       [80.],
       [80.],
       [80.],
       [80.],
       [80.],
       [80.],
       [80.],
       [80.],
       [80.],
       [80.],
       [80.],
       [80.],
       [80.],
       [80.],
       [80.],
       [80.],
       [80.],
       [80.],
       [80.],
       [80.],
       [80.],
       [80.],
       [80.],
       [80.],
       [80.],
       [80.]]), 'dt': 0.01, 'N': 400, 'l': 1e-05}","{'Q': 289.4736842105263, 'gbar': 9.473684210526315, 'T': 10000, 'supervisor': array([[-1.89214982e-17],
       [ 4.44288287e-04],
       [ 8.88576529e-04],
       ...,
       [-1.33286468e-03],
       [-8.88576529e-04],
       [-4.44288287e-04]]), 'BIAS': array([[80.],
       [80.],
       [80.],
       [80.],
       [80.],
       [80.],
       [80.],
       [80.],
       [80.],
       [80.],
       [80.],
       [80.],
       [80.],
       [80.],
       [80.],
       [80.],
       [80.],
       [80.],
       [80.],
       [80.],
       [80.],
       [80.],
       [80.],
       [80.],
       [80.],
       [80.],
       [80.],
       [80.],
       [80.],
       [80.],
       [80.],
       [80.],
       [80.],
       [80.],
       [80.],
       [80.],
       [80.],
       [80.],
       [80.],
       [80.],
       [80.],
       [80.],
       [80.],
       [80.],
       [80.],
       [80.],
       [80.],
       [80.],
       [80.],
       [80.],
       [80.],
       [80.],
       [80.],
       [80.],
       [80.],
       [80.],
       [80.],
       [80.],
       [80.],
       [80.],
       [80.],
       [80.],
       [80.],
       [80.],
       [80.],
       [80.],
       [80.],
       [80.],
       [80.],
       [80.],
       [80.],
       [80.],
       [80.],
       [80.],
       [80.],
       [80.],
       [80.],
       [80.],
       [80.],
       [80.],
       [80.],
       [80.],
       [80.],
       [80.],
       [80.],
       [80.],
       [80.],
       [80.],
       [80.],
       [80.],
       [80.],
       [80.],
       [80.],
       [80.],
       [80.],
       [80.],
       [80.],
       [80.],
       [80.],
       [80.],
       [80.],
       [80.],
       [80.],
       [80.],
       [80.],
       [80.],
       [80.],
       [80.],
       [80.],
       [80.],
       [80.],
       [80.],
       [80.],
       [80.],
       [80.],
       [80.],
       [80.],
       [80.],
       [80.],
       [80.],
       [80.],
       [80.],
       [80.],
       [80.],
       [80.],
       [80.],
       [80.],
       [80.],
       [80.],
       [80.],
       [80.],
       [80.],
       [80.],
       [80.],
       [80.],
       [80.],
       [80.],
       [80.],
       [80.],
       [80.],
       [80.],
       [80.],
       [80.],
       [80.],
       [80.],
       [80.],
       [80.],
       [80.],
       [80.],
       [80.],
       [80.],
       [80.],
       [80.],
       [80.],
       [80.],
       [80.],
       [80.],
       [80.],
       [80.],
       [80.],
       [80.],
       [80.],
       [80.],
       [80.],
       [80.],
       [80.],
       [80.],
       [80.],
       [80.],
       [80.],
       [80.],
       [80.],
       [80.],
       [80.],
       [80.],
       [80.],
       [80.],
       [80.],
       [80.],
       [80.],
       [80.],
       [80.],
       [80.],
       [80.],
       [80.],
       [80.],
       [80.],
       [80.],
       [80.],
       [80.],
       [80.],
       [80.],
       [80.],
       [80.],
       [80.],
       [80.],
       [80.],
       [80.],
       [80.],
       [80.],
       [80.],
       [80.],
       [80.],
       [80.],
       [80.],
       [80.],
       [80.],
       [80.],
       [80.],
       [80.],
       [80.],
       [80.],
       [80.],
       [80.],
       [80.],
       [80.],
       [80.],
       [80.],
       [80.],
       [80.],
       [80.],
       [80.],
       [80.],
       [80.],
       [80.],
       [80.],
       [80.],
       [80.],
       [80.],
       [80.],
       [80.],
       [80.],
       [80.],
       [80.],
       [80.],
       [80.],
       [80.],
       [80.],
       [80.],
       [80.],
       [80.],
       [80.],
       [80.],
       [80.],
       [80.],
       [80.],
       [80.],
       [80.],
       [80.],
       [80.],
       [80.],
       [80.],
       [80.],
       [80.],
       [80.],
       [80.],
       [80.],
       [80.],
       [80.],
       [80.],
       [80.],
       [80.],
       [80.],
       [80.],
       [80.],
       [80.],
       [80.],
       [80.],
       [80.],
       [80.],
       [80.],
       [80.],
       [80.],
       [80.],
       [80.],
       [80.],
       [80.],
       [80.],
       [80.],
       [80.],
       [80.],
       [80.],
       [80.],
       [80.],
       [80.],
       [80.],
       [80.],
       [80.],
       [80.],
       [80.],
       [80.],
       [80.],
       [80.],
       [80.],
       [80.],
       [80.],
       [80.],
       [80.],
       [80.],
       [80.],
       [80.],
       [80.],
       [80.],
       [80.],
       [80.],
       [80.],
       [80.],
       [80.],
       [80.],
       [80.],
       [80.],
       [80.],
       [80.],
       [80.],
       [80.],
       [80.],
       [80.],
       [80.],
       [80.],
       [80.],
       [80.],
       [80.],
       [80.],
       [80.],
       [80.],
       [80.],
       [80.],
       [80.],
       [80.],
       [80.],
       [80.],
       [80.],
       [80.],
       [80.],
       [80.],
       [80.],
       [80.],
       [80.],
       [80.],
       [80.],
       [80.],
       [80.],
       [80.],
       [80.],
       [80.],
       [80.],
       [80.],
       [80.],
       [80.],
       [80.],
       [80.],
       [80.],
       [80.],
       [80.],
       [80.],
       [80.],
       [80.],
       [80.],
       [80.],
       [80.],
       [80.],
       [80.],
       [80.],
       [80.],
       [80.],
       [80.],
       [80.],
       [80.],
       [80.],
       [80.],
       [80.],
       [80.],
       [80.],
       [80.],
       [80.],
       [80.],
       [80.],
       [80.],
       [80.],
       [80.],
       [80.],
       [80.],
       [80.],
       [80.],
       [80.],
       [80.],
       [80.],
       [80.],
       [80.],
       [80.],
       [80.],
       [80.],
       [80.],
       [80.],
       [80.],
       [80.],
       [80.],
       [80.],
       [80.],
       [80.]]), 'dt': 0.01, 'N': 400, 'l': 1e-05}","{'Q': 289.4736842105263, 'gbar': 10.526315789473683, 'T': 10000, 'supervisor': array([[-1.89214982e-17],
       [ 4.44288287e-04],
       [ 8.88576529e-04],
       ...,
       [-1.33286468e-03],
       [-8.88576529e-04],
       [-4.44288287e-04]]), 'BIAS': array([[80.],
       [80.],
       [80.],
       [80.],
       [80.],
       [80.],
       [80.],
       [80.],
       [80.],
       [80.],
       [80.],
       [80.],
       [80.],
       [80.],
       [80.],
       [80.],
       [80.],
       [80.],
       [80.],
       [80.],
       [80.],
       [80.],
       [80.],
       [80.],
       [80.],
       [80.],
       [80.],
       [80.],
       [80.],
       [80.],
       [80.],
       [80.],
       [80.],
       [80.],
       [80.],
       [80.],
       [80.],
       [80.],
       [80.],
       [80.],
       [80.],
       [80.],
       [80.],
       [80.],
       [80.],
       [80.],
       [80.],
       [80.],
       [80.],
       [80.],
       [80.],
       [80.],
       [80.],
       [80.],
       [80.],
       [80.],
       [80.],
       [80.],
       [80.],
       [80.],
       [80.],
       [80.],
       [80.],
       [80.],
       [80.],
       [80.],
       [80.],
       [80.],
       [80.],
       [80.],
       [80.],
       [80.],
       [80.],
       [80.],
       [80.],
       [80.],
       [80.],
       [80.],
       [80.],
       [80.],
       [80.],
       [80.],
       [80.],
       [80.],
       [80.],
       [80.],
       [80.],
       [80.],
       [80.],
       [80.],
       [80.],
       [80.],
       [80.],
       [80.],
       [80.],
       [80.],
       [80.],
       [80.],
       [80.],
       [80.],
       [80.],
       [80.],
       [80.],
       [80.],
       [80.],
       [80.],
       [80.],
       [80.],
       [80.],
       [80.],
       [80.],
       [80.],
       [80.],
       [80.],
       [80.],
       [80.],
       [80.],
       [80.],
       [80.],
       [80.],
       [80.],
       [80.],
       [80.],
       [80.],
       [80.],
       [80.],
       [80.],
       [80.],
       [80.],
       [80.],
       [80.],
       [80.],
       [80.],
       [80.],
       [80.],
       [80.],
       [80.],
       [80.],
       [80.],
       [80.],
       [80.],
       [80.],
       [80.],
       [80.],
       [80.],
       [80.],
       [80.],
       [80.],
       [80.],
       [80.],
       [80.],
       [80.],
       [80.],
       [80.],
       [80.],
       [80.],
       [80.],
       [80.],
       [80.],
       [80.],
       [80.],
       [80.],
       [80.],
       [80.],
       [80.],
       [80.],
       [80.],
       [80.],
       [80.],
       [80.],
       [80.],
       [80.],
       [80.],
       [80.],
       [80.],
       [80.],
       [80.],
       [80.],
       [80.],
       [80.],
       [80.],
       [80.],
       [80.],
       [80.],
       [80.],
       [80.],
       [80.],
       [80.],
       [80.],
       [80.],
       [80.],
       [80.],
       [80.],
       [80.],
       [80.],
       [80.],
       [80.],
       [80.],
       [80.],
       [80.],
       [80.],
       [80.],
       [80.],
       [80.],
       [80.],
       [80.],
       [80.],
       [80.],
       [80.],
       [80.],
       [80.],
       [80.],
       [80.],
       [80.],
       [80.],
       [80.],
       [80.],
       [80.],
       [80.],
       [80.],
       [80.],
       [80.],
       [80.],
       [80.],
       [80.],
       [80.],
       [80.],
       [80.],
       [80.],
       [80.],
       [80.],
       [80.],
       [80.],
       [80.],
       [80.],
       [80.],
       [80.],
       [80.],
       [80.],
       [80.],
       [80.],
       [80.],
       [80.],
       [80.],
       [80.],
       [80.],
       [80.],
       [80.],
       [80.],
       [80.],
       [80.],
       [80.],
       [80.],
       [80.],
       [80.],
       [80.],
       [80.],
       [80.],
       [80.],
       [80.],
       [80.],
       [80.],
       [80.],
       [80.],
       [80.],
       [80.],
       [80.],
       [80.],
       [80.],
       [80.],
       [80.],
       [80.],
       [80.],
       [80.],
       [80.],
       [80.],
       [80.],
       [80.],
       [80.],
       [80.],
       [80.],
       [80.],
       [80.],
       [80.],
       [80.],
       [80.],
       [80.],
       [80.],
       [80.],
       [80.],
       [80.],
       [80.],
       [80.],
       [80.],
       [80.],
       [80.],
       [80.],
       [80.],
       [80.],
       [80.],
       [80.],
       [80.],
       [80.],
       [80.],
       [80.],
       [80.],
       [80.],
       [80.],
       [80.],
       [80.],
       [80.],
       [80.],
       [80.],
       [80.],
       [80.],
       [80.],
       [80.],
       [80.],
       [80.],
       [80.],
       [80.],
       [80.],
       [80.],
       [80.],
       [80.],
       [80.],
       [80.],
       [80.],
       [80.],
       [80.],
       [80.],
       [80.],
       [80.],
       [80.],
       [80.],
       [80.],
       [80.],
       [80.],
       [80.],
       [80.],
       [80.],
       [80.],
       [80.],
       [80.],
       [80.],
       [80.],
       [80.],
       [80.],
       [80.],
       [80.],
       [80.],
       [80.],
       [80.],
       [80.],
       [80.],
       [80.],
       [80.],
       [80.],
       [80.],
       [80.],
       [80.],
       [80.],
       [80.],
       [80.],
       [80.],
       [80.],
       [80.],
       [80.],
       [80.],
       [80.],
       [80.],
       [80.],
       [80.],
       [80.],
       [80.],
       [80.],
       [80.],
       [80.],
       [80.],
       [80.],
       [80.],
       [80.],
       [80.],
       [80.],
       [80.],
       [80.],
       [80.],
       [80.],
       [80.],
       [80.],
       [80.],
       [80.],
       [80.],
       [80.],
       [80.],
       [80.],
       [80.],
       [80.],
       [80.],
       [80.]]), 'dt': 0.01, 'N': 400, 'l': 1e-05}","{'Q': 289.4736842105263, 'gbar': 11.578947368421051, 'T': 10000, 'supervisor': array([[-1.89214982e-17],
       [ 4.44288287e-04],
       [ 8.88576529e-04],
       ...,
       [-1.33286468e-03],
       [-8.88576529e-04],
       [-4.44288287e-04]]), 'BIAS': array([[80.],
       [80.],
       [80.],
       [80.],
       [80.],
       [80.],
       [80.],
       [80.],
       [80.],
       [80.],
       [80.],
       [80.],
       [80.],
       [80.],
       [80.],
       [80.],
       [80.],
       [80.],
       [80.],
       [80.],
       [80.],
       [80.],
       [80.],
       [80.],
       [80.],
       [80.],
       [80.],
       [80.],
       [80.],
       [80.],
       [80.],
       [80.],
       [80.],
       [80.],
       [80.],
       [80.],
       [80.],
       [80.],
       [80.],
       [80.],
       [80.],
       [80.],
       [80.],
       [80.],
       [80.],
       [80.],
       [80.],
       [80.],
       [80.],
       [80.],
       [80.],
       [80.],
       [80.],
       [80.],
       [80.],
       [80.],
       [80.],
       [80.],
       [80.],
       [80.],
       [80.],
       [80.],
       [80.],
       [80.],
       [80.],
       [80.],
       [80.],
       [80.],
       [80.],
       [80.],
       [80.],
       [80.],
       [80.],
       [80.],
       [80.],
       [80.],
       [80.],
       [80.],
       [80.],
       [80.],
       [80.],
       [80.],
       [80.],
       [80.],
       [80.],
       [80.],
       [80.],
       [80.],
       [80.],
       [80.],
       [80.],
       [80.],
       [80.],
       [80.],
       [80.],
       [80.],
       [80.],
       [80.],
       [80.],
       [80.],
       [80.],
       [80.],
       [80.],
       [80.],
       [80.],
       [80.],
       [80.],
       [80.],
       [80.],
       [80.],
       [80.],
       [80.],
       [80.],
       [80.],
       [80.],
       [80.],
       [80.],
       [80.],
       [80.],
       [80.],
       [80.],
       [80.],
       [80.],
       [80.],
       [80.],
       [80.],
       [80.],
       [80.],
       [80.],
       [80.],
       [80.],
       [80.],
       [80.],
       [80.],
       [80.],
       [80.],
       [80.],
       [80.],
       [80.],
       [80.],
       [80.],
       [80.],
       [80.],
       [80.],
       [80.],
       [80.],
       [80.],
       [80.],
       [80.],
       [80.],
       [80.],
       [80.],
       [80.],
       [80.],
       [80.],
       [80.],
       [80.],
       [80.],
       [80.],
       [80.],
       [80.],
       [80.],
       [80.],
       [80.],
       [80.],
       [80.],
       [80.],
       [80.],
       [80.],
       [80.],
       [80.],
       [80.],
       [80.],
       [80.],
       [80.],
       [80.],
       [80.],
       [80.],
       [80.],
       [80.],
       [80.],
       [80.],
       [80.],
       [80.],
       [80.],
       [80.],
       [80.],
       [80.],
       [80.],
       [80.],
       [80.],
       [80.],
       [80.],
       [80.],
       [80.],
       [80.],
       [80.],
       [80.],
       [80.],
       [80.],
       [80.],
       [80.],
       [80.],
       [80.],
       [80.],
       [80.],
       [80.],
       [80.],
       [80.],
       [80.],
       [80.],
       [80.],
       [80.],
       [80.],
       [80.],
       [80.],
       [80.],
       [80.],
       [80.],
       [80.],
       [80.],
       [80.],
       [80.],
       [80.],
       [80.],
       [80.],
       [80.],
       [80.],
       [80.],
       [80.],
       [80.],
       [80.],
       [80.],
       [80.],
       [80.],
       [80.],
       [80.],
       [80.],
       [80.],
       [80.],
       [80.],
       [80.],
       [80.],
       [80.],
       [80.],
       [80.],
       [80.],
       [80.],
       [80.],
       [80.],
       [80.],
       [80.],
       [80.],
       [80.],
       [80.],
       [80.],
       [80.],
       [80.],
       [80.],
       [80.],
       [80.],
       [80.],
       [80.],
       [80.],
       [80.],
       [80.],
       [80.],
       [80.],
       [80.],
       [80.],
       [80.],
       [80.],
       [80.],
       [80.],
       [80.],
       [80.],
       [80.],
       [80.],
       [80.],
       [80.],
       [80.],
       [80.],
       [80.],
       [80.],
       [80.],
       [80.],
       [80.],
       [80.],
       [80.],
       [80.],
       [80.],
       [80.],
       [80.],
       [80.],
       [80.],
       [80.],
       [80.],
       [80.],
       [80.],
       [80.],
       [80.],
       [80.],
       [80.],
       [80.],
       [80.],
       [80.],
       [80.],
       [80.],
       [80.],
       [80.],
       [80.],
       [80.],
       [80.],
       [80.],
       [80.],
       [80.],
       [80.],
       [80.],
       [80.],
       [80.],
       [80.],
       [80.],
       [80.],
       [80.],
       [80.],
       [80.],
       [80.],
       [80.],
       [80.],
       [80.],
       [80.],
       [80.],
       [80.],
       [80.],
       [80.],
       [80.],
       [80.],
       [80.],
       [80.],
       [80.],
       [80.],
       [80.],
       [80.],
       [80.],
       [80.],
       [80.],
       [80.],
       [80.],
       [80.],
       [80.],
       [80.],
       [80.],
       [80.],
       [80.],
       [80.],
       [80.],
       [80.],
       [80.],
       [80.],
       [80.],
       [80.],
       [80.],
       [80.],
       [80.],
       [80.],
       [80.],
       [80.],
       [80.],
       [80.],
       [80.],
       [80.],
       [80.],
       [80.],
       [80.],
       [80.],
       [80.],
       [80.],
       [80.],
       [80.],
       [80.],
       [80.],
       [80.],
       [80.],
       [80.],
       [80.],
       [80.],
       [80.],
       [80.],
       [80.],
       [80.],
       [80.],
       [80.],
       [80.],
       [80.],
       [80.],
       [80.],
       [80.],
       [80.],
       [80.],
       [80.]]), 'dt': 0.01, 'N': 400, 'l': 1e-05}","{'Q': 289.4736842105263, 'gbar': 12.631578947368421, 'T': 10000, 'supervisor': array([[-1.89214982e-17],
       [ 4.44288287e-04],
       [ 8.88576529e-04],
       ...,
       [-1.33286468e-03],
       [-8.88576529e-04],
       [-4.44288287e-04]]), 'BIAS': array([[80.],
       [80.],
       [80.],
       [80.],
       [80.],
       [80.],
       [80.],
       [80.],
       [80.],
       [80.],
       [80.],
       [80.],
       [80.],
       [80.],
       [80.],
       [80.],
       [80.],
       [80.],
       [80.],
       [80.],
       [80.],
       [80.],
       [80.],
       [80.],
       [80.],
       [80.],
       [80.],
       [80.],
       [80.],
       [80.],
       [80.],
       [80.],
       [80.],
       [80.],
       [80.],
       [80.],
       [80.],
       [80.],
       [80.],
       [80.],
       [80.],
       [80.],
       [80.],
       [80.],
       [80.],
       [80.],
       [80.],
       [80.],
       [80.],
       [80.],
       [80.],
       [80.],
       [80.],
       [80.],
       [80.],
       [80.],
       [80.],
       [80.],
       [80.],
       [80.],
       [80.],
       [80.],
       [80.],
       [80.],
       [80.],
       [80.],
       [80.],
       [80.],
       [80.],
       [80.],
       [80.],
       [80.],
       [80.],
       [80.],
       [80.],
       [80.],
       [80.],
       [80.],
       [80.],
       [80.],
       [80.],
       [80.],
       [80.],
       [80.],
       [80.],
       [80.],
       [80.],
       [80.],
       [80.],
       [80.],
       [80.],
       [80.],
       [80.],
       [80.],
       [80.],
       [80.],
       [80.],
       [80.],
       [80.],
       [80.],
       [80.],
       [80.],
       [80.],
       [80.],
       [80.],
       [80.],
       [80.],
       [80.],
       [80.],
       [80.],
       [80.],
       [80.],
       [80.],
       [80.],
       [80.],
       [80.],
       [80.],
       [80.],
       [80.],
       [80.],
       [80.],
       [80.],
       [80.],
       [80.],
       [80.],
       [80.],
       [80.],
       [80.],
       [80.],
       [80.],
       [80.],
       [80.],
       [80.],
       [80.],
       [80.],
       [80.],
       [80.],
       [80.],
       [80.],
       [80.],
       [80.],
       [80.],
       [80.],
       [80.],
       [80.],
       [80.],
       [80.],
       [80.],
       [80.],
       [80.],
       [80.],
       [80.],
       [80.],
       [80.],
       [80.],
       [80.],
       [80.],
       [80.],
       [80.],
       [80.],
       [80.],
       [80.],
       [80.],
       [80.],
       [80.],
       [80.],
       [80.],
       [80.],
       [80.],
       [80.],
       [80.],
       [80.],
       [80.],
       [80.],
       [80.],
       [80.],
       [80.],
       [80.],
       [80.],
       [80.],
       [80.],
       [80.],
       [80.],
       [80.],
       [80.],
       [80.],
       [80.],
       [80.],
       [80.],
       [80.],
       [80.],
       [80.],
       [80.],
       [80.],
       [80.],
       [80.],
       [80.],
       [80.],
       [80.],
       [80.],
       [80.],
       [80.],
       [80.],
       [80.],
       [80.],
       [80.],
       [80.],
       [80.],
       [80.],
       [80.],
       [80.],
       [80.],
       [80.],
       [80.],
       [80.],
       [80.],
       [80.],
       [80.],
       [80.],
       [80.],
       [80.],
       [80.],
       [80.],
       [80.],
       [80.],
       [80.],
       [80.],
       [80.],
       [80.],
       [80.],
       [80.],
       [80.],
       [80.],
       [80.],
       [80.],
       [80.],
       [80.],
       [80.],
       [80.],
       [80.],
       [80.],
       [80.],
       [80.],
       [80.],
       [80.],
       [80.],
       [80.],
       [80.],
       [80.],
       [80.],
       [80.],
       [80.],
       [80.],
       [80.],
       [80.],
       [80.],
       [80.],
       [80.],
       [80.],
       [80.],
       [80.],
       [80.],
       [80.],
       [80.],
       [80.],
       [80.],
       [80.],
       [80.],
       [80.],
       [80.],
       [80.],
       [80.],
       [80.],
       [80.],
       [80.],
       [80.],
       [80.],
       [80.],
       [80.],
       [80.],
       [80.],
       [80.],
       [80.],
       [80.],
       [80.],
       [80.],
       [80.],
       [80.],
       [80.],
       [80.],
       [80.],
       [80.],
       [80.],
       [80.],
       [80.],
       [80.],
       [80.],
       [80.],
       [80.],
       [80.],
       [80.],
       [80.],
       [80.],
       [80.],
       [80.],
       [80.],
       [80.],
       [80.],
       [80.],
       [80.],
       [80.],
       [80.],
       [80.],
       [80.],
       [80.],
       [80.],
       [80.],
       [80.],
       [80.],
       [80.],
       [80.],
       [80.],
       [80.],
       [80.],
       [80.],
       [80.],
       [80.],
       [80.],
       [80.],
       [80.],
       [80.],
       [80.],
       [80.],
       [80.],
       [80.],
       [80.],
       [80.],
       [80.],
       [80.],
       [80.],
       [80.],
       [80.],
       [80.],
       [80.],
       [80.],
       [80.],
       [80.],
       [80.],
       [80.],
       [80.],
       [80.],
       [80.],
       [80.],
       [80.],
       [80.],
       [80.],
       [80.],
       [80.],
       [80.],
       [80.],
       [80.],
       [80.],
       [80.],
       [80.],
       [80.],
       [80.],
       [80.],
       [80.],
       [80.],
       [80.],
       [80.],
       [80.],
       [80.],
       [80.],
       [80.],
       [80.],
       [80.],
       [80.],
       [80.],
       [80.],
       [80.],
       [80.],
       [80.],
       [80.],
       [80.],
       [80.],
       [80.],
       [80.],
       [80.],
       [80.],
       [80.],
       [80.],
       [80.],
       [80.],
       [80.],
       [80.],
       [80.],
       [80.],
       [80.],
       [80.]]), 'dt': 0.01, 'N': 400, 'l': 1e-05}","{'Q': 289.4736842105263, 'gbar': 13.68421052631579, 'T': 10000, 'supervisor': array([[-1.89214982e-17],
       [ 4.44288287e-04],
       [ 8.88576529e-04],
       ...,
       [-1.33286468e-03],
       [-8.88576529e-04],
       [-4.44288287e-04]]), 'BIAS': array([[80.],
       [80.],
       [80.],
       [80.],
       [80.],
       [80.],
       [80.],
       [80.],
       [80.],
       [80.],
       [80.],
       [80.],
       [80.],
       [80.],
       [80.],
       [80.],
       [80.],
       [80.],
       [80.],
       [80.],
       [80.],
       [80.],
       [80.],
       [80.],
       [80.],
       [80.],
       [80.],
       [80.],
       [80.],
       [80.],
       [80.],
       [80.],
       [80.],
       [80.],
       [80.],
       [80.],
       [80.],
       [80.],
       [80.],
       [80.],
       [80.],
       [80.],
       [80.],
       [80.],
       [80.],
       [80.],
       [80.],
       [80.],
       [80.],
       [80.],
       [80.],
       [80.],
       [80.],
       [80.],
       [80.],
       [80.],
       [80.],
       [80.],
       [80.],
       [80.],
       [80.],
       [80.],
       [80.],
       [80.],
       [80.],
       [80.],
       [80.],
       [80.],
       [80.],
       [80.],
       [80.],
       [80.],
       [80.],
       [80.],
       [80.],
       [80.],
       [80.],
       [80.],
       [80.],
       [80.],
       [80.],
       [80.],
       [80.],
       [80.],
       [80.],
       [80.],
       [80.],
       [80.],
       [80.],
       [80.],
       [80.],
       [80.],
       [80.],
       [80.],
       [80.],
       [80.],
       [80.],
       [80.],
       [80.],
       [80.],
       [80.],
       [80.],
       [80.],
       [80.],
       [80.],
       [80.],
       [80.],
       [80.],
       [80.],
       [80.],
       [80.],
       [80.],
       [80.],
       [80.],
       [80.],
       [80.],
       [80.],
       [80.],
       [80.],
       [80.],
       [80.],
       [80.],
       [80.],
       [80.],
       [80.],
       [80.],
       [80.],
       [80.],
       [80.],
       [80.],
       [80.],
       [80.],
       [80.],
       [80.],
       [80.],
       [80.],
       [80.],
       [80.],
       [80.],
       [80.],
       [80.],
       [80.],
       [80.],
       [80.],
       [80.],
       [80.],
       [80.],
       [80.],
       [80.],
       [80.],
       [80.],
       [80.],
       [80.],
       [80.],
       [80.],
       [80.],
       [80.],
       [80.],
       [80.],
       [80.],
       [80.],
       [80.],
       [80.],
       [80.],
       [80.],
       [80.],
       [80.],
       [80.],
       [80.],
       [80.],
       [80.],
       [80.],
       [80.],
       [80.],
       [80.],
       [80.],
       [80.],
       [80.],
       [80.],
       [80.],
       [80.],
       [80.],
       [80.],
       [80.],
       [80.],
       [80.],
       [80.],
       [80.],
       [80.],
       [80.],
       [80.],
       [80.],
       [80.],
       [80.],
       [80.],
       [80.],
       [80.],
       [80.],
       [80.],
       [80.],
       [80.],
       [80.],
       [80.],
       [80.],
       [80.],
       [80.],
       [80.],
       [80.],
       [80.],
       [80.],
       [80.],
       [80.],
       [80.],
       [80.],
       [80.],
       [80.],
       [80.],
       [80.],
       [80.],
       [80.],
       [80.],
       [80.],
       [80.],
       [80.],
       [80.],
       [80.],
       [80.],
       [80.],
       [80.],
       [80.],
       [80.],
       [80.],
       [80.],
       [80.],
       [80.],
       [80.],
       [80.],
       [80.],
       [80.],
       [80.],
       [80.],
       [80.],
       [80.],
       [80.],
       [80.],
       [80.],
       [80.],
       [80.],
       [80.],
       [80.],
       [80.],
       [80.],
       [80.],
       [80.],
       [80.],
       [80.],
       [80.],
       [80.],
       [80.],
       [80.],
       [80.],
       [80.],
       [80.],
       [80.],
       [80.],
       [80.],
       [80.],
       [80.],
       [80.],
       [80.],
       [80.],
       [80.],
       [80.],
       [80.],
       [80.],
       [80.],
       [80.],
       [80.],
       [80.],
       [80.],
       [80.],
       [80.],
       [80.],
       [80.],
       [80.],
       [80.],
       [80.],
       [80.],
       [80.],
       [80.],
       [80.],
       [80.],
       [80.],
       [80.],
       [80.],
       [80.],
       [80.],
       [80.],
       [80.],
       [80.],
       [80.],
       [80.],
       [80.],
       [80.],
       [80.],
       [80.],
       [80.],
       [80.],
       [80.],
       [80.],
       [80.],
       [80.],
       [80.],
       [80.],
       [80.],
       [80.],
       [80.],
       [80.],
       [80.],
       [80.],
       [80.],
       [80.],
       [80.],
       [80.],
       [80.],
       [80.],
       [80.],
       [80.],
       [80.],
       [80.],
       [80.],
       [80.],
       [80.],
       [80.],
       [80.],
       [80.],
       [80.],
       [80.],
       [80.],
       [80.],
       [80.],
       [80.],
       [80.],
       [80.],
       [80.],
       [80.],
       [80.],
       [80.],
       [80.],
       [80.],
       [80.],
       [80.],
       [80.],
       [80.],
       [80.],
       [80.],
       [80.],
       [80.],
       [80.],
       [80.],
       [80.],
       [80.],
       [80.],
       [80.],
       [80.],
       [80.],
       [80.],
       [80.],
       [80.],
       [80.],
       [80.],
       [80.],
       [80.],
       [80.],
       [80.],
       [80.],
       [80.],
       [80.],
       [80.],
       [80.],
       [80.],
       [80.],
       [80.],
       [80.],
       [80.],
       [80.],
       [80.],
       [80.],
       [80.],
       [80.],
       [80.],
       [80.],
       [80.],
       [80.],
       [80.],
       [80.],
       [80.],
       [80.],
       [80.],
       [80.]]), 'dt': 0.01, 'N': 400, 'l': 1e-05}","{'Q': 289.4736842105263, 'gbar': 14.736842105263158, 'T': 10000, 'supervisor': array([[-1.89214982e-17],
       [ 4.44288287e-04],
       [ 8.88576529e-04],
       ...,
       [-1.33286468e-03],
       [-8.88576529e-04],
       [-4.44288287e-04]]), 'BIAS': array([[80.],
       [80.],
       [80.],
       [80.],
       [80.],
       [80.],
       [80.],
       [80.],
       [80.],
       [80.],
       [80.],
       [80.],
       [80.],
       [80.],
       [80.],
       [80.],
       [80.],
       [80.],
       [80.],
       [80.],
       [80.],
       [80.],
       [80.],
       [80.],
       [80.],
       [80.],
       [80.],
       [80.],
       [80.],
       [80.],
       [80.],
       [80.],
       [80.],
       [80.],
       [80.],
       [80.],
       [80.],
       [80.],
       [80.],
       [80.],
       [80.],
       [80.],
       [80.],
       [80.],
       [80.],
       [80.],
       [80.],
       [80.],
       [80.],
       [80.],
       [80.],
       [80.],
       [80.],
       [80.],
       [80.],
       [80.],
       [80.],
       [80.],
       [80.],
       [80.],
       [80.],
       [80.],
       [80.],
       [80.],
       [80.],
       [80.],
       [80.],
       [80.],
       [80.],
       [80.],
       [80.],
       [80.],
       [80.],
       [80.],
       [80.],
       [80.],
       [80.],
       [80.],
       [80.],
       [80.],
       [80.],
       [80.],
       [80.],
       [80.],
       [80.],
       [80.],
       [80.],
       [80.],
       [80.],
       [80.],
       [80.],
       [80.],
       [80.],
       [80.],
       [80.],
       [80.],
       [80.],
       [80.],
       [80.],
       [80.],
       [80.],
       [80.],
       [80.],
       [80.],
       [80.],
       [80.],
       [80.],
       [80.],
       [80.],
       [80.],
       [80.],
       [80.],
       [80.],
       [80.],
       [80.],
       [80.],
       [80.],
       [80.],
       [80.],
       [80.],
       [80.],
       [80.],
       [80.],
       [80.],
       [80.],
       [80.],
       [80.],
       [80.],
       [80.],
       [80.],
       [80.],
       [80.],
       [80.],
       [80.],
       [80.],
       [80.],
       [80.],
       [80.],
       [80.],
       [80.],
       [80.],
       [80.],
       [80.],
       [80.],
       [80.],
       [80.],
       [80.],
       [80.],
       [80.],
       [80.],
       [80.],
       [80.],
       [80.],
       [80.],
       [80.],
       [80.],
       [80.],
       [80.],
       [80.],
       [80.],
       [80.],
       [80.],
       [80.],
       [80.],
       [80.],
       [80.],
       [80.],
       [80.],
       [80.],
       [80.],
       [80.],
       [80.],
       [80.],
       [80.],
       [80.],
       [80.],
       [80.],
       [80.],
       [80.],
       [80.],
       [80.],
       [80.],
       [80.],
       [80.],
       [80.],
       [80.],
       [80.],
       [80.],
       [80.],
       [80.],
       [80.],
       [80.],
       [80.],
       [80.],
       [80.],
       [80.],
       [80.],
       [80.],
       [80.],
       [80.],
       [80.],
       [80.],
       [80.],
       [80.],
       [80.],
       [80.],
       [80.],
       [80.],
       [80.],
       [80.],
       [80.],
       [80.],
       [80.],
       [80.],
       [80.],
       [80.],
       [80.],
       [80.],
       [80.],
       [80.],
       [80.],
       [80.],
       [80.],
       [80.],
       [80.],
       [80.],
       [80.],
       [80.],
       [80.],
       [80.],
       [80.],
       [80.],
       [80.],
       [80.],
       [80.],
       [80.],
       [80.],
       [80.],
       [80.],
       [80.],
       [80.],
       [80.],
       [80.],
       [80.],
       [80.],
       [80.],
       [80.],
       [80.],
       [80.],
       [80.],
       [80.],
       [80.],
       [80.],
       [80.],
       [80.],
       [80.],
       [80.],
       [80.],
       [80.],
       [80.],
       [80.],
       [80.],
       [80.],
       [80.],
       [80.],
       [80.],
       [80.],
       [80.],
       [80.],
       [80.],
       [80.],
       [80.],
       [80.],
       [80.],
       [80.],
       [80.],
       [80.],
       [80.],
       [80.],
       [80.],
       [80.],
       [80.],
       [80.],
       [80.],
       [80.],
       [80.],
       [80.],
       [80.],
       [80.],
       [80.],
       [80.],
       [80.],
       [80.],
       [80.],
       [80.],
       [80.],
       [80.],
       [80.],
       [80.],
       [80.],
       [80.],
       [80.],
       [80.],
       [80.],
       [80.],
       [80.],
       [80.],
       [80.],
       [80.],
       [80.],
       [80.],
       [80.],
       [80.],
       [80.],
       [80.],
       [80.],
       [80.],
       [80.],
       [80.],
       [80.],
       [80.],
       [80.],
       [80.],
       [80.],
       [80.],
       [80.],
       [80.],
       [80.],
       [80.],
       [80.],
       [80.],
       [80.],
       [80.],
       [80.],
       [80.],
       [80.],
       [80.],
       [80.],
       [80.],
       [80.],
       [80.],
       [80.],
       [80.],
       [80.],
       [80.],
       [80.],
       [80.],
       [80.],
       [80.],
       [80.],
       [80.],
       [80.],
       [80.],
       [80.],
       [80.],
       [80.],
       [80.],
       [80.],
       [80.],
       [80.],
       [80.],
       [80.],
       [80.],
       [80.],
       [80.],
       [80.],
       [80.],
       [80.],
       [80.],
       [80.],
       [80.],
       [80.],
       [80.],
       [80.],
       [80.],
       [80.],
       [80.],
       [80.],
       [80.],
       [80.],
       [80.],
       [80.],
       [80.],
       [80.],
       [80.],
       [80.],
       [80.],
       [80.],
       [80.],
       [80.],
       [80.],
       [80.],
       [80.],
       [80.],
       [80.],
       [80.],
       [80.],
       [80.],
       [80.],
       [80.]]), 'dt': 0.01, 'N': 400, 'l': 1e-05}","{'Q': 289.4736842105263, 'gbar': 15.789473684210526, 'T': 10000, 'supervisor': array([[-1.89214982e-17],
       [ 4.44288287e-04],
       [ 8.88576529e-04],
       ...,
       [-1.33286468e-03],
       [-8.88576529e-04],
       [-4.44288287e-04]]), 'BIAS': array([[80.],
       [80.],
       [80.],
       [80.],
       [80.],
       [80.],
       [80.],
       [80.],
       [80.],
       [80.],
       [80.],
       [80.],
       [80.],
       [80.],
       [80.],
       [80.],
       [80.],
       [80.],
       [80.],
       [80.],
       [80.],
       [80.],
       [80.],
       [80.],
       [80.],
       [80.],
       [80.],
       [80.],
       [80.],
       [80.],
       [80.],
       [80.],
       [80.],
       [80.],
       [80.],
       [80.],
       [80.],
       [80.],
       [80.],
       [80.],
       [80.],
       [80.],
       [80.],
       [80.],
       [80.],
       [80.],
       [80.],
       [80.],
       [80.],
       [80.],
       [80.],
       [80.],
       [80.],
       [80.],
       [80.],
       [80.],
       [80.],
       [80.],
       [80.],
       [80.],
       [80.],
       [80.],
       [80.],
       [80.],
       [80.],
       [80.],
       [80.],
       [80.],
       [80.],
       [80.],
       [80.],
       [80.],
       [80.],
       [80.],
       [80.],
       [80.],
       [80.],
       [80.],
       [80.],
       [80.],
       [80.],
       [80.],
       [80.],
       [80.],
       [80.],
       [80.],
       [80.],
       [80.],
       [80.],
       [80.],
       [80.],
       [80.],
       [80.],
       [80.],
       [80.],
       [80.],
       [80.],
       [80.],
       [80.],
       [80.],
       [80.],
       [80.],
       [80.],
       [80.],
       [80.],
       [80.],
       [80.],
       [80.],
       [80.],
       [80.],
       [80.],
       [80.],
       [80.],
       [80.],
       [80.],
       [80.],
       [80.],
       [80.],
       [80.],
       [80.],
       [80.],
       [80.],
       [80.],
       [80.],
       [80.],
       [80.],
       [80.],
       [80.],
       [80.],
       [80.],
       [80.],
       [80.],
       [80.],
       [80.],
       [80.],
       [80.],
       [80.],
       [80.],
       [80.],
       [80.],
       [80.],
       [80.],
       [80.],
       [80.],
       [80.],
       [80.],
       [80.],
       [80.],
       [80.],
       [80.],
       [80.],
       [80.],
       [80.],
       [80.],
       [80.],
       [80.],
       [80.],
       [80.],
       [80.],
       [80.],
       [80.],
       [80.],
       [80.],
       [80.],
       [80.],
       [80.],
       [80.],
       [80.],
       [80.],
       [80.],
       [80.],
       [80.],
       [80.],
       [80.],
       [80.],
       [80.],
       [80.],
       [80.],
       [80.],
       [80.],
       [80.],
       [80.],
       [80.],
       [80.],
       [80.],
       [80.],
       [80.],
       [80.],
       [80.],
       [80.],
       [80.],
       [80.],
       [80.],
       [80.],
       [80.],
       [80.],
       [80.],
       [80.],
       [80.],
       [80.],
       [80.],
       [80.],
       [80.],
       [80.],
       [80.],
       [80.],
       [80.],
       [80.],
       [80.],
       [80.],
       [80.],
       [80.],
       [80.],
       [80.],
       [80.],
       [80.],
       [80.],
       [80.],
       [80.],
       [80.],
       [80.],
       [80.],
       [80.],
       [80.],
       [80.],
       [80.],
       [80.],
       [80.],
       [80.],
       [80.],
       [80.],
       [80.],
       [80.],
       [80.],
       [80.],
       [80.],
       [80.],
       [80.],
       [80.],
       [80.],
       [80.],
       [80.],
       [80.],
       [80.],
       [80.],
       [80.],
       [80.],
       [80.],
       [80.],
       [80.],
       [80.],
       [80.],
       [80.],
       [80.],
       [80.],
       [80.],
       [80.],
       [80.],
       [80.],
       [80.],
       [80.],
       [80.],
       [80.],
       [80.],
       [80.],
       [80.],
       [80.],
       [80.],
       [80.],
       [80.],
       [80.],
       [80.],
       [80.],
       [80.],
       [80.],
       [80.],
       [80.],
       [80.],
       [80.],
       [80.],
       [80.],
       [80.],
       [80.],
       [80.],
       [80.],
       [80.],
       [80.],
       [80.],
       [80.],
       [80.],
       [80.],
       [80.],
       [80.],
       [80.],
       [80.],
       [80.],
       [80.],
       [80.],
       [80.],
       [80.],
       [80.],
       [80.],
       [80.],
       [80.],
       [80.],
       [80.],
       [80.],
       [80.],
       [80.],
       [80.],
       [80.],
       [80.],
       [80.],
       [80.],
       [80.],
       [80.],
       [80.],
       [80.],
       [80.],
       [80.],
       [80.],
       [80.],
       [80.],
       [80.],
       [80.],
       [80.],
       [80.],
       [80.],
       [80.],
       [80.],
       [80.],
       [80.],
       [80.],
       [80.],
       [80.],
       [80.],
       [80.],
       [80.],
       [80.],
       [80.],
       [80.],
       [80.],
       [80.],
       [80.],
       [80.],
       [80.],
       [80.],
       [80.],
       [80.],
       [80.],
       [80.],
       [80.],
       [80.],
       [80.],
       [80.],
       [80.],
       [80.],
       [80.],
       [80.],
       [80.],
       [80.],
       [80.],
       [80.],
       [80.],
       [80.],
       [80.],
       [80.],
       [80.],
       [80.],
       [80.],
       [80.],
       [80.],
       [80.],
       [80.],
       [80.],
       [80.],
       [80.],
       [80.],
       [80.],
       [80.],
       [80.],
       [80.],
       [80.],
       [80.],
       [80.],
       [80.],
       [80.],
       [80.],
       [80.],
       [80.],
       [80.],
       [80.],
       [80.],
       [80.],
       [80.],
       [80.],
       [80.],
       [80.],
       [80.],
       [80.]]), 'dt': 0.01, 'N': 400, 'l': 1e-05}","{'Q': 289.4736842105263, 'gbar': 16.842105263157894, 'T': 10000, 'supervisor': array([[-1.89214982e-17],
       [ 4.44288287e-04],
       [ 8.88576529e-04],
       ...,
       [-1.33286468e-03],
       [-8.88576529e-04],
       [-4.44288287e-04]]), 'BIAS': array([[80.],
       [80.],
       [80.],
       [80.],
       [80.],
       [80.],
       [80.],
       [80.],
       [80.],
       [80.],
       [80.],
       [80.],
       [80.],
       [80.],
       [80.],
       [80.],
       [80.],
       [80.],
       [80.],
       [80.],
       [80.],
       [80.],
       [80.],
       [80.],
       [80.],
       [80.],
       [80.],
       [80.],
       [80.],
       [80.],
       [80.],
       [80.],
       [80.],
       [80.],
       [80.],
       [80.],
       [80.],
       [80.],
       [80.],
       [80.],
       [80.],
       [80.],
       [80.],
       [80.],
       [80.],
       [80.],
       [80.],
       [80.],
       [80.],
       [80.],
       [80.],
       [80.],
       [80.],
       [80.],
       [80.],
       [80.],
       [80.],
       [80.],
       [80.],
       [80.],
       [80.],
       [80.],
       [80.],
       [80.],
       [80.],
       [80.],
       [80.],
       [80.],
       [80.],
       [80.],
       [80.],
       [80.],
       [80.],
       [80.],
       [80.],
       [80.],
       [80.],
       [80.],
       [80.],
       [80.],
       [80.],
       [80.],
       [80.],
       [80.],
       [80.],
       [80.],
       [80.],
       [80.],
       [80.],
       [80.],
       [80.],
       [80.],
       [80.],
       [80.],
       [80.],
       [80.],
       [80.],
       [80.],
       [80.],
       [80.],
       [80.],
       [80.],
       [80.],
       [80.],
       [80.],
       [80.],
       [80.],
       [80.],
       [80.],
       [80.],
       [80.],
       [80.],
       [80.],
       [80.],
       [80.],
       [80.],
       [80.],
       [80.],
       [80.],
       [80.],
       [80.],
       [80.],
       [80.],
       [80.],
       [80.],
       [80.],
       [80.],
       [80.],
       [80.],
       [80.],
       [80.],
       [80.],
       [80.],
       [80.],
       [80.],
       [80.],
       [80.],
       [80.],
       [80.],
       [80.],
       [80.],
       [80.],
       [80.],
       [80.],
       [80.],
       [80.],
       [80.],
       [80.],
       [80.],
       [80.],
       [80.],
       [80.],
       [80.],
       [80.],
       [80.],
       [80.],
       [80.],
       [80.],
       [80.],
       [80.],
       [80.],
       [80.],
       [80.],
       [80.],
       [80.],
       [80.],
       [80.],
       [80.],
       [80.],
       [80.],
       [80.],
       [80.],
       [80.],
       [80.],
       [80.],
       [80.],
       [80.],
       [80.],
       [80.],
       [80.],
       [80.],
       [80.],
       [80.],
       [80.],
       [80.],
       [80.],
       [80.],
       [80.],
       [80.],
       [80.],
       [80.],
       [80.],
       [80.],
       [80.],
       [80.],
       [80.],
       [80.],
       [80.],
       [80.],
       [80.],
       [80.],
       [80.],
       [80.],
       [80.],
       [80.],
       [80.],
       [80.],
       [80.],
       [80.],
       [80.],
       [80.],
       [80.],
       [80.],
       [80.],
       [80.],
       [80.],
       [80.],
       [80.],
       [80.],
       [80.],
       [80.],
       [80.],
       [80.],
       [80.],
       [80.],
       [80.],
       [80.],
       [80.],
       [80.],
       [80.],
       [80.],
       [80.],
       [80.],
       [80.],
       [80.],
       [80.],
       [80.],
       [80.],
       [80.],
       [80.],
       [80.],
       [80.],
       [80.],
       [80.],
       [80.],
       [80.],
       [80.],
       [80.],
       [80.],
       [80.],
       [80.],
       [80.],
       [80.],
       [80.],
       [80.],
       [80.],
       [80.],
       [80.],
       [80.],
       [80.],
       [80.],
       [80.],
       [80.],
       [80.],
       [80.],
       [80.],
       [80.],
       [80.],
       [80.],
       [80.],
       [80.],
       [80.],
       [80.],
       [80.],
       [80.],
       [80.],
       [80.],
       [80.],
       [80.],
       [80.],
       [80.],
       [80.],
       [80.],
       [80.],
       [80.],
       [80.],
       [80.],
       [80.],
       [80.],
       [80.],
       [80.],
       [80.],
       [80.],
       [80.],
       [80.],
       [80.],
       [80.],
       [80.],
       [80.],
       [80.],
       [80.],
       [80.],
       [80.],
       [80.],
       [80.],
       [80.],
       [80.],
       [80.],
       [80.],
       [80.],
       [80.],
       [80.],
       [80.],
       [80.],
       [80.],
       [80.],
       [80.],
       [80.],
       [80.],
       [80.],
       [80.],
       [80.],
       [80.],
       [80.],
       [80.],
       [80.],
       [80.],
       [80.],
       [80.],
       [80.],
       [80.],
       [80.],
       [80.],
       [80.],
       [80.],
       [80.],
       [80.],
       [80.],
       [80.],
       [80.],
       [80.],
       [80.],
       [80.],
       [80.],
       [80.],
       [80.],
       [80.],
       [80.],
       [80.],
       [80.],
       [80.],
       [80.],
       [80.],
       [80.],
       [80.],
       [80.],
       [80.],
       [80.],
       [80.],
       [80.],
       [80.],
       [80.],
       [80.],
       [80.],
       [80.],
       [80.],
       [80.],
       [80.],
       [80.],
       [80.],
       [80.],
       [80.],
       [80.],
       [80.],
       [80.],
       [80.],
       [80.],
       [80.],
       [80.],
       [80.],
       [80.],
       [80.],
       [80.],
       [80.],
       [80.],
       [80.],
       [80.],
       [80.],
       [80.],
       [80.],
       [80.],
       [80.],
       [80.],
       [80.],
       [80.],
       [80.],
       [80.],
       [80.],
       [80.],
       [80.]]), 'dt': 0.01, 'N': 400, 'l': 1e-05}","{'Q': 289.4736842105263, 'gbar': 17.894736842105264, 'T': 10000, 'supervisor': array([[-1.89214982e-17],
       [ 4.44288287e-04],
       [ 8.88576529e-04],
       ...,
       [-1.33286468e-03],
       [-8.88576529e-04],
       [-4.44288287e-04]]), 'BIAS': array([[80.],
       [80.],
       [80.],
       [80.],
       [80.],
       [80.],
       [80.],
       [80.],
       [80.],
       [80.],
       [80.],
       [80.],
       [80.],
       [80.],
       [80.],
       [80.],
       [80.],
       [80.],
       [80.],
       [80.],
       [80.],
       [80.],
       [80.],
       [80.],
       [80.],
       [80.],
       [80.],
       [80.],
       [80.],
       [80.],
       [80.],
       [80.],
       [80.],
       [80.],
       [80.],
       [80.],
       [80.],
       [80.],
       [80.],
       [80.],
       [80.],
       [80.],
       [80.],
       [80.],
       [80.],
       [80.],
       [80.],
       [80.],
       [80.],
       [80.],
       [80.],
       [80.],
       [80.],
       [80.],
       [80.],
       [80.],
       [80.],
       [80.],
       [80.],
       [80.],
       [80.],
       [80.],
       [80.],
       [80.],
       [80.],
       [80.],
       [80.],
       [80.],
       [80.],
       [80.],
       [80.],
       [80.],
       [80.],
       [80.],
       [80.],
       [80.],
       [80.],
       [80.],
       [80.],
       [80.],
       [80.],
       [80.],
       [80.],
       [80.],
       [80.],
       [80.],
       [80.],
       [80.],
       [80.],
       [80.],
       [80.],
       [80.],
       [80.],
       [80.],
       [80.],
       [80.],
       [80.],
       [80.],
       [80.],
       [80.],
       [80.],
       [80.],
       [80.],
       [80.],
       [80.],
       [80.],
       [80.],
       [80.],
       [80.],
       [80.],
       [80.],
       [80.],
       [80.],
       [80.],
       [80.],
       [80.],
       [80.],
       [80.],
       [80.],
       [80.],
       [80.],
       [80.],
       [80.],
       [80.],
       [80.],
       [80.],
       [80.],
       [80.],
       [80.],
       [80.],
       [80.],
       [80.],
       [80.],
       [80.],
       [80.],
       [80.],
       [80.],
       [80.],
       [80.],
       [80.],
       [80.],
       [80.],
       [80.],
       [80.],
       [80.],
       [80.],
       [80.],
       [80.],
       [80.],
       [80.],
       [80.],
       [80.],
       [80.],
       [80.],
       [80.],
       [80.],
       [80.],
       [80.],
       [80.],
       [80.],
       [80.],
       [80.],
       [80.],
       [80.],
       [80.],
       [80.],
       [80.],
       [80.],
       [80.],
       [80.],
       [80.],
       [80.],
       [80.],
       [80.],
       [80.],
       [80.],
       [80.],
       [80.],
       [80.],
       [80.],
       [80.],
       [80.],
       [80.],
       [80.],
       [80.],
       [80.],
       [80.],
       [80.],
       [80.],
       [80.],
       [80.],
       [80.],
       [80.],
       [80.],
       [80.],
       [80.],
       [80.],
       [80.],
       [80.],
       [80.],
       [80.],
       [80.],
       [80.],
       [80.],
       [80.],
       [80.],
       [80.],
       [80.],
       [80.],
       [80.],
       [80.],
       [80.],
       [80.],
       [80.],
       [80.],
       [80.],
       [80.],
       [80.],
       [80.],
       [80.],
       [80.],
       [80.],
       [80.],
       [80.],
       [80.],
       [80.],
       [80.],
       [80.],
       [80.],
       [80.],
       [80.],
       [80.],
       [80.],
       [80.],
       [80.],
       [80.],
       [80.],
       [80.],
       [80.],
       [80.],
       [80.],
       [80.],
       [80.],
       [80.],
       [80.],
       [80.],
       [80.],
       [80.],
       [80.],
       [80.],
       [80.],
       [80.],
       [80.],
       [80.],
       [80.],
       [80.],
       [80.],
       [80.],
       [80.],
       [80.],
       [80.],
       [80.],
       [80.],
       [80.],
       [80.],
       [80.],
       [80.],
       [80.],
       [80.],
       [80.],
       [80.],
       [80.],
       [80.],
       [80.],
       [80.],
       [80.],
       [80.],
       [80.],
       [80.],
       [80.],
       [80.],
       [80.],
       [80.],
       [80.],
       [80.],
       [80.],
       [80.],
       [80.],
       [80.],
       [80.],
       [80.],
       [80.],
       [80.],
       [80.],
       [80.],
       [80.],
       [80.],
       [80.],
       [80.],
       [80.],
       [80.],
       [80.],
       [80.],
       [80.],
       [80.],
       [80.],
       [80.],
       [80.],
       [80.],
       [80.],
       [80.],
       [80.],
       [80.],
       [80.],
       [80.],
       [80.],
       [80.],
       [80.],
       [80.],
       [80.],
       [80.],
       [80.],
       [80.],
       [80.],
       [80.],
       [80.],
       [80.],
       [80.],
       [80.],
       [80.],
       [80.],
       [80.],
       [80.],
       [80.],
       [80.],
       [80.],
       [80.],
       [80.],
       [80.],
       [80.],
       [80.],
       [80.],
       [80.],
       [80.],
       [80.],
       [80.],
       [80.],
       [80.],
       [80.],
       [80.],
       [80.],
       [80.],
       [80.],
       [80.],
       [80.],
       [80.],
       [80.],
       [80.],
       [80.],
       [80.],
       [80.],
       [80.],
       [80.],
       [80.],
       [80.],
       [80.],
       [80.],
       [80.],
       [80.],
       [80.],
       [80.],
       [80.],
       [80.],
       [80.],
       [80.],
       [80.],
       [80.],
       [80.],
       [80.],
       [80.],
       [80.],
       [80.],
       [80.],
       [80.],
       [80.],
       [80.],
       [80.],
       [80.],
       [80.],
       [80.],
       [80.],
       [80.],
       [80.],
       [80.],
       [80.],
       [80.],
       [80.],
       [80.],
       [80.],
       [80.]]), 'dt': 0.01, 'N': 400, 'l': 1e-05}","{'Q': 289.4736842105263, 'gbar': 18.94736842105263, 'T': 10000, 'supervisor': array([[-1.89214982e-17],
       [ 4.44288287e-04],
       [ 8.88576529e-04],
       ...,
       [-1.33286468e-03],
       [-8.88576529e-04],
       [-4.44288287e-04]]), 'BIAS': array([[80.],
       [80.],
       [80.],
       [80.],
       [80.],
       [80.],
       [80.],
       [80.],
       [80.],
       [80.],
       [80.],
       [80.],
       [80.],
       [80.],
       [80.],
       [80.],
       [80.],
       [80.],
       [80.],
       [80.],
       [80.],
       [80.],
       [80.],
       [80.],
       [80.],
       [80.],
       [80.],
       [80.],
       [80.],
       [80.],
       [80.],
       [80.],
       [80.],
       [80.],
       [80.],
       [80.],
       [80.],
       [80.],
       [80.],
       [80.],
       [80.],
       [80.],
       [80.],
       [80.],
       [80.],
       [80.],
       [80.],
       [80.],
       [80.],
       [80.],
       [80.],
       [80.],
       [80.],
       [80.],
       [80.],
       [80.],
       [80.],
       [80.],
       [80.],
       [80.],
       [80.],
       [80.],
       [80.],
       [80.],
       [80.],
       [80.],
       [80.],
       [80.],
       [80.],
       [80.],
       [80.],
       [80.],
       [80.],
       [80.],
       [80.],
       [80.],
       [80.],
       [80.],
       [80.],
       [80.],
       [80.],
       [80.],
       [80.],
       [80.],
       [80.],
       [80.],
       [80.],
       [80.],
       [80.],
       [80.],
       [80.],
       [80.],
       [80.],
       [80.],
       [80.],
       [80.],
       [80.],
       [80.],
       [80.],
       [80.],
       [80.],
       [80.],
       [80.],
       [80.],
       [80.],
       [80.],
       [80.],
       [80.],
       [80.],
       [80.],
       [80.],
       [80.],
       [80.],
       [80.],
       [80.],
       [80.],
       [80.],
       [80.],
       [80.],
       [80.],
       [80.],
       [80.],
       [80.],
       [80.],
       [80.],
       [80.],
       [80.],
       [80.],
       [80.],
       [80.],
       [80.],
       [80.],
       [80.],
       [80.],
       [80.],
       [80.],
       [80.],
       [80.],
       [80.],
       [80.],
       [80.],
       [80.],
       [80.],
       [80.],
       [80.],
       [80.],
       [80.],
       [80.],
       [80.],
       [80.],
       [80.],
       [80.],
       [80.],
       [80.],
       [80.],
       [80.],
       [80.],
       [80.],
       [80.],
       [80.],
       [80.],
       [80.],
       [80.],
       [80.],
       [80.],
       [80.],
       [80.],
       [80.],
       [80.],
       [80.],
       [80.],
       [80.],
       [80.],
       [80.],
       [80.],
       [80.],
       [80.],
       [80.],
       [80.],
       [80.],
       [80.],
       [80.],
       [80.],
       [80.],
       [80.],
       [80.],
       [80.],
       [80.],
       [80.],
       [80.],
       [80.],
       [80.],
       [80.],
       [80.],
       [80.],
       [80.],
       [80.],
       [80.],
       [80.],
       [80.],
       [80.],
       [80.],
       [80.],
       [80.],
       [80.],
       [80.],
       [80.],
       [80.],
       [80.],
       [80.],
       [80.],
       [80.],
       [80.],
       [80.],
       [80.],
       [80.],
       [80.],
       [80.],
       [80.],
       [80.],
       [80.],
       [80.],
       [80.],
       [80.],
       [80.],
       [80.],
       [80.],
       [80.],
       [80.],
       [80.],
       [80.],
       [80.],
       [80.],
       [80.],
       [80.],
       [80.],
       [80.],
       [80.],
       [80.],
       [80.],
       [80.],
       [80.],
       [80.],
       [80.],
       [80.],
       [80.],
       [80.],
       [80.],
       [80.],
       [80.],
       [80.],
       [80.],
       [80.],
       [80.],
       [80.],
       [80.],
       [80.],
       [80.],
       [80.],
       [80.],
       [80.],
       [80.],
       [80.],
       [80.],
       [80.],
       [80.],
       [80.],
       [80.],
       [80.],
       [80.],
       [80.],
       [80.],
       [80.],
       [80.],
       [80.],
       [80.],
       [80.],
       [80.],
       [80.],
       [80.],
       [80.],
       [80.],
       [80.],
       [80.],
       [80.],
       [80.],
       [80.],
       [80.],
       [80.],
       [80.],
       [80.],
       [80.],
       [80.],
       [80.],
       [80.],
       [80.],
       [80.],
       [80.],
       [80.],
       [80.],
       [80.],
       [80.],
       [80.],
       [80.],
       [80.],
       [80.],
       [80.],
       [80.],
       [80.],
       [80.],
       [80.],
       [80.],
       [80.],
       [80.],
       [80.],
       [80.],
       [80.],
       [80.],
       [80.],
       [80.],
       [80.],
       [80.],
       [80.],
       [80.],
       [80.],
       [80.],
       [80.],
       [80.],
       [80.],
       [80.],
       [80.],
       [80.],
       [80.],
       [80.],
       [80.],
       [80.],
       [80.],
       [80.],
       [80.],
       [80.],
       [80.],
       [80.],
       [80.],
       [80.],
       [80.],
       [80.],
       [80.],
       [80.],
       [80.],
       [80.],
       [80.],
       [80.],
       [80.],
       [80.],
       [80.],
       [80.],
       [80.],
       [80.],
       [80.],
       [80.],
       [80.],
       [80.],
       [80.],
       [80.],
       [80.],
       [80.],
       [80.],
       [80.],
       [80.],
       [80.],
       [80.],
       [80.],
       [80.],
       [80.],
       [80.],
       [80.],
       [80.],
       [80.],
       [80.],
       [80.],
       [80.],
       [80.],
       [80.],
       [80.],
       [80.],
       [80.],
       [80.],
       [80.],
       [80.],
       [80.],
       [80.],
       [80.],
       [80.],
       [80.],
       [80.],
       [80.],
       [80.],
       [80.],
       [80.],
       [80.]]), 'dt': 0.01, 'N': 400, 'l': 1e-05}","{'Q': 289.4736842105263, 'gbar': 20.0, 'T': 10000, 'supervisor': array([[-1.89214982e-17],
       [ 4.44288287e-04],
       [ 8.88576529e-04],
       ...,
       [-1.33286468e-03],
       [-8.88576529e-04],
       [-4.44288287e-04]]), 'BIAS': array([[80.],
       [80.],
       [80.],
       [80.],
       [80.],
       [80.],
       [80.],
       [80.],
       [80.],
       [80.],
       [80.],
       [80.],
       [80.],
       [80.],
       [80.],
       [80.],
       [80.],
       [80.],
       [80.],
       [80.],
       [80.],
       [80.],
       [80.],
       [80.],
       [80.],
       [80.],
       [80.],
       [80.],
       [80.],
       [80.],
       [80.],
       [80.],
       [80.],
       [80.],
       [80.],
       [80.],
       [80.],
       [80.],
       [80.],
       [80.],
       [80.],
       [80.],
       [80.],
       [80.],
       [80.],
       [80.],
       [80.],
       [80.],
       [80.],
       [80.],
       [80.],
       [80.],
       [80.],
       [80.],
       [80.],
       [80.],
       [80.],
       [80.],
       [80.],
       [80.],
       [80.],
       [80.],
       [80.],
       [80.],
       [80.],
       [80.],
       [80.],
       [80.],
       [80.],
       [80.],
       [80.],
       [80.],
       [80.],
       [80.],
       [80.],
       [80.],
       [80.],
       [80.],
       [80.],
       [80.],
       [80.],
       [80.],
       [80.],
       [80.],
       [80.],
       [80.],
       [80.],
       [80.],
       [80.],
       [80.],
       [80.],
       [80.],
       [80.],
       [80.],
       [80.],
       [80.],
       [80.],
       [80.],
       [80.],
       [80.],
       [80.],
       [80.],
       [80.],
       [80.],
       [80.],
       [80.],
       [80.],
       [80.],
       [80.],
       [80.],
       [80.],
       [80.],
       [80.],
       [80.],
       [80.],
       [80.],
       [80.],
       [80.],
       [80.],
       [80.],
       [80.],
       [80.],
       [80.],
       [80.],
       [80.],
       [80.],
       [80.],
       [80.],
       [80.],
       [80.],
       [80.],
       [80.],
       [80.],
       [80.],
       [80.],
       [80.],
       [80.],
       [80.],
       [80.],
       [80.],
       [80.],
       [80.],
       [80.],
       [80.],
       [80.],
       [80.],
       [80.],
       [80.],
       [80.],
       [80.],
       [80.],
       [80.],
       [80.],
       [80.],
       [80.],
       [80.],
       [80.],
       [80.],
       [80.],
       [80.],
       [80.],
       [80.],
       [80.],
       [80.],
       [80.],
       [80.],
       [80.],
       [80.],
       [80.],
       [80.],
       [80.],
       [80.],
       [80.],
       [80.],
       [80.],
       [80.],
       [80.],
       [80.],
       [80.],
       [80.],
       [80.],
       [80.],
       [80.],
       [80.],
       [80.],
       [80.],
       [80.],
       [80.],
       [80.],
       [80.],
       [80.],
       [80.],
       [80.],
       [80.],
       [80.],
       [80.],
       [80.],
       [80.],
       [80.],
       [80.],
       [80.],
       [80.],
       [80.],
       [80.],
       [80.],
       [80.],
       [80.],
       [80.],
       [80.],
       [80.],
       [80.],
       [80.],
       [80.],
       [80.],
       [80.],
       [80.],
       [80.],
       [80.],
       [80.],
       [80.],
       [80.],
       [80.],
       [80.],
       [80.],
       [80.],
       [80.],
       [80.],
       [80.],
       [80.],
       [80.],
       [80.],
       [80.],
       [80.],
       [80.],
       [80.],
       [80.],
       [80.],
       [80.],
       [80.],
       [80.],
       [80.],
       [80.],
       [80.],
       [80.],
       [80.],
       [80.],
       [80.],
       [80.],
       [80.],
       [80.],
       [80.],
       [80.],
       [80.],
       [80.],
       [80.],
       [80.],
       [80.],
       [80.],
       [80.],
       [80.],
       [80.],
       [80.],
       [80.],
       [80.],
       [80.],
       [80.],
       [80.],
       [80.],
       [80.],
       [80.],
       [80.],
       [80.],
       [80.],
       [80.],
       [80.],
       [80.],
       [80.],
       [80.],
       [80.],
       [80.],
       [80.],
       [80.],
       [80.],
       [80.],
       [80.],
       [80.],
       [80.],
       [80.],
       [80.],
       [80.],
       [80.],
       [80.],
       [80.],
       [80.],
       [80.],
       [80.],
       [80.],
       [80.],
       [80.],
       [80.],
       [80.],
       [80.],
       [80.],
       [80.],
       [80.],
       [80.],
       [80.],
       [80.],
       [80.],
       [80.],
       [80.],
       [80.],
       [80.],
       [80.],
       [80.],
       [80.],
       [80.],
       [80.],
       [80.],
       [80.],
       [80.],
       [80.],
       [80.],
       [80.],
       [80.],
       [80.],
       [80.],
       [80.],
       [80.],
       [80.],
       [80.],
       [80.],
       [80.],
       [80.],
       [80.],
       [80.],
       [80.],
       [80.],
       [80.],
       [80.],
       [80.],
       [80.],
       [80.],
       [80.],
       [80.],
       [80.],
       [80.],
       [80.],
       [80.],
       [80.],
       [80.],
       [80.],
       [80.],
       [80.],
       [80.],
       [80.],
       [80.],
       [80.],
       [80.],
       [80.],
       [80.],
       [80.],
       [80.],
       [80.],
       [80.],
       [80.],
       [80.],
       [80.],
       [80.],
       [80.],
       [80.],
       [80.],
       [80.],
       [80.],
       [80.],
       [80.],
       [80.],
       [80.],
       [80.],
       [80.],
       [80.],
       [80.],
       [80.],
       [80.],
       [80.],
       [80.],
       [80.],
       [80.],
       [80.],
       [80.],
       [80.],
       [80.],
       [80.],
       [80.],
       [80.],
       [80.],
       [80.],
       [80.],
       [80.],
       [80.]]), 'dt': 0.01, 'N': 400, 'l': 1e-05}"
"{'Q': 315.7894736842105, 'gbar': 0.0, 'T': 10000, 'supervisor': array([[-1.89214982e-17],
       [ 4.44288287e-04],
       [ 8.88576529e-04],
       ...,
       [-1.33286468e-03],
       [-8.88576529e-04],
       [-4.44288287e-04]]), 'BIAS': array([[80.],
       [80.],
       [80.],
       [80.],
       [80.],
       [80.],
       [80.],
       [80.],
       [80.],
       [80.],
       [80.],
       [80.],
       [80.],
       [80.],
       [80.],
       [80.],
       [80.],
       [80.],
       [80.],
       [80.],
       [80.],
       [80.],
       [80.],
       [80.],
       [80.],
       [80.],
       [80.],
       [80.],
       [80.],
       [80.],
       [80.],
       [80.],
       [80.],
       [80.],
       [80.],
       [80.],
       [80.],
       [80.],
       [80.],
       [80.],
       [80.],
       [80.],
       [80.],
       [80.],
       [80.],
       [80.],
       [80.],
       [80.],
       [80.],
       [80.],
       [80.],
       [80.],
       [80.],
       [80.],
       [80.],
       [80.],
       [80.],
       [80.],
       [80.],
       [80.],
       [80.],
       [80.],
       [80.],
       [80.],
       [80.],
       [80.],
       [80.],
       [80.],
       [80.],
       [80.],
       [80.],
       [80.],
       [80.],
       [80.],
       [80.],
       [80.],
       [80.],
       [80.],
       [80.],
       [80.],
       [80.],
       [80.],
       [80.],
       [80.],
       [80.],
       [80.],
       [80.],
       [80.],
       [80.],
       [80.],
       [80.],
       [80.],
       [80.],
       [80.],
       [80.],
       [80.],
       [80.],
       [80.],
       [80.],
       [80.],
       [80.],
       [80.],
       [80.],
       [80.],
       [80.],
       [80.],
       [80.],
       [80.],
       [80.],
       [80.],
       [80.],
       [80.],
       [80.],
       [80.],
       [80.],
       [80.],
       [80.],
       [80.],
       [80.],
       [80.],
       [80.],
       [80.],
       [80.],
       [80.],
       [80.],
       [80.],
       [80.],
       [80.],
       [80.],
       [80.],
       [80.],
       [80.],
       [80.],
       [80.],
       [80.],
       [80.],
       [80.],
       [80.],
       [80.],
       [80.],
       [80.],
       [80.],
       [80.],
       [80.],
       [80.],
       [80.],
       [80.],
       [80.],
       [80.],
       [80.],
       [80.],
       [80.],
       [80.],
       [80.],
       [80.],
       [80.],
       [80.],
       [80.],
       [80.],
       [80.],
       [80.],
       [80.],
       [80.],
       [80.],
       [80.],
       [80.],
       [80.],
       [80.],
       [80.],
       [80.],
       [80.],
       [80.],
       [80.],
       [80.],
       [80.],
       [80.],
       [80.],
       [80.],
       [80.],
       [80.],
       [80.],
       [80.],
       [80.],
       [80.],
       [80.],
       [80.],
       [80.],
       [80.],
       [80.],
       [80.],
       [80.],
       [80.],
       [80.],
       [80.],
       [80.],
       [80.],
       [80.],
       [80.],
       [80.],
       [80.],
       [80.],
       [80.],
       [80.],
       [80.],
       [80.],
       [80.],
       [80.],
       [80.],
       [80.],
       [80.],
       [80.],
       [80.],
       [80.],
       [80.],
       [80.],
       [80.],
       [80.],
       [80.],
       [80.],
       [80.],
       [80.],
       [80.],
       [80.],
       [80.],
       [80.],
       [80.],
       [80.],
       [80.],
       [80.],
       [80.],
       [80.],
       [80.],
       [80.],
       [80.],
       [80.],
       [80.],
       [80.],
       [80.],
       [80.],
       [80.],
       [80.],
       [80.],
       [80.],
       [80.],
       [80.],
       [80.],
       [80.],
       [80.],
       [80.],
       [80.],
       [80.],
       [80.],
       [80.],
       [80.],
       [80.],
       [80.],
       [80.],
       [80.],
       [80.],
       [80.],
       [80.],
       [80.],
       [80.],
       [80.],
       [80.],
       [80.],
       [80.],
       [80.],
       [80.],
       [80.],
       [80.],
       [80.],
       [80.],
       [80.],
       [80.],
       [80.],
       [80.],
       [80.],
       [80.],
       [80.],
       [80.],
       [80.],
       [80.],
       [80.],
       [80.],
       [80.],
       [80.],
       [80.],
       [80.],
       [80.],
       [80.],
       [80.],
       [80.],
       [80.],
       [80.],
       [80.],
       [80.],
       [80.],
       [80.],
       [80.],
       [80.],
       [80.],
       [80.],
       [80.],
       [80.],
       [80.],
       [80.],
       [80.],
       [80.],
       [80.],
       [80.],
       [80.],
       [80.],
       [80.],
       [80.],
       [80.],
       [80.],
       [80.],
       [80.],
       [80.],
       [80.],
       [80.],
       [80.],
       [80.],
       [80.],
       [80.],
       [80.],
       [80.],
       [80.],
       [80.],
       [80.],
       [80.],
       [80.],
       [80.],
       [80.],
       [80.],
       [80.],
       [80.],
       [80.],
       [80.],
       [80.],
       [80.],
       [80.],
       [80.],
       [80.],
       [80.],
       [80.],
       [80.],
       [80.],
       [80.],
       [80.],
       [80.],
       [80.],
       [80.],
       [80.],
       [80.],
       [80.],
       [80.],
       [80.],
       [80.],
       [80.],
       [80.],
       [80.],
       [80.],
       [80.],
       [80.],
       [80.],
       [80.],
       [80.],
       [80.],
       [80.],
       [80.],
       [80.],
       [80.],
       [80.],
       [80.],
       [80.],
       [80.],
       [80.],
       [80.],
       [80.],
       [80.],
       [80.],
       [80.],
       [80.],
       [80.],
       [80.],
       [80.],
       [80.],
       [80.],
       [80.],
       [80.],
       [80.],
       [80.],
       [80.],
       [80.],
       [80.],
       [80.],
       [80.],
       [80.]]), 'dt': 0.01, 'N': 400, 'l': 1e-05}","{'Q': 315.7894736842105, 'gbar': 1.0526315789473684, 'T': 10000, 'supervisor': array([[-1.89214982e-17],
       [ 4.44288287e-04],
       [ 8.88576529e-04],
       ...,
       [-1.33286468e-03],
       [-8.88576529e-04],
       [-4.44288287e-04]]), 'BIAS': array([[80.],
       [80.],
       [80.],
       [80.],
       [80.],
       [80.],
       [80.],
       [80.],
       [80.],
       [80.],
       [80.],
       [80.],
       [80.],
       [80.],
       [80.],
       [80.],
       [80.],
       [80.],
       [80.],
       [80.],
       [80.],
       [80.],
       [80.],
       [80.],
       [80.],
       [80.],
       [80.],
       [80.],
       [80.],
       [80.],
       [80.],
       [80.],
       [80.],
       [80.],
       [80.],
       [80.],
       [80.],
       [80.],
       [80.],
       [80.],
       [80.],
       [80.],
       [80.],
       [80.],
       [80.],
       [80.],
       [80.],
       [80.],
       [80.],
       [80.],
       [80.],
       [80.],
       [80.],
       [80.],
       [80.],
       [80.],
       [80.],
       [80.],
       [80.],
       [80.],
       [80.],
       [80.],
       [80.],
       [80.],
       [80.],
       [80.],
       [80.],
       [80.],
       [80.],
       [80.],
       [80.],
       [80.],
       [80.],
       [80.],
       [80.],
       [80.],
       [80.],
       [80.],
       [80.],
       [80.],
       [80.],
       [80.],
       [80.],
       [80.],
       [80.],
       [80.],
       [80.],
       [80.],
       [80.],
       [80.],
       [80.],
       [80.],
       [80.],
       [80.],
       [80.],
       [80.],
       [80.],
       [80.],
       [80.],
       [80.],
       [80.],
       [80.],
       [80.],
       [80.],
       [80.],
       [80.],
       [80.],
       [80.],
       [80.],
       [80.],
       [80.],
       [80.],
       [80.],
       [80.],
       [80.],
       [80.],
       [80.],
       [80.],
       [80.],
       [80.],
       [80.],
       [80.],
       [80.],
       [80.],
       [80.],
       [80.],
       [80.],
       [80.],
       [80.],
       [80.],
       [80.],
       [80.],
       [80.],
       [80.],
       [80.],
       [80.],
       [80.],
       [80.],
       [80.],
       [80.],
       [80.],
       [80.],
       [80.],
       [80.],
       [80.],
       [80.],
       [80.],
       [80.],
       [80.],
       [80.],
       [80.],
       [80.],
       [80.],
       [80.],
       [80.],
       [80.],
       [80.],
       [80.],
       [80.],
       [80.],
       [80.],
       [80.],
       [80.],
       [80.],
       [80.],
       [80.],
       [80.],
       [80.],
       [80.],
       [80.],
       [80.],
       [80.],
       [80.],
       [80.],
       [80.],
       [80.],
       [80.],
       [80.],
       [80.],
       [80.],
       [80.],
       [80.],
       [80.],
       [80.],
       [80.],
       [80.],
       [80.],
       [80.],
       [80.],
       [80.],
       [80.],
       [80.],
       [80.],
       [80.],
       [80.],
       [80.],
       [80.],
       [80.],
       [80.],
       [80.],
       [80.],
       [80.],
       [80.],
       [80.],
       [80.],
       [80.],
       [80.],
       [80.],
       [80.],
       [80.],
       [80.],
       [80.],
       [80.],
       [80.],
       [80.],
       [80.],
       [80.],
       [80.],
       [80.],
       [80.],
       [80.],
       [80.],
       [80.],
       [80.],
       [80.],
       [80.],
       [80.],
       [80.],
       [80.],
       [80.],
       [80.],
       [80.],
       [80.],
       [80.],
       [80.],
       [80.],
       [80.],
       [80.],
       [80.],
       [80.],
       [80.],
       [80.],
       [80.],
       [80.],
       [80.],
       [80.],
       [80.],
       [80.],
       [80.],
       [80.],
       [80.],
       [80.],
       [80.],
       [80.],
       [80.],
       [80.],
       [80.],
       [80.],
       [80.],
       [80.],
       [80.],
       [80.],
       [80.],
       [80.],
       [80.],
       [80.],
       [80.],
       [80.],
       [80.],
       [80.],
       [80.],
       [80.],
       [80.],
       [80.],
       [80.],
       [80.],
       [80.],
       [80.],
       [80.],
       [80.],
       [80.],
       [80.],
       [80.],
       [80.],
       [80.],
       [80.],
       [80.],
       [80.],
       [80.],
       [80.],
       [80.],
       [80.],
       [80.],
       [80.],
       [80.],
       [80.],
       [80.],
       [80.],
       [80.],
       [80.],
       [80.],
       [80.],
       [80.],
       [80.],
       [80.],
       [80.],
       [80.],
       [80.],
       [80.],
       [80.],
       [80.],
       [80.],
       [80.],
       [80.],
       [80.],
       [80.],
       [80.],
       [80.],
       [80.],
       [80.],
       [80.],
       [80.],
       [80.],
       [80.],
       [80.],
       [80.],
       [80.],
       [80.],
       [80.],
       [80.],
       [80.],
       [80.],
       [80.],
       [80.],
       [80.],
       [80.],
       [80.],
       [80.],
       [80.],
       [80.],
       [80.],
       [80.],
       [80.],
       [80.],
       [80.],
       [80.],
       [80.],
       [80.],
       [80.],
       [80.],
       [80.],
       [80.],
       [80.],
       [80.],
       [80.],
       [80.],
       [80.],
       [80.],
       [80.],
       [80.],
       [80.],
       [80.],
       [80.],
       [80.],
       [80.],
       [80.],
       [80.],
       [80.],
       [80.],
       [80.],
       [80.],
       [80.],
       [80.],
       [80.],
       [80.],
       [80.],
       [80.],
       [80.],
       [80.],
       [80.],
       [80.],
       [80.],
       [80.],
       [80.],
       [80.],
       [80.],
       [80.],
       [80.],
       [80.],
       [80.],
       [80.],
       [80.],
       [80.],
       [80.],
       [80.],
       [80.],
       [80.],
       [80.],
       [80.],
       [80.]]), 'dt': 0.01, 'N': 400, 'l': 1e-05}","{'Q': 315.7894736842105, 'gbar': 2.1052631578947367, 'T': 10000, 'supervisor': array([[-1.89214982e-17],
       [ 4.44288287e-04],
       [ 8.88576529e-04],
       ...,
       [-1.33286468e-03],
       [-8.88576529e-04],
       [-4.44288287e-04]]), 'BIAS': array([[80.],
       [80.],
       [80.],
       [80.],
       [80.],
       [80.],
       [80.],
       [80.],
       [80.],
       [80.],
       [80.],
       [80.],
       [80.],
       [80.],
       [80.],
       [80.],
       [80.],
       [80.],
       [80.],
       [80.],
       [80.],
       [80.],
       [80.],
       [80.],
       [80.],
       [80.],
       [80.],
       [80.],
       [80.],
       [80.],
       [80.],
       [80.],
       [80.],
       [80.],
       [80.],
       [80.],
       [80.],
       [80.],
       [80.],
       [80.],
       [80.],
       [80.],
       [80.],
       [80.],
       [80.],
       [80.],
       [80.],
       [80.],
       [80.],
       [80.],
       [80.],
       [80.],
       [80.],
       [80.],
       [80.],
       [80.],
       [80.],
       [80.],
       [80.],
       [80.],
       [80.],
       [80.],
       [80.],
       [80.],
       [80.],
       [80.],
       [80.],
       [80.],
       [80.],
       [80.],
       [80.],
       [80.],
       [80.],
       [80.],
       [80.],
       [80.],
       [80.],
       [80.],
       [80.],
       [80.],
       [80.],
       [80.],
       [80.],
       [80.],
       [80.],
       [80.],
       [80.],
       [80.],
       [80.],
       [80.],
       [80.],
       [80.],
       [80.],
       [80.],
       [80.],
       [80.],
       [80.],
       [80.],
       [80.],
       [80.],
       [80.],
       [80.],
       [80.],
       [80.],
       [80.],
       [80.],
       [80.],
       [80.],
       [80.],
       [80.],
       [80.],
       [80.],
       [80.],
       [80.],
       [80.],
       [80.],
       [80.],
       [80.],
       [80.],
       [80.],
       [80.],
       [80.],
       [80.],
       [80.],
       [80.],
       [80.],
       [80.],
       [80.],
       [80.],
       [80.],
       [80.],
       [80.],
       [80.],
       [80.],
       [80.],
       [80.],
       [80.],
       [80.],
       [80.],
       [80.],
       [80.],
       [80.],
       [80.],
       [80.],
       [80.],
       [80.],
       [80.],
       [80.],
       [80.],
       [80.],
       [80.],
       [80.],
       [80.],
       [80.],
       [80.],
       [80.],
       [80.],
       [80.],
       [80.],
       [80.],
       [80.],
       [80.],
       [80.],
       [80.],
       [80.],
       [80.],
       [80.],
       [80.],
       [80.],
       [80.],
       [80.],
       [80.],
       [80.],
       [80.],
       [80.],
       [80.],
       [80.],
       [80.],
       [80.],
       [80.],
       [80.],
       [80.],
       [80.],
       [80.],
       [80.],
       [80.],
       [80.],
       [80.],
       [80.],
       [80.],
       [80.],
       [80.],
       [80.],
       [80.],
       [80.],
       [80.],
       [80.],
       [80.],
       [80.],
       [80.],
       [80.],
       [80.],
       [80.],
       [80.],
       [80.],
       [80.],
       [80.],
       [80.],
       [80.],
       [80.],
       [80.],
       [80.],
       [80.],
       [80.],
       [80.],
       [80.],
       [80.],
       [80.],
       [80.],
       [80.],
       [80.],
       [80.],
       [80.],
       [80.],
       [80.],
       [80.],
       [80.],
       [80.],
       [80.],
       [80.],
       [80.],
       [80.],
       [80.],
       [80.],
       [80.],
       [80.],
       [80.],
       [80.],
       [80.],
       [80.],
       [80.],
       [80.],
       [80.],
       [80.],
       [80.],
       [80.],
       [80.],
       [80.],
       [80.],
       [80.],
       [80.],
       [80.],
       [80.],
       [80.],
       [80.],
       [80.],
       [80.],
       [80.],
       [80.],
       [80.],
       [80.],
       [80.],
       [80.],
       [80.],
       [80.],
       [80.],
       [80.],
       [80.],
       [80.],
       [80.],
       [80.],
       [80.],
       [80.],
       [80.],
       [80.],
       [80.],
       [80.],
       [80.],
       [80.],
       [80.],
       [80.],
       [80.],
       [80.],
       [80.],
       [80.],
       [80.],
       [80.],
       [80.],
       [80.],
       [80.],
       [80.],
       [80.],
       [80.],
       [80.],
       [80.],
       [80.],
       [80.],
       [80.],
       [80.],
       [80.],
       [80.],
       [80.],
       [80.],
       [80.],
       [80.],
       [80.],
       [80.],
       [80.],
       [80.],
       [80.],
       [80.],
       [80.],
       [80.],
       [80.],
       [80.],
       [80.],
       [80.],
       [80.],
       [80.],
       [80.],
       [80.],
       [80.],
       [80.],
       [80.],
       [80.],
       [80.],
       [80.],
       [80.],
       [80.],
       [80.],
       [80.],
       [80.],
       [80.],
       [80.],
       [80.],
       [80.],
       [80.],
       [80.],
       [80.],
       [80.],
       [80.],
       [80.],
       [80.],
       [80.],
       [80.],
       [80.],
       [80.],
       [80.],
       [80.],
       [80.],
       [80.],
       [80.],
       [80.],
       [80.],
       [80.],
       [80.],
       [80.],
       [80.],
       [80.],
       [80.],
       [80.],
       [80.],
       [80.],
       [80.],
       [80.],
       [80.],
       [80.],
       [80.],
       [80.],
       [80.],
       [80.],
       [80.],
       [80.],
       [80.],
       [80.],
       [80.],
       [80.],
       [80.],
       [80.],
       [80.],
       [80.],
       [80.],
       [80.],
       [80.],
       [80.],
       [80.],
       [80.],
       [80.],
       [80.],
       [80.],
       [80.],
       [80.],
       [80.],
       [80.],
       [80.],
       [80.],
       [80.],
       [80.],
       [80.],
       [80.]]), 'dt': 0.01, 'N': 400, 'l': 1e-05}","{'Q': 315.7894736842105, 'gbar': 3.1578947368421053, 'T': 10000, 'supervisor': array([[-1.89214982e-17],
       [ 4.44288287e-04],
       [ 8.88576529e-04],
       ...,
       [-1.33286468e-03],
       [-8.88576529e-04],
       [-4.44288287e-04]]), 'BIAS': array([[80.],
       [80.],
       [80.],
       [80.],
       [80.],
       [80.],
       [80.],
       [80.],
       [80.],
       [80.],
       [80.],
       [80.],
       [80.],
       [80.],
       [80.],
       [80.],
       [80.],
       [80.],
       [80.],
       [80.],
       [80.],
       [80.],
       [80.],
       [80.],
       [80.],
       [80.],
       [80.],
       [80.],
       [80.],
       [80.],
       [80.],
       [80.],
       [80.],
       [80.],
       [80.],
       [80.],
       [80.],
       [80.],
       [80.],
       [80.],
       [80.],
       [80.],
       [80.],
       [80.],
       [80.],
       [80.],
       [80.],
       [80.],
       [80.],
       [80.],
       [80.],
       [80.],
       [80.],
       [80.],
       [80.],
       [80.],
       [80.],
       [80.],
       [80.],
       [80.],
       [80.],
       [80.],
       [80.],
       [80.],
       [80.],
       [80.],
       [80.],
       [80.],
       [80.],
       [80.],
       [80.],
       [80.],
       [80.],
       [80.],
       [80.],
       [80.],
       [80.],
       [80.],
       [80.],
       [80.],
       [80.],
       [80.],
       [80.],
       [80.],
       [80.],
       [80.],
       [80.],
       [80.],
       [80.],
       [80.],
       [80.],
       [80.],
       [80.],
       [80.],
       [80.],
       [80.],
       [80.],
       [80.],
       [80.],
       [80.],
       [80.],
       [80.],
       [80.],
       [80.],
       [80.],
       [80.],
       [80.],
       [80.],
       [80.],
       [80.],
       [80.],
       [80.],
       [80.],
       [80.],
       [80.],
       [80.],
       [80.],
       [80.],
       [80.],
       [80.],
       [80.],
       [80.],
       [80.],
       [80.],
       [80.],
       [80.],
       [80.],
       [80.],
       [80.],
       [80.],
       [80.],
       [80.],
       [80.],
       [80.],
       [80.],
       [80.],
       [80.],
       [80.],
       [80.],
       [80.],
       [80.],
       [80.],
       [80.],
       [80.],
       [80.],
       [80.],
       [80.],
       [80.],
       [80.],
       [80.],
       [80.],
       [80.],
       [80.],
       [80.],
       [80.],
       [80.],
       [80.],
       [80.],
       [80.],
       [80.],
       [80.],
       [80.],
       [80.],
       [80.],
       [80.],
       [80.],
       [80.],
       [80.],
       [80.],
       [80.],
       [80.],
       [80.],
       [80.],
       [80.],
       [80.],
       [80.],
       [80.],
       [80.],
       [80.],
       [80.],
       [80.],
       [80.],
       [80.],
       [80.],
       [80.],
       [80.],
       [80.],
       [80.],
       [80.],
       [80.],
       [80.],
       [80.],
       [80.],
       [80.],
       [80.],
       [80.],
       [80.],
       [80.],
       [80.],
       [80.],
       [80.],
       [80.],
       [80.],
       [80.],
       [80.],
       [80.],
       [80.],
       [80.],
       [80.],
       [80.],
       [80.],
       [80.],
       [80.],
       [80.],
       [80.],
       [80.],
       [80.],
       [80.],
       [80.],
       [80.],
       [80.],
       [80.],
       [80.],
       [80.],
       [80.],
       [80.],
       [80.],
       [80.],
       [80.],
       [80.],
       [80.],
       [80.],
       [80.],
       [80.],
       [80.],
       [80.],
       [80.],
       [80.],
       [80.],
       [80.],
       [80.],
       [80.],
       [80.],
       [80.],
       [80.],
       [80.],
       [80.],
       [80.],
       [80.],
       [80.],
       [80.],
       [80.],
       [80.],
       [80.],
       [80.],
       [80.],
       [80.],
       [80.],
       [80.],
       [80.],
       [80.],
       [80.],
       [80.],
       [80.],
       [80.],
       [80.],
       [80.],
       [80.],
       [80.],
       [80.],
       [80.],
       [80.],
       [80.],
       [80.],
       [80.],
       [80.],
       [80.],
       [80.],
       [80.],
       [80.],
       [80.],
       [80.],
       [80.],
       [80.],
       [80.],
       [80.],
       [80.],
       [80.],
       [80.],
       [80.],
       [80.],
       [80.],
       [80.],
       [80.],
       [80.],
       [80.],
       [80.],
       [80.],
       [80.],
       [80.],
       [80.],
       [80.],
       [80.],
       [80.],
       [80.],
       [80.],
       [80.],
       [80.],
       [80.],
       [80.],
       [80.],
       [80.],
       [80.],
       [80.],
       [80.],
       [80.],
       [80.],
       [80.],
       [80.],
       [80.],
       [80.],
       [80.],
       [80.],
       [80.],
       [80.],
       [80.],
       [80.],
       [80.],
       [80.],
       [80.],
       [80.],
       [80.],
       [80.],
       [80.],
       [80.],
       [80.],
       [80.],
       [80.],
       [80.],
       [80.],
       [80.],
       [80.],
       [80.],
       [80.],
       [80.],
       [80.],
       [80.],
       [80.],
       [80.],
       [80.],
       [80.],
       [80.],
       [80.],
       [80.],
       [80.],
       [80.],
       [80.],
       [80.],
       [80.],
       [80.],
       [80.],
       [80.],
       [80.],
       [80.],
       [80.],
       [80.],
       [80.],
       [80.],
       [80.],
       [80.],
       [80.],
       [80.],
       [80.],
       [80.],
       [80.],
       [80.],
       [80.],
       [80.],
       [80.],
       [80.],
       [80.],
       [80.],
       [80.],
       [80.],
       [80.],
       [80.],
       [80.],
       [80.],
       [80.],
       [80.],
       [80.],
       [80.],
       [80.],
       [80.],
       [80.],
       [80.],
       [80.],
       [80.],
       [80.],
       [80.]]), 'dt': 0.01, 'N': 400, 'l': 1e-05}","{'Q': 315.7894736842105, 'gbar': 4.2105263157894735, 'T': 10000, 'supervisor': array([[-1.89214982e-17],
       [ 4.44288287e-04],
       [ 8.88576529e-04],
       ...,
       [-1.33286468e-03],
       [-8.88576529e-04],
       [-4.44288287e-04]]), 'BIAS': array([[80.],
       [80.],
       [80.],
       [80.],
       [80.],
       [80.],
       [80.],
       [80.],
       [80.],
       [80.],
       [80.],
       [80.],
       [80.],
       [80.],
       [80.],
       [80.],
       [80.],
       [80.],
       [80.],
       [80.],
       [80.],
       [80.],
       [80.],
       [80.],
       [80.],
       [80.],
       [80.],
       [80.],
       [80.],
       [80.],
       [80.],
       [80.],
       [80.],
       [80.],
       [80.],
       [80.],
       [80.],
       [80.],
       [80.],
       [80.],
       [80.],
       [80.],
       [80.],
       [80.],
       [80.],
       [80.],
       [80.],
       [80.],
       [80.],
       [80.],
       [80.],
       [80.],
       [80.],
       [80.],
       [80.],
       [80.],
       [80.],
       [80.],
       [80.],
       [80.],
       [80.],
       [80.],
       [80.],
       [80.],
       [80.],
       [80.],
       [80.],
       [80.],
       [80.],
       [80.],
       [80.],
       [80.],
       [80.],
       [80.],
       [80.],
       [80.],
       [80.],
       [80.],
       [80.],
       [80.],
       [80.],
       [80.],
       [80.],
       [80.],
       [80.],
       [80.],
       [80.],
       [80.],
       [80.],
       [80.],
       [80.],
       [80.],
       [80.],
       [80.],
       [80.],
       [80.],
       [80.],
       [80.],
       [80.],
       [80.],
       [80.],
       [80.],
       [80.],
       [80.],
       [80.],
       [80.],
       [80.],
       [80.],
       [80.],
       [80.],
       [80.],
       [80.],
       [80.],
       [80.],
       [80.],
       [80.],
       [80.],
       [80.],
       [80.],
       [80.],
       [80.],
       [80.],
       [80.],
       [80.],
       [80.],
       [80.],
       [80.],
       [80.],
       [80.],
       [80.],
       [80.],
       [80.],
       [80.],
       [80.],
       [80.],
       [80.],
       [80.],
       [80.],
       [80.],
       [80.],
       [80.],
       [80.],
       [80.],
       [80.],
       [80.],
       [80.],
       [80.],
       [80.],
       [80.],
       [80.],
       [80.],
       [80.],
       [80.],
       [80.],
       [80.],
       [80.],
       [80.],
       [80.],
       [80.],
       [80.],
       [80.],
       [80.],
       [80.],
       [80.],
       [80.],
       [80.],
       [80.],
       [80.],
       [80.],
       [80.],
       [80.],
       [80.],
       [80.],
       [80.],
       [80.],
       [80.],
       [80.],
       [80.],
       [80.],
       [80.],
       [80.],
       [80.],
       [80.],
       [80.],
       [80.],
       [80.],
       [80.],
       [80.],
       [80.],
       [80.],
       [80.],
       [80.],
       [80.],
       [80.],
       [80.],
       [80.],
       [80.],
       [80.],
       [80.],
       [80.],
       [80.],
       [80.],
       [80.],
       [80.],
       [80.],
       [80.],
       [80.],
       [80.],
       [80.],
       [80.],
       [80.],
       [80.],
       [80.],
       [80.],
       [80.],
       [80.],
       [80.],
       [80.],
       [80.],
       [80.],
       [80.],
       [80.],
       [80.],
       [80.],
       [80.],
       [80.],
       [80.],
       [80.],
       [80.],
       [80.],
       [80.],
       [80.],
       [80.],
       [80.],
       [80.],
       [80.],
       [80.],
       [80.],
       [80.],
       [80.],
       [80.],
       [80.],
       [80.],
       [80.],
       [80.],
       [80.],
       [80.],
       [80.],
       [80.],
       [80.],
       [80.],
       [80.],
       [80.],
       [80.],
       [80.],
       [80.],
       [80.],
       [80.],
       [80.],
       [80.],
       [80.],
       [80.],
       [80.],
       [80.],
       [80.],
       [80.],
       [80.],
       [80.],
       [80.],
       [80.],
       [80.],
       [80.],
       [80.],
       [80.],
       [80.],
       [80.],
       [80.],
       [80.],
       [80.],
       [80.],
       [80.],
       [80.],
       [80.],
       [80.],
       [80.],
       [80.],
       [80.],
       [80.],
       [80.],
       [80.],
       [80.],
       [80.],
       [80.],
       [80.],
       [80.],
       [80.],
       [80.],
       [80.],
       [80.],
       [80.],
       [80.],
       [80.],
       [80.],
       [80.],
       [80.],
       [80.],
       [80.],
       [80.],
       [80.],
       [80.],
       [80.],
       [80.],
       [80.],
       [80.],
       [80.],
       [80.],
       [80.],
       [80.],
       [80.],
       [80.],
       [80.],
       [80.],
       [80.],
       [80.],
       [80.],
       [80.],
       [80.],
       [80.],
       [80.],
       [80.],
       [80.],
       [80.],
       [80.],
       [80.],
       [80.],
       [80.],
       [80.],
       [80.],
       [80.],
       [80.],
       [80.],
       [80.],
       [80.],
       [80.],
       [80.],
       [80.],
       [80.],
       [80.],
       [80.],
       [80.],
       [80.],
       [80.],
       [80.],
       [80.],
       [80.],
       [80.],
       [80.],
       [80.],
       [80.],
       [80.],
       [80.],
       [80.],
       [80.],
       [80.],
       [80.],
       [80.],
       [80.],
       [80.],
       [80.],
       [80.],
       [80.],
       [80.],
       [80.],
       [80.],
       [80.],
       [80.],
       [80.],
       [80.],
       [80.],
       [80.],
       [80.],
       [80.],
       [80.],
       [80.],
       [80.],
       [80.],
       [80.],
       [80.],
       [80.],
       [80.],
       [80.],
       [80.],
       [80.],
       [80.],
       [80.],
       [80.],
       [80.],
       [80.],
       [80.],
       [80.]]), 'dt': 0.01, 'N': 400, 'l': 1e-05}","{'Q': 315.7894736842105, 'gbar': 5.263157894736842, 'T': 10000, 'supervisor': array([[-1.89214982e-17],
       [ 4.44288287e-04],
       [ 8.88576529e-04],
       ...,
       [-1.33286468e-03],
       [-8.88576529e-04],
       [-4.44288287e-04]]), 'BIAS': array([[80.],
       [80.],
       [80.],
       [80.],
       [80.],
       [80.],
       [80.],
       [80.],
       [80.],
       [80.],
       [80.],
       [80.],
       [80.],
       [80.],
       [80.],
       [80.],
       [80.],
       [80.],
       [80.],
       [80.],
       [80.],
       [80.],
       [80.],
       [80.],
       [80.],
       [80.],
       [80.],
       [80.],
       [80.],
       [80.],
       [80.],
       [80.],
       [80.],
       [80.],
       [80.],
       [80.],
       [80.],
       [80.],
       [80.],
       [80.],
       [80.],
       [80.],
       [80.],
       [80.],
       [80.],
       [80.],
       [80.],
       [80.],
       [80.],
       [80.],
       [80.],
       [80.],
       [80.],
       [80.],
       [80.],
       [80.],
       [80.],
       [80.],
       [80.],
       [80.],
       [80.],
       [80.],
       [80.],
       [80.],
       [80.],
       [80.],
       [80.],
       [80.],
       [80.],
       [80.],
       [80.],
       [80.],
       [80.],
       [80.],
       [80.],
       [80.],
       [80.],
       [80.],
       [80.],
       [80.],
       [80.],
       [80.],
       [80.],
       [80.],
       [80.],
       [80.],
       [80.],
       [80.],
       [80.],
       [80.],
       [80.],
       [80.],
       [80.],
       [80.],
       [80.],
       [80.],
       [80.],
       [80.],
       [80.],
       [80.],
       [80.],
       [80.],
       [80.],
       [80.],
       [80.],
       [80.],
       [80.],
       [80.],
       [80.],
       [80.],
       [80.],
       [80.],
       [80.],
       [80.],
       [80.],
       [80.],
       [80.],
       [80.],
       [80.],
       [80.],
       [80.],
       [80.],
       [80.],
       [80.],
       [80.],
       [80.],
       [80.],
       [80.],
       [80.],
       [80.],
       [80.],
       [80.],
       [80.],
       [80.],
       [80.],
       [80.],
       [80.],
       [80.],
       [80.],
       [80.],
       [80.],
       [80.],
       [80.],
       [80.],
       [80.],
       [80.],
       [80.],
       [80.],
       [80.],
       [80.],
       [80.],
       [80.],
       [80.],
       [80.],
       [80.],
       [80.],
       [80.],
       [80.],
       [80.],
       [80.],
       [80.],
       [80.],
       [80.],
       [80.],
       [80.],
       [80.],
       [80.],
       [80.],
       [80.],
       [80.],
       [80.],
       [80.],
       [80.],
       [80.],
       [80.],
       [80.],
       [80.],
       [80.],
       [80.],
       [80.],
       [80.],
       [80.],
       [80.],
       [80.],
       [80.],
       [80.],
       [80.],
       [80.],
       [80.],
       [80.],
       [80.],
       [80.],
       [80.],
       [80.],
       [80.],
       [80.],
       [80.],
       [80.],
       [80.],
       [80.],
       [80.],
       [80.],
       [80.],
       [80.],
       [80.],
       [80.],
       [80.],
       [80.],
       [80.],
       [80.],
       [80.],
       [80.],
       [80.],
       [80.],
       [80.],
       [80.],
       [80.],
       [80.],
       [80.],
       [80.],
       [80.],
       [80.],
       [80.],
       [80.],
       [80.],
       [80.],
       [80.],
       [80.],
       [80.],
       [80.],
       [80.],
       [80.],
       [80.],
       [80.],
       [80.],
       [80.],
       [80.],
       [80.],
       [80.],
       [80.],
       [80.],
       [80.],
       [80.],
       [80.],
       [80.],
       [80.],
       [80.],
       [80.],
       [80.],
       [80.],
       [80.],
       [80.],
       [80.],
       [80.],
       [80.],
       [80.],
       [80.],
       [80.],
       [80.],
       [80.],
       [80.],
       [80.],
       [80.],
       [80.],
       [80.],
       [80.],
       [80.],
       [80.],
       [80.],
       [80.],
       [80.],
       [80.],
       [80.],
       [80.],
       [80.],
       [80.],
       [80.],
       [80.],
       [80.],
       [80.],
       [80.],
       [80.],
       [80.],
       [80.],
       [80.],
       [80.],
       [80.],
       [80.],
       [80.],
       [80.],
       [80.],
       [80.],
       [80.],
       [80.],
       [80.],
       [80.],
       [80.],
       [80.],
       [80.],
       [80.],
       [80.],
       [80.],
       [80.],
       [80.],
       [80.],
       [80.],
       [80.],
       [80.],
       [80.],
       [80.],
       [80.],
       [80.],
       [80.],
       [80.],
       [80.],
       [80.],
       [80.],
       [80.],
       [80.],
       [80.],
       [80.],
       [80.],
       [80.],
       [80.],
       [80.],
       [80.],
       [80.],
       [80.],
       [80.],
       [80.],
       [80.],
       [80.],
       [80.],
       [80.],
       [80.],
       [80.],
       [80.],
       [80.],
       [80.],
       [80.],
       [80.],
       [80.],
       [80.],
       [80.],
       [80.],
       [80.],
       [80.],
       [80.],
       [80.],
       [80.],
       [80.],
       [80.],
       [80.],
       [80.],
       [80.],
       [80.],
       [80.],
       [80.],
       [80.],
       [80.],
       [80.],
       [80.],
       [80.],
       [80.],
       [80.],
       [80.],
       [80.],
       [80.],
       [80.],
       [80.],
       [80.],
       [80.],
       [80.],
       [80.],
       [80.],
       [80.],
       [80.],
       [80.],
       [80.],
       [80.],
       [80.],
       [80.],
       [80.],
       [80.],
       [80.],
       [80.],
       [80.],
       [80.],
       [80.],
       [80.],
       [80.],
       [80.],
       [80.],
       [80.],
       [80.],
       [80.],
       [80.],
       [80.],
       [80.],
       [80.]]), 'dt': 0.01, 'N': 400, 'l': 1e-05}","{'Q': 315.7894736842105, 'gbar': 6.315789473684211, 'T': 10000, 'supervisor': array([[-1.89214982e-17],
       [ 4.44288287e-04],
       [ 8.88576529e-04],
       ...,
       [-1.33286468e-03],
       [-8.88576529e-04],
       [-4.44288287e-04]]), 'BIAS': array([[80.],
       [80.],
       [80.],
       [80.],
       [80.],
       [80.],
       [80.],
       [80.],
       [80.],
       [80.],
       [80.],
       [80.],
       [80.],
       [80.],
       [80.],
       [80.],
       [80.],
       [80.],
       [80.],
       [80.],
       [80.],
       [80.],
       [80.],
       [80.],
       [80.],
       [80.],
       [80.],
       [80.],
       [80.],
       [80.],
       [80.],
       [80.],
       [80.],
       [80.],
       [80.],
       [80.],
       [80.],
       [80.],
       [80.],
       [80.],
       [80.],
       [80.],
       [80.],
       [80.],
       [80.],
       [80.],
       [80.],
       [80.],
       [80.],
       [80.],
       [80.],
       [80.],
       [80.],
       [80.],
       [80.],
       [80.],
       [80.],
       [80.],
       [80.],
       [80.],
       [80.],
       [80.],
       [80.],
       [80.],
       [80.],
       [80.],
       [80.],
       [80.],
       [80.],
       [80.],
       [80.],
       [80.],
       [80.],
       [80.],
       [80.],
       [80.],
       [80.],
       [80.],
       [80.],
       [80.],
       [80.],
       [80.],
       [80.],
       [80.],
       [80.],
       [80.],
       [80.],
       [80.],
       [80.],
       [80.],
       [80.],
       [80.],
       [80.],
       [80.],
       [80.],
       [80.],
       [80.],
       [80.],
       [80.],
       [80.],
       [80.],
       [80.],
       [80.],
       [80.],
       [80.],
       [80.],
       [80.],
       [80.],
       [80.],
       [80.],
       [80.],
       [80.],
       [80.],
       [80.],
       [80.],
       [80.],
       [80.],
       [80.],
       [80.],
       [80.],
       [80.],
       [80.],
       [80.],
       [80.],
       [80.],
       [80.],
       [80.],
       [80.],
       [80.],
       [80.],
       [80.],
       [80.],
       [80.],
       [80.],
       [80.],
       [80.],
       [80.],
       [80.],
       [80.],
       [80.],
       [80.],
       [80.],
       [80.],
       [80.],
       [80.],
       [80.],
       [80.],
       [80.],
       [80.],
       [80.],
       [80.],
       [80.],
       [80.],
       [80.],
       [80.],
       [80.],
       [80.],
       [80.],
       [80.],
       [80.],
       [80.],
       [80.],
       [80.],
       [80.],
       [80.],
       [80.],
       [80.],
       [80.],
       [80.],
       [80.],
       [80.],
       [80.],
       [80.],
       [80.],
       [80.],
       [80.],
       [80.],
       [80.],
       [80.],
       [80.],
       [80.],
       [80.],
       [80.],
       [80.],
       [80.],
       [80.],
       [80.],
       [80.],
       [80.],
       [80.],
       [80.],
       [80.],
       [80.],
       [80.],
       [80.],
       [80.],
       [80.],
       [80.],
       [80.],
       [80.],
       [80.],
       [80.],
       [80.],
       [80.],
       [80.],
       [80.],
       [80.],
       [80.],
       [80.],
       [80.],
       [80.],
       [80.],
       [80.],
       [80.],
       [80.],
       [80.],
       [80.],
       [80.],
       [80.],
       [80.],
       [80.],
       [80.],
       [80.],
       [80.],
       [80.],
       [80.],
       [80.],
       [80.],
       [80.],
       [80.],
       [80.],
       [80.],
       [80.],
       [80.],
       [80.],
       [80.],
       [80.],
       [80.],
       [80.],
       [80.],
       [80.],
       [80.],
       [80.],
       [80.],
       [80.],
       [80.],
       [80.],
       [80.],
       [80.],
       [80.],
       [80.],
       [80.],
       [80.],
       [80.],
       [80.],
       [80.],
       [80.],
       [80.],
       [80.],
       [80.],
       [80.],
       [80.],
       [80.],
       [80.],
       [80.],
       [80.],
       [80.],
       [80.],
       [80.],
       [80.],
       [80.],
       [80.],
       [80.],
       [80.],
       [80.],
       [80.],
       [80.],
       [80.],
       [80.],
       [80.],
       [80.],
       [80.],
       [80.],
       [80.],
       [80.],
       [80.],
       [80.],
       [80.],
       [80.],
       [80.],
       [80.],
       [80.],
       [80.],
       [80.],
       [80.],
       [80.],
       [80.],
       [80.],
       [80.],
       [80.],
       [80.],
       [80.],
       [80.],
       [80.],
       [80.],
       [80.],
       [80.],
       [80.],
       [80.],
       [80.],
       [80.],
       [80.],
       [80.],
       [80.],
       [80.],
       [80.],
       [80.],
       [80.],
       [80.],
       [80.],
       [80.],
       [80.],
       [80.],
       [80.],
       [80.],
       [80.],
       [80.],
       [80.],
       [80.],
       [80.],
       [80.],
       [80.],
       [80.],
       [80.],
       [80.],
       [80.],
       [80.],
       [80.],
       [80.],
       [80.],
       [80.],
       [80.],
       [80.],
       [80.],
       [80.],
       [80.],
       [80.],
       [80.],
       [80.],
       [80.],
       [80.],
       [80.],
       [80.],
       [80.],
       [80.],
       [80.],
       [80.],
       [80.],
       [80.],
       [80.],
       [80.],
       [80.],
       [80.],
       [80.],
       [80.],
       [80.],
       [80.],
       [80.],
       [80.],
       [80.],
       [80.],
       [80.],
       [80.],
       [80.],
       [80.],
       [80.],
       [80.],
       [80.],
       [80.],
       [80.],
       [80.],
       [80.],
       [80.],
       [80.],
       [80.],
       [80.],
       [80.],
       [80.],
       [80.],
       [80.],
       [80.],
       [80.],
       [80.],
       [80.],
       [80.],
       [80.],
       [80.],
       [80.],
       [80.],
       [80.]]), 'dt': 0.01, 'N': 400, 'l': 1e-05}","{'Q': 315.7894736842105, 'gbar': 7.368421052631579, 'T': 10000, 'supervisor': array([[-1.89214982e-17],
       [ 4.44288287e-04],
       [ 8.88576529e-04],
       ...,
       [-1.33286468e-03],
       [-8.88576529e-04],
       [-4.44288287e-04]]), 'BIAS': array([[80.],
       [80.],
       [80.],
       [80.],
       [80.],
       [80.],
       [80.],
       [80.],
       [80.],
       [80.],
       [80.],
       [80.],
       [80.],
       [80.],
       [80.],
       [80.],
       [80.],
       [80.],
       [80.],
       [80.],
       [80.],
       [80.],
       [80.],
       [80.],
       [80.],
       [80.],
       [80.],
       [80.],
       [80.],
       [80.],
       [80.],
       [80.],
       [80.],
       [80.],
       [80.],
       [80.],
       [80.],
       [80.],
       [80.],
       [80.],
       [80.],
       [80.],
       [80.],
       [80.],
       [80.],
       [80.],
       [80.],
       [80.],
       [80.],
       [80.],
       [80.],
       [80.],
       [80.],
       [80.],
       [80.],
       [80.],
       [80.],
       [80.],
       [80.],
       [80.],
       [80.],
       [80.],
       [80.],
       [80.],
       [80.],
       [80.],
       [80.],
       [80.],
       [80.],
       [80.],
       [80.],
       [80.],
       [80.],
       [80.],
       [80.],
       [80.],
       [80.],
       [80.],
       [80.],
       [80.],
       [80.],
       [80.],
       [80.],
       [80.],
       [80.],
       [80.],
       [80.],
       [80.],
       [80.],
       [80.],
       [80.],
       [80.],
       [80.],
       [80.],
       [80.],
       [80.],
       [80.],
       [80.],
       [80.],
       [80.],
       [80.],
       [80.],
       [80.],
       [80.],
       [80.],
       [80.],
       [80.],
       [80.],
       [80.],
       [80.],
       [80.],
       [80.],
       [80.],
       [80.],
       [80.],
       [80.],
       [80.],
       [80.],
       [80.],
       [80.],
       [80.],
       [80.],
       [80.],
       [80.],
       [80.],
       [80.],
       [80.],
       [80.],
       [80.],
       [80.],
       [80.],
       [80.],
       [80.],
       [80.],
       [80.],
       [80.],
       [80.],
       [80.],
       [80.],
       [80.],
       [80.],
       [80.],
       [80.],
       [80.],
       [80.],
       [80.],
       [80.],
       [80.],
       [80.],
       [80.],
       [80.],
       [80.],
       [80.],
       [80.],
       [80.],
       [80.],
       [80.],
       [80.],
       [80.],
       [80.],
       [80.],
       [80.],
       [80.],
       [80.],
       [80.],
       [80.],
       [80.],
       [80.],
       [80.],
       [80.],
       [80.],
       [80.],
       [80.],
       [80.],
       [80.],
       [80.],
       [80.],
       [80.],
       [80.],
       [80.],
       [80.],
       [80.],
       [80.],
       [80.],
       [80.],
       [80.],
       [80.],
       [80.],
       [80.],
       [80.],
       [80.],
       [80.],
       [80.],
       [80.],
       [80.],
       [80.],
       [80.],
       [80.],
       [80.],
       [80.],
       [80.],
       [80.],
       [80.],
       [80.],
       [80.],
       [80.],
       [80.],
       [80.],
       [80.],
       [80.],
       [80.],
       [80.],
       [80.],
       [80.],
       [80.],
       [80.],
       [80.],
       [80.],
       [80.],
       [80.],
       [80.],
       [80.],
       [80.],
       [80.],
       [80.],
       [80.],
       [80.],
       [80.],
       [80.],
       [80.],
       [80.],
       [80.],
       [80.],
       [80.],
       [80.],
       [80.],
       [80.],
       [80.],
       [80.],
       [80.],
       [80.],
       [80.],
       [80.],
       [80.],
       [80.],
       [80.],
       [80.],
       [80.],
       [80.],
       [80.],
       [80.],
       [80.],
       [80.],
       [80.],
       [80.],
       [80.],
       [80.],
       [80.],
       [80.],
       [80.],
       [80.],
       [80.],
       [80.],
       [80.],
       [80.],
       [80.],
       [80.],
       [80.],
       [80.],
       [80.],
       [80.],
       [80.],
       [80.],
       [80.],
       [80.],
       [80.],
       [80.],
       [80.],
       [80.],
       [80.],
       [80.],
       [80.],
       [80.],
       [80.],
       [80.],
       [80.],
       [80.],
       [80.],
       [80.],
       [80.],
       [80.],
       [80.],
       [80.],
       [80.],
       [80.],
       [80.],
       [80.],
       [80.],
       [80.],
       [80.],
       [80.],
       [80.],
       [80.],
       [80.],
       [80.],
       [80.],
       [80.],
       [80.],
       [80.],
       [80.],
       [80.],
       [80.],
       [80.],
       [80.],
       [80.],
       [80.],
       [80.],
       [80.],
       [80.],
       [80.],
       [80.],
       [80.],
       [80.],
       [80.],
       [80.],
       [80.],
       [80.],
       [80.],
       [80.],
       [80.],
       [80.],
       [80.],
       [80.],
       [80.],
       [80.],
       [80.],
       [80.],
       [80.],
       [80.],
       [80.],
       [80.],
       [80.],
       [80.],
       [80.],
       [80.],
       [80.],
       [80.],
       [80.],
       [80.],
       [80.],
       [80.],
       [80.],
       [80.],
       [80.],
       [80.],
       [80.],
       [80.],
       [80.],
       [80.],
       [80.],
       [80.],
       [80.],
       [80.],
       [80.],
       [80.],
       [80.],
       [80.],
       [80.],
       [80.],
       [80.],
       [80.],
       [80.],
       [80.],
       [80.],
       [80.],
       [80.],
       [80.],
       [80.],
       [80.],
       [80.],
       [80.],
       [80.],
       [80.],
       [80.],
       [80.],
       [80.],
       [80.],
       [80.],
       [80.],
       [80.],
       [80.],
       [80.],
       [80.],
       [80.],
       [80.],
       [80.],
       [80.],
       [80.],
       [80.],
       [80.]]), 'dt': 0.01, 'N': 400, 'l': 1e-05}","{'Q': 315.7894736842105, 'gbar': 8.421052631578947, 'T': 10000, 'supervisor': array([[-1.89214982e-17],
       [ 4.44288287e-04],
       [ 8.88576529e-04],
       ...,
       [-1.33286468e-03],
       [-8.88576529e-04],
       [-4.44288287e-04]]), 'BIAS': array([[80.],
       [80.],
       [80.],
       [80.],
       [80.],
       [80.],
       [80.],
       [80.],
       [80.],
       [80.],
       [80.],
       [80.],
       [80.],
       [80.],
       [80.],
       [80.],
       [80.],
       [80.],
       [80.],
       [80.],
       [80.],
       [80.],
       [80.],
       [80.],
       [80.],
       [80.],
       [80.],
       [80.],
       [80.],
       [80.],
       [80.],
       [80.],
       [80.],
       [80.],
       [80.],
       [80.],
       [80.],
       [80.],
       [80.],
       [80.],
       [80.],
       [80.],
       [80.],
       [80.],
       [80.],
       [80.],
       [80.],
       [80.],
       [80.],
       [80.],
       [80.],
       [80.],
       [80.],
       [80.],
       [80.],
       [80.],
       [80.],
       [80.],
       [80.],
       [80.],
       [80.],
       [80.],
       [80.],
       [80.],
       [80.],
       [80.],
       [80.],
       [80.],
       [80.],
       [80.],
       [80.],
       [80.],
       [80.],
       [80.],
       [80.],
       [80.],
       [80.],
       [80.],
       [80.],
       [80.],
       [80.],
       [80.],
       [80.],
       [80.],
       [80.],
       [80.],
       [80.],
       [80.],
       [80.],
       [80.],
       [80.],
       [80.],
       [80.],
       [80.],
       [80.],
       [80.],
       [80.],
       [80.],
       [80.],
       [80.],
       [80.],
       [80.],
       [80.],
       [80.],
       [80.],
       [80.],
       [80.],
       [80.],
       [80.],
       [80.],
       [80.],
       [80.],
       [80.],
       [80.],
       [80.],
       [80.],
       [80.],
       [80.],
       [80.],
       [80.],
       [80.],
       [80.],
       [80.],
       [80.],
       [80.],
       [80.],
       [80.],
       [80.],
       [80.],
       [80.],
       [80.],
       [80.],
       [80.],
       [80.],
       [80.],
       [80.],
       [80.],
       [80.],
       [80.],
       [80.],
       [80.],
       [80.],
       [80.],
       [80.],
       [80.],
       [80.],
       [80.],
       [80.],
       [80.],
       [80.],
       [80.],
       [80.],
       [80.],
       [80.],
       [80.],
       [80.],
       [80.],
       [80.],
       [80.],
       [80.],
       [80.],
       [80.],
       [80.],
       [80.],
       [80.],
       [80.],
       [80.],
       [80.],
       [80.],
       [80.],
       [80.],
       [80.],
       [80.],
       [80.],
       [80.],
       [80.],
       [80.],
       [80.],
       [80.],
       [80.],
       [80.],
       [80.],
       [80.],
       [80.],
       [80.],
       [80.],
       [80.],
       [80.],
       [80.],
       [80.],
       [80.],
       [80.],
       [80.],
       [80.],
       [80.],
       [80.],
       [80.],
       [80.],
       [80.],
       [80.],
       [80.],
       [80.],
       [80.],
       [80.],
       [80.],
       [80.],
       [80.],
       [80.],
       [80.],
       [80.],
       [80.],
       [80.],
       [80.],
       [80.],
       [80.],
       [80.],
       [80.],
       [80.],
       [80.],
       [80.],
       [80.],
       [80.],
       [80.],
       [80.],
       [80.],
       [80.],
       [80.],
       [80.],
       [80.],
       [80.],
       [80.],
       [80.],
       [80.],
       [80.],
       [80.],
       [80.],
       [80.],
       [80.],
       [80.],
       [80.],
       [80.],
       [80.],
       [80.],
       [80.],
       [80.],
       [80.],
       [80.],
       [80.],
       [80.],
       [80.],
       [80.],
       [80.],
       [80.],
       [80.],
       [80.],
       [80.],
       [80.],
       [80.],
       [80.],
       [80.],
       [80.],
       [80.],
       [80.],
       [80.],
       [80.],
       [80.],
       [80.],
       [80.],
       [80.],
       [80.],
       [80.],
       [80.],
       [80.],
       [80.],
       [80.],
       [80.],
       [80.],
       [80.],
       [80.],
       [80.],
       [80.],
       [80.],
       [80.],
       [80.],
       [80.],
       [80.],
       [80.],
       [80.],
       [80.],
       [80.],
       [80.],
       [80.],
       [80.],
       [80.],
       [80.],
       [80.],
       [80.],
       [80.],
       [80.],
       [80.],
       [80.],
       [80.],
       [80.],
       [80.],
       [80.],
       [80.],
       [80.],
       [80.],
       [80.],
       [80.],
       [80.],
       [80.],
       [80.],
       [80.],
       [80.],
       [80.],
       [80.],
       [80.],
       [80.],
       [80.],
       [80.],
       [80.],
       [80.],
       [80.],
       [80.],
       [80.],
       [80.],
       [80.],
       [80.],
       [80.],
       [80.],
       [80.],
       [80.],
       [80.],
       [80.],
       [80.],
       [80.],
       [80.],
       [80.],
       [80.],
       [80.],
       [80.],
       [80.],
       [80.],
       [80.],
       [80.],
       [80.],
       [80.],
       [80.],
       [80.],
       [80.],
       [80.],
       [80.],
       [80.],
       [80.],
       [80.],
       [80.],
       [80.],
       [80.],
       [80.],
       [80.],
       [80.],
       [80.],
       [80.],
       [80.],
       [80.],
       [80.],
       [80.],
       [80.],
       [80.],
       [80.],
       [80.],
       [80.],
       [80.],
       [80.],
       [80.],
       [80.],
       [80.],
       [80.],
       [80.],
       [80.],
       [80.],
       [80.],
       [80.],
       [80.],
       [80.],
       [80.],
       [80.],
       [80.],
       [80.],
       [80.],
       [80.],
       [80.],
       [80.],
       [80.],
       [80.],
       [80.],
       [80.],
       [80.],
       [80.]]), 'dt': 0.01, 'N': 400, 'l': 1e-05}","{'Q': 315.7894736842105, 'gbar': 9.473684210526315, 'T': 10000, 'supervisor': array([[-1.89214982e-17],
       [ 4.44288287e-04],
       [ 8.88576529e-04],
       ...,
       [-1.33286468e-03],
       [-8.88576529e-04],
       [-4.44288287e-04]]), 'BIAS': array([[80.],
       [80.],
       [80.],
       [80.],
       [80.],
       [80.],
       [80.],
       [80.],
       [80.],
       [80.],
       [80.],
       [80.],
       [80.],
       [80.],
       [80.],
       [80.],
       [80.],
       [80.],
       [80.],
       [80.],
       [80.],
       [80.],
       [80.],
       [80.],
       [80.],
       [80.],
       [80.],
       [80.],
       [80.],
       [80.],
       [80.],
       [80.],
       [80.],
       [80.],
       [80.],
       [80.],
       [80.],
       [80.],
       [80.],
       [80.],
       [80.],
       [80.],
       [80.],
       [80.],
       [80.],
       [80.],
       [80.],
       [80.],
       [80.],
       [80.],
       [80.],
       [80.],
       [80.],
       [80.],
       [80.],
       [80.],
       [80.],
       [80.],
       [80.],
       [80.],
       [80.],
       [80.],
       [80.],
       [80.],
       [80.],
       [80.],
       [80.],
       [80.],
       [80.],
       [80.],
       [80.],
       [80.],
       [80.],
       [80.],
       [80.],
       [80.],
       [80.],
       [80.],
       [80.],
       [80.],
       [80.],
       [80.],
       [80.],
       [80.],
       [80.],
       [80.],
       [80.],
       [80.],
       [80.],
       [80.],
       [80.],
       [80.],
       [80.],
       [80.],
       [80.],
       [80.],
       [80.],
       [80.],
       [80.],
       [80.],
       [80.],
       [80.],
       [80.],
       [80.],
       [80.],
       [80.],
       [80.],
       [80.],
       [80.],
       [80.],
       [80.],
       [80.],
       [80.],
       [80.],
       [80.],
       [80.],
       [80.],
       [80.],
       [80.],
       [80.],
       [80.],
       [80.],
       [80.],
       [80.],
       [80.],
       [80.],
       [80.],
       [80.],
       [80.],
       [80.],
       [80.],
       [80.],
       [80.],
       [80.],
       [80.],
       [80.],
       [80.],
       [80.],
       [80.],
       [80.],
       [80.],
       [80.],
       [80.],
       [80.],
       [80.],
       [80.],
       [80.],
       [80.],
       [80.],
       [80.],
       [80.],
       [80.],
       [80.],
       [80.],
       [80.],
       [80.],
       [80.],
       [80.],
       [80.],
       [80.],
       [80.],
       [80.],
       [80.],
       [80.],
       [80.],
       [80.],
       [80.],
       [80.],
       [80.],
       [80.],
       [80.],
       [80.],
       [80.],
       [80.],
       [80.],
       [80.],
       [80.],
       [80.],
       [80.],
       [80.],
       [80.],
       [80.],
       [80.],
       [80.],
       [80.],
       [80.],
       [80.],
       [80.],
       [80.],
       [80.],
       [80.],
       [80.],
       [80.],
       [80.],
       [80.],
       [80.],
       [80.],
       [80.],
       [80.],
       [80.],
       [80.],
       [80.],
       [80.],
       [80.],
       [80.],
       [80.],
       [80.],
       [80.],
       [80.],
       [80.],
       [80.],
       [80.],
       [80.],
       [80.],
       [80.],
       [80.],
       [80.],
       [80.],
       [80.],
       [80.],
       [80.],
       [80.],
       [80.],
       [80.],
       [80.],
       [80.],
       [80.],
       [80.],
       [80.],
       [80.],
       [80.],
       [80.],
       [80.],
       [80.],
       [80.],
       [80.],
       [80.],
       [80.],
       [80.],
       [80.],
       [80.],
       [80.],
       [80.],
       [80.],
       [80.],
       [80.],
       [80.],
       [80.],
       [80.],
       [80.],
       [80.],
       [80.],
       [80.],
       [80.],
       [80.],
       [80.],
       [80.],
       [80.],
       [80.],
       [80.],
       [80.],
       [80.],
       [80.],
       [80.],
       [80.],
       [80.],
       [80.],
       [80.],
       [80.],
       [80.],
       [80.],
       [80.],
       [80.],
       [80.],
       [80.],
       [80.],
       [80.],
       [80.],
       [80.],
       [80.],
       [80.],
       [80.],
       [80.],
       [80.],
       [80.],
       [80.],
       [80.],
       [80.],
       [80.],
       [80.],
       [80.],
       [80.],
       [80.],
       [80.],
       [80.],
       [80.],
       [80.],
       [80.],
       [80.],
       [80.],
       [80.],
       [80.],
       [80.],
       [80.],
       [80.],
       [80.],
       [80.],
       [80.],
       [80.],
       [80.],
       [80.],
       [80.],
       [80.],
       [80.],
       [80.],
       [80.],
       [80.],
       [80.],
       [80.],
       [80.],
       [80.],
       [80.],
       [80.],
       [80.],
       [80.],
       [80.],
       [80.],
       [80.],
       [80.],
       [80.],
       [80.],
       [80.],
       [80.],
       [80.],
       [80.],
       [80.],
       [80.],
       [80.],
       [80.],
       [80.],
       [80.],
       [80.],
       [80.],
       [80.],
       [80.],
       [80.],
       [80.],
       [80.],
       [80.],
       [80.],
       [80.],
       [80.],
       [80.],
       [80.],
       [80.],
       [80.],
       [80.],
       [80.],
       [80.],
       [80.],
       [80.],
       [80.],
       [80.],
       [80.],
       [80.],
       [80.],
       [80.],
       [80.],
       [80.],
       [80.],
       [80.],
       [80.],
       [80.],
       [80.],
       [80.],
       [80.],
       [80.],
       [80.],
       [80.],
       [80.],
       [80.],
       [80.],
       [80.],
       [80.],
       [80.],
       [80.],
       [80.],
       [80.],
       [80.],
       [80.],
       [80.],
       [80.],
       [80.],
       [80.],
       [80.],
       [80.],
       [80.],
       [80.],
       [80.],
       [80.]]), 'dt': 0.01, 'N': 400, 'l': 1e-05}","{'Q': 315.7894736842105, 'gbar': 10.526315789473683, 'T': 10000, 'supervisor': array([[-1.89214982e-17],
       [ 4.44288287e-04],
       [ 8.88576529e-04],
       ...,
       [-1.33286468e-03],
       [-8.88576529e-04],
       [-4.44288287e-04]]), 'BIAS': array([[80.],
       [80.],
       [80.],
       [80.],
       [80.],
       [80.],
       [80.],
       [80.],
       [80.],
       [80.],
       [80.],
       [80.],
       [80.],
       [80.],
       [80.],
       [80.],
       [80.],
       [80.],
       [80.],
       [80.],
       [80.],
       [80.],
       [80.],
       [80.],
       [80.],
       [80.],
       [80.],
       [80.],
       [80.],
       [80.],
       [80.],
       [80.],
       [80.],
       [80.],
       [80.],
       [80.],
       [80.],
       [80.],
       [80.],
       [80.],
       [80.],
       [80.],
       [80.],
       [80.],
       [80.],
       [80.],
       [80.],
       [80.],
       [80.],
       [80.],
       [80.],
       [80.],
       [80.],
       [80.],
       [80.],
       [80.],
       [80.],
       [80.],
       [80.],
       [80.],
       [80.],
       [80.],
       [80.],
       [80.],
       [80.],
       [80.],
       [80.],
       [80.],
       [80.],
       [80.],
       [80.],
       [80.],
       [80.],
       [80.],
       [80.],
       [80.],
       [80.],
       [80.],
       [80.],
       [80.],
       [80.],
       [80.],
       [80.],
       [80.],
       [80.],
       [80.],
       [80.],
       [80.],
       [80.],
       [80.],
       [80.],
       [80.],
       [80.],
       [80.],
       [80.],
       [80.],
       [80.],
       [80.],
       [80.],
       [80.],
       [80.],
       [80.],
       [80.],
       [80.],
       [80.],
       [80.],
       [80.],
       [80.],
       [80.],
       [80.],
       [80.],
       [80.],
       [80.],
       [80.],
       [80.],
       [80.],
       [80.],
       [80.],
       [80.],
       [80.],
       [80.],
       [80.],
       [80.],
       [80.],
       [80.],
       [80.],
       [80.],
       [80.],
       [80.],
       [80.],
       [80.],
       [80.],
       [80.],
       [80.],
       [80.],
       [80.],
       [80.],
       [80.],
       [80.],
       [80.],
       [80.],
       [80.],
       [80.],
       [80.],
       [80.],
       [80.],
       [80.],
       [80.],
       [80.],
       [80.],
       [80.],
       [80.],
       [80.],
       [80.],
       [80.],
       [80.],
       [80.],
       [80.],
       [80.],
       [80.],
       [80.],
       [80.],
       [80.],
       [80.],
       [80.],
       [80.],
       [80.],
       [80.],
       [80.],
       [80.],
       [80.],
       [80.],
       [80.],
       [80.],
       [80.],
       [80.],
       [80.],
       [80.],
       [80.],
       [80.],
       [80.],
       [80.],
       [80.],
       [80.],
       [80.],
       [80.],
       [80.],
       [80.],
       [80.],
       [80.],
       [80.],
       [80.],
       [80.],
       [80.],
       [80.],
       [80.],
       [80.],
       [80.],
       [80.],
       [80.],
       [80.],
       [80.],
       [80.],
       [80.],
       [80.],
       [80.],
       [80.],
       [80.],
       [80.],
       [80.],
       [80.],
       [80.],
       [80.],
       [80.],
       [80.],
       [80.],
       [80.],
       [80.],
       [80.],
       [80.],
       [80.],
       [80.],
       [80.],
       [80.],
       [80.],
       [80.],
       [80.],
       [80.],
       [80.],
       [80.],
       [80.],
       [80.],
       [80.],
       [80.],
       [80.],
       [80.],
       [80.],
       [80.],
       [80.],
       [80.],
       [80.],
       [80.],
       [80.],
       [80.],
       [80.],
       [80.],
       [80.],
       [80.],
       [80.],
       [80.],
       [80.],
       [80.],
       [80.],
       [80.],
       [80.],
       [80.],
       [80.],
       [80.],
       [80.],
       [80.],
       [80.],
       [80.],
       [80.],
       [80.],
       [80.],
       [80.],
       [80.],
       [80.],
       [80.],
       [80.],
       [80.],
       [80.],
       [80.],
       [80.],
       [80.],
       [80.],
       [80.],
       [80.],
       [80.],
       [80.],
       [80.],
       [80.],
       [80.],
       [80.],
       [80.],
       [80.],
       [80.],
       [80.],
       [80.],
       [80.],
       [80.],
       [80.],
       [80.],
       [80.],
       [80.],
       [80.],
       [80.],
       [80.],
       [80.],
       [80.],
       [80.],
       [80.],
       [80.],
       [80.],
       [80.],
       [80.],
       [80.],
       [80.],
       [80.],
       [80.],
       [80.],
       [80.],
       [80.],
       [80.],
       [80.],
       [80.],
       [80.],
       [80.],
       [80.],
       [80.],
       [80.],
       [80.],
       [80.],
       [80.],
       [80.],
       [80.],
       [80.],
       [80.],
       [80.],
       [80.],
       [80.],
       [80.],
       [80.],
       [80.],
       [80.],
       [80.],
       [80.],
       [80.],
       [80.],
       [80.],
       [80.],
       [80.],
       [80.],
       [80.],
       [80.],
       [80.],
       [80.],
       [80.],
       [80.],
       [80.],
       [80.],
       [80.],
       [80.],
       [80.],
       [80.],
       [80.],
       [80.],
       [80.],
       [80.],
       [80.],
       [80.],
       [80.],
       [80.],
       [80.],
       [80.],
       [80.],
       [80.],
       [80.],
       [80.],
       [80.],
       [80.],
       [80.],
       [80.],
       [80.],
       [80.],
       [80.],
       [80.],
       [80.],
       [80.],
       [80.],
       [80.],
       [80.],
       [80.],
       [80.],
       [80.],
       [80.],
       [80.],
       [80.],
       [80.],
       [80.],
       [80.],
       [80.],
       [80.],
       [80.],
       [80.],
       [80.],
       [80.],
       [80.],
       [80.],
       [80.]]), 'dt': 0.01, 'N': 400, 'l': 1e-05}","{'Q': 315.7894736842105, 'gbar': 11.578947368421051, 'T': 10000, 'supervisor': array([[-1.89214982e-17],
       [ 4.44288287e-04],
       [ 8.88576529e-04],
       ...,
       [-1.33286468e-03],
       [-8.88576529e-04],
       [-4.44288287e-04]]), 'BIAS': array([[80.],
       [80.],
       [80.],
       [80.],
       [80.],
       [80.],
       [80.],
       [80.],
       [80.],
       [80.],
       [80.],
       [80.],
       [80.],
       [80.],
       [80.],
       [80.],
       [80.],
       [80.],
       [80.],
       [80.],
       [80.],
       [80.],
       [80.],
       [80.],
       [80.],
       [80.],
       [80.],
       [80.],
       [80.],
       [80.],
       [80.],
       [80.],
       [80.],
       [80.],
       [80.],
       [80.],
       [80.],
       [80.],
       [80.],
       [80.],
       [80.],
       [80.],
       [80.],
       [80.],
       [80.],
       [80.],
       [80.],
       [80.],
       [80.],
       [80.],
       [80.],
       [80.],
       [80.],
       [80.],
       [80.],
       [80.],
       [80.],
       [80.],
       [80.],
       [80.],
       [80.],
       [80.],
       [80.],
       [80.],
       [80.],
       [80.],
       [80.],
       [80.],
       [80.],
       [80.],
       [80.],
       [80.],
       [80.],
       [80.],
       [80.],
       [80.],
       [80.],
       [80.],
       [80.],
       [80.],
       [80.],
       [80.],
       [80.],
       [80.],
       [80.],
       [80.],
       [80.],
       [80.],
       [80.],
       [80.],
       [80.],
       [80.],
       [80.],
       [80.],
       [80.],
       [80.],
       [80.],
       [80.],
       [80.],
       [80.],
       [80.],
       [80.],
       [80.],
       [80.],
       [80.],
       [80.],
       [80.],
       [80.],
       [80.],
       [80.],
       [80.],
       [80.],
       [80.],
       [80.],
       [80.],
       [80.],
       [80.],
       [80.],
       [80.],
       [80.],
       [80.],
       [80.],
       [80.],
       [80.],
       [80.],
       [80.],
       [80.],
       [80.],
       [80.],
       [80.],
       [80.],
       [80.],
       [80.],
       [80.],
       [80.],
       [80.],
       [80.],
       [80.],
       [80.],
       [80.],
       [80.],
       [80.],
       [80.],
       [80.],
       [80.],
       [80.],
       [80.],
       [80.],
       [80.],
       [80.],
       [80.],
       [80.],
       [80.],
       [80.],
       [80.],
       [80.],
       [80.],
       [80.],
       [80.],
       [80.],
       [80.],
       [80.],
       [80.],
       [80.],
       [80.],
       [80.],
       [80.],
       [80.],
       [80.],
       [80.],
       [80.],
       [80.],
       [80.],
       [80.],
       [80.],
       [80.],
       [80.],
       [80.],
       [80.],
       [80.],
       [80.],
       [80.],
       [80.],
       [80.],
       [80.],
       [80.],
       [80.],
       [80.],
       [80.],
       [80.],
       [80.],
       [80.],
       [80.],
       [80.],
       [80.],
       [80.],
       [80.],
       [80.],
       [80.],
       [80.],
       [80.],
       [80.],
       [80.],
       [80.],
       [80.],
       [80.],
       [80.],
       [80.],
       [80.],
       [80.],
       [80.],
       [80.],
       [80.],
       [80.],
       [80.],
       [80.],
       [80.],
       [80.],
       [80.],
       [80.],
       [80.],
       [80.],
       [80.],
       [80.],
       [80.],
       [80.],
       [80.],
       [80.],
       [80.],
       [80.],
       [80.],
       [80.],
       [80.],
       [80.],
       [80.],
       [80.],
       [80.],
       [80.],
       [80.],
       [80.],
       [80.],
       [80.],
       [80.],
       [80.],
       [80.],
       [80.],
       [80.],
       [80.],
       [80.],
       [80.],
       [80.],
       [80.],
       [80.],
       [80.],
       [80.],
       [80.],
       [80.],
       [80.],
       [80.],
       [80.],
       [80.],
       [80.],
       [80.],
       [80.],
       [80.],
       [80.],
       [80.],
       [80.],
       [80.],
       [80.],
       [80.],
       [80.],
       [80.],
       [80.],
       [80.],
       [80.],
       [80.],
       [80.],
       [80.],
       [80.],
       [80.],
       [80.],
       [80.],
       [80.],
       [80.],
       [80.],
       [80.],
       [80.],
       [80.],
       [80.],
       [80.],
       [80.],
       [80.],
       [80.],
       [80.],
       [80.],
       [80.],
       [80.],
       [80.],
       [80.],
       [80.],
       [80.],
       [80.],
       [80.],
       [80.],
       [80.],
       [80.],
       [80.],
       [80.],
       [80.],
       [80.],
       [80.],
       [80.],
       [80.],
       [80.],
       [80.],
       [80.],
       [80.],
       [80.],
       [80.],
       [80.],
       [80.],
       [80.],
       [80.],
       [80.],
       [80.],
       [80.],
       [80.],
       [80.],
       [80.],
       [80.],
       [80.],
       [80.],
       [80.],
       [80.],
       [80.],
       [80.],
       [80.],
       [80.],
       [80.],
       [80.],
       [80.],
       [80.],
       [80.],
       [80.],
       [80.],
       [80.],
       [80.],
       [80.],
       [80.],
       [80.],
       [80.],
       [80.],
       [80.],
       [80.],
       [80.],
       [80.],
       [80.],
       [80.],
       [80.],
       [80.],
       [80.],
       [80.],
       [80.],
       [80.],
       [80.],
       [80.],
       [80.],
       [80.],
       [80.],
       [80.],
       [80.],
       [80.],
       [80.],
       [80.],
       [80.],
       [80.],
       [80.],
       [80.],
       [80.],
       [80.],
       [80.],
       [80.],
       [80.],
       [80.],
       [80.],
       [80.],
       [80.],
       [80.],
       [80.],
       [80.],
       [80.],
       [80.],
       [80.],
       [80.],
       [80.],
       [80.],
       [80.],
       [80.],
       [80.]]), 'dt': 0.01, 'N': 400, 'l': 1e-05}","{'Q': 315.7894736842105, 'gbar': 12.631578947368421, 'T': 10000, 'supervisor': array([[-1.89214982e-17],
       [ 4.44288287e-04],
       [ 8.88576529e-04],
       ...,
       [-1.33286468e-03],
       [-8.88576529e-04],
       [-4.44288287e-04]]), 'BIAS': array([[80.],
       [80.],
       [80.],
       [80.],
       [80.],
       [80.],
       [80.],
       [80.],
       [80.],
       [80.],
       [80.],
       [80.],
       [80.],
       [80.],
       [80.],
       [80.],
       [80.],
       [80.],
       [80.],
       [80.],
       [80.],
       [80.],
       [80.],
       [80.],
       [80.],
       [80.],
       [80.],
       [80.],
       [80.],
       [80.],
       [80.],
       [80.],
       [80.],
       [80.],
       [80.],
       [80.],
       [80.],
       [80.],
       [80.],
       [80.],
       [80.],
       [80.],
       [80.],
       [80.],
       [80.],
       [80.],
       [80.],
       [80.],
       [80.],
       [80.],
       [80.],
       [80.],
       [80.],
       [80.],
       [80.],
       [80.],
       [80.],
       [80.],
       [80.],
       [80.],
       [80.],
       [80.],
       [80.],
       [80.],
       [80.],
       [80.],
       [80.],
       [80.],
       [80.],
       [80.],
       [80.],
       [80.],
       [80.],
       [80.],
       [80.],
       [80.],
       [80.],
       [80.],
       [80.],
       [80.],
       [80.],
       [80.],
       [80.],
       [80.],
       [80.],
       [80.],
       [80.],
       [80.],
       [80.],
       [80.],
       [80.],
       [80.],
       [80.],
       [80.],
       [80.],
       [80.],
       [80.],
       [80.],
       [80.],
       [80.],
       [80.],
       [80.],
       [80.],
       [80.],
       [80.],
       [80.],
       [80.],
       [80.],
       [80.],
       [80.],
       [80.],
       [80.],
       [80.],
       [80.],
       [80.],
       [80.],
       [80.],
       [80.],
       [80.],
       [80.],
       [80.],
       [80.],
       [80.],
       [80.],
       [80.],
       [80.],
       [80.],
       [80.],
       [80.],
       [80.],
       [80.],
       [80.],
       [80.],
       [80.],
       [80.],
       [80.],
       [80.],
       [80.],
       [80.],
       [80.],
       [80.],
       [80.],
       [80.],
       [80.],
       [80.],
       [80.],
       [80.],
       [80.],
       [80.],
       [80.],
       [80.],
       [80.],
       [80.],
       [80.],
       [80.],
       [80.],
       [80.],
       [80.],
       [80.],
       [80.],
       [80.],
       [80.],
       [80.],
       [80.],
       [80.],
       [80.],
       [80.],
       [80.],
       [80.],
       [80.],
       [80.],
       [80.],
       [80.],
       [80.],
       [80.],
       [80.],
       [80.],
       [80.],
       [80.],
       [80.],
       [80.],
       [80.],
       [80.],
       [80.],
       [80.],
       [80.],
       [80.],
       [80.],
       [80.],
       [80.],
       [80.],
       [80.],
       [80.],
       [80.],
       [80.],
       [80.],
       [80.],
       [80.],
       [80.],
       [80.],
       [80.],
       [80.],
       [80.],
       [80.],
       [80.],
       [80.],
       [80.],
       [80.],
       [80.],
       [80.],
       [80.],
       [80.],
       [80.],
       [80.],
       [80.],
       [80.],
       [80.],
       [80.],
       [80.],
       [80.],
       [80.],
       [80.],
       [80.],
       [80.],
       [80.],
       [80.],
       [80.],
       [80.],
       [80.],
       [80.],
       [80.],
       [80.],
       [80.],
       [80.],
       [80.],
       [80.],
       [80.],
       [80.],
       [80.],
       [80.],
       [80.],
       [80.],
       [80.],
       [80.],
       [80.],
       [80.],
       [80.],
       [80.],
       [80.],
       [80.],
       [80.],
       [80.],
       [80.],
       [80.],
       [80.],
       [80.],
       [80.],
       [80.],
       [80.],
       [80.],
       [80.],
       [80.],
       [80.],
       [80.],
       [80.],
       [80.],
       [80.],
       [80.],
       [80.],
       [80.],
       [80.],
       [80.],
       [80.],
       [80.],
       [80.],
       [80.],
       [80.],
       [80.],
       [80.],
       [80.],
       [80.],
       [80.],
       [80.],
       [80.],
       [80.],
       [80.],
       [80.],
       [80.],
       [80.],
       [80.],
       [80.],
       [80.],
       [80.],
       [80.],
       [80.],
       [80.],
       [80.],
       [80.],
       [80.],
       [80.],
       [80.],
       [80.],
       [80.],
       [80.],
       [80.],
       [80.],
       [80.],
       [80.],
       [80.],
       [80.],
       [80.],
       [80.],
       [80.],
       [80.],
       [80.],
       [80.],
       [80.],
       [80.],
       [80.],
       [80.],
       [80.],
       [80.],
       [80.],
       [80.],
       [80.],
       [80.],
       [80.],
       [80.],
       [80.],
       [80.],
       [80.],
       [80.],
       [80.],
       [80.],
       [80.],
       [80.],
       [80.],
       [80.],
       [80.],
       [80.],
       [80.],
       [80.],
       [80.],
       [80.],
       [80.],
       [80.],
       [80.],
       [80.],
       [80.],
       [80.],
       [80.],
       [80.],
       [80.],
       [80.],
       [80.],
       [80.],
       [80.],
       [80.],
       [80.],
       [80.],
       [80.],
       [80.],
       [80.],
       [80.],
       [80.],
       [80.],
       [80.],
       [80.],
       [80.],
       [80.],
       [80.],
       [80.],
       [80.],
       [80.],
       [80.],
       [80.],
       [80.],
       [80.],
       [80.],
       [80.],
       [80.],
       [80.],
       [80.],
       [80.],
       [80.],
       [80.],
       [80.],
       [80.],
       [80.],
       [80.],
       [80.],
       [80.],
       [80.],
       [80.],
       [80.],
       [80.],
       [80.],
       [80.],
       [80.],
       [80.]]), 'dt': 0.01, 'N': 400, 'l': 1e-05}","{'Q': 315.7894736842105, 'gbar': 13.68421052631579, 'T': 10000, 'supervisor': array([[-1.89214982e-17],
       [ 4.44288287e-04],
       [ 8.88576529e-04],
       ...,
       [-1.33286468e-03],
       [-8.88576529e-04],
       [-4.44288287e-04]]), 'BIAS': array([[80.],
       [80.],
       [80.],
       [80.],
       [80.],
       [80.],
       [80.],
       [80.],
       [80.],
       [80.],
       [80.],
       [80.],
       [80.],
       [80.],
       [80.],
       [80.],
       [80.],
       [80.],
       [80.],
       [80.],
       [80.],
       [80.],
       [80.],
       [80.],
       [80.],
       [80.],
       [80.],
       [80.],
       [80.],
       [80.],
       [80.],
       [80.],
       [80.],
       [80.],
       [80.],
       [80.],
       [80.],
       [80.],
       [80.],
       [80.],
       [80.],
       [80.],
       [80.],
       [80.],
       [80.],
       [80.],
       [80.],
       [80.],
       [80.],
       [80.],
       [80.],
       [80.],
       [80.],
       [80.],
       [80.],
       [80.],
       [80.],
       [80.],
       [80.],
       [80.],
       [80.],
       [80.],
       [80.],
       [80.],
       [80.],
       [80.],
       [80.],
       [80.],
       [80.],
       [80.],
       [80.],
       [80.],
       [80.],
       [80.],
       [80.],
       [80.],
       [80.],
       [80.],
       [80.],
       [80.],
       [80.],
       [80.],
       [80.],
       [80.],
       [80.],
       [80.],
       [80.],
       [80.],
       [80.],
       [80.],
       [80.],
       [80.],
       [80.],
       [80.],
       [80.],
       [80.],
       [80.],
       [80.],
       [80.],
       [80.],
       [80.],
       [80.],
       [80.],
       [80.],
       [80.],
       [80.],
       [80.],
       [80.],
       [80.],
       [80.],
       [80.],
       [80.],
       [80.],
       [80.],
       [80.],
       [80.],
       [80.],
       [80.],
       [80.],
       [80.],
       [80.],
       [80.],
       [80.],
       [80.],
       [80.],
       [80.],
       [80.],
       [80.],
       [80.],
       [80.],
       [80.],
       [80.],
       [80.],
       [80.],
       [80.],
       [80.],
       [80.],
       [80.],
       [80.],
       [80.],
       [80.],
       [80.],
       [80.],
       [80.],
       [80.],
       [80.],
       [80.],
       [80.],
       [80.],
       [80.],
       [80.],
       [80.],
       [80.],
       [80.],
       [80.],
       [80.],
       [80.],
       [80.],
       [80.],
       [80.],
       [80.],
       [80.],
       [80.],
       [80.],
       [80.],
       [80.],
       [80.],
       [80.],
       [80.],
       [80.],
       [80.],
       [80.],
       [80.],
       [80.],
       [80.],
       [80.],
       [80.],
       [80.],
       [80.],
       [80.],
       [80.],
       [80.],
       [80.],
       [80.],
       [80.],
       [80.],
       [80.],
       [80.],
       [80.],
       [80.],
       [80.],
       [80.],
       [80.],
       [80.],
       [80.],
       [80.],
       [80.],
       [80.],
       [80.],
       [80.],
       [80.],
       [80.],
       [80.],
       [80.],
       [80.],
       [80.],
       [80.],
       [80.],
       [80.],
       [80.],
       [80.],
       [80.],
       [80.],
       [80.],
       [80.],
       [80.],
       [80.],
       [80.],
       [80.],
       [80.],
       [80.],
       [80.],
       [80.],
       [80.],
       [80.],
       [80.],
       [80.],
       [80.],
       [80.],
       [80.],
       [80.],
       [80.],
       [80.],
       [80.],
       [80.],
       [80.],
       [80.],
       [80.],
       [80.],
       [80.],
       [80.],
       [80.],
       [80.],
       [80.],
       [80.],
       [80.],
       [80.],
       [80.],
       [80.],
       [80.],
       [80.],
       [80.],
       [80.],
       [80.],
       [80.],
       [80.],
       [80.],
       [80.],
       [80.],
       [80.],
       [80.],
       [80.],
       [80.],
       [80.],
       [80.],
       [80.],
       [80.],
       [80.],
       [80.],
       [80.],
       [80.],
       [80.],
       [80.],
       [80.],
       [80.],
       [80.],
       [80.],
       [80.],
       [80.],
       [80.],
       [80.],
       [80.],
       [80.],
       [80.],
       [80.],
       [80.],
       [80.],
       [80.],
       [80.],
       [80.],
       [80.],
       [80.],
       [80.],
       [80.],
       [80.],
       [80.],
       [80.],
       [80.],
       [80.],
       [80.],
       [80.],
       [80.],
       [80.],
       [80.],
       [80.],
       [80.],
       [80.],
       [80.],
       [80.],
       [80.],
       [80.],
       [80.],
       [80.],
       [80.],
       [80.],
       [80.],
       [80.],
       [80.],
       [80.],
       [80.],
       [80.],
       [80.],
       [80.],
       [80.],
       [80.],
       [80.],
       [80.],
       [80.],
       [80.],
       [80.],
       [80.],
       [80.],
       [80.],
       [80.],
       [80.],
       [80.],
       [80.],
       [80.],
       [80.],
       [80.],
       [80.],
       [80.],
       [80.],
       [80.],
       [80.],
       [80.],
       [80.],
       [80.],
       [80.],
       [80.],
       [80.],
       [80.],
       [80.],
       [80.],
       [80.],
       [80.],
       [80.],
       [80.],
       [80.],
       [80.],
       [80.],
       [80.],
       [80.],
       [80.],
       [80.],
       [80.],
       [80.],
       [80.],
       [80.],
       [80.],
       [80.],
       [80.],
       [80.],
       [80.],
       [80.],
       [80.],
       [80.],
       [80.],
       [80.],
       [80.],
       [80.],
       [80.],
       [80.],
       [80.],
       [80.],
       [80.],
       [80.],
       [80.],
       [80.],
       [80.],
       [80.],
       [80.],
       [80.],
       [80.],
       [80.],
       [80.],
       [80.],
       [80.],
       [80.],
       [80.]]), 'dt': 0.01, 'N': 400, 'l': 1e-05}","{'Q': 315.7894736842105, 'gbar': 14.736842105263158, 'T': 10000, 'supervisor': array([[-1.89214982e-17],
       [ 4.44288287e-04],
       [ 8.88576529e-04],
       ...,
       [-1.33286468e-03],
       [-8.88576529e-04],
       [-4.44288287e-04]]), 'BIAS': array([[80.],
       [80.],
       [80.],
       [80.],
       [80.],
       [80.],
       [80.],
       [80.],
       [80.],
       [80.],
       [80.],
       [80.],
       [80.],
       [80.],
       [80.],
       [80.],
       [80.],
       [80.],
       [80.],
       [80.],
       [80.],
       [80.],
       [80.],
       [80.],
       [80.],
       [80.],
       [80.],
       [80.],
       [80.],
       [80.],
       [80.],
       [80.],
       [80.],
       [80.],
       [80.],
       [80.],
       [80.],
       [80.],
       [80.],
       [80.],
       [80.],
       [80.],
       [80.],
       [80.],
       [80.],
       [80.],
       [80.],
       [80.],
       [80.],
       [80.],
       [80.],
       [80.],
       [80.],
       [80.],
       [80.],
       [80.],
       [80.],
       [80.],
       [80.],
       [80.],
       [80.],
       [80.],
       [80.],
       [80.],
       [80.],
       [80.],
       [80.],
       [80.],
       [80.],
       [80.],
       [80.],
       [80.],
       [80.],
       [80.],
       [80.],
       [80.],
       [80.],
       [80.],
       [80.],
       [80.],
       [80.],
       [80.],
       [80.],
       [80.],
       [80.],
       [80.],
       [80.],
       [80.],
       [80.],
       [80.],
       [80.],
       [80.],
       [80.],
       [80.],
       [80.],
       [80.],
       [80.],
       [80.],
       [80.],
       [80.],
       [80.],
       [80.],
       [80.],
       [80.],
       [80.],
       [80.],
       [80.],
       [80.],
       [80.],
       [80.],
       [80.],
       [80.],
       [80.],
       [80.],
       [80.],
       [80.],
       [80.],
       [80.],
       [80.],
       [80.],
       [80.],
       [80.],
       [80.],
       [80.],
       [80.],
       [80.],
       [80.],
       [80.],
       [80.],
       [80.],
       [80.],
       [80.],
       [80.],
       [80.],
       [80.],
       [80.],
       [80.],
       [80.],
       [80.],
       [80.],
       [80.],
       [80.],
       [80.],
       [80.],
       [80.],
       [80.],
       [80.],
       [80.],
       [80.],
       [80.],
       [80.],
       [80.],
       [80.],
       [80.],
       [80.],
       [80.],
       [80.],
       [80.],
       [80.],
       [80.],
       [80.],
       [80.],
       [80.],
       [80.],
       [80.],
       [80.],
       [80.],
       [80.],
       [80.],
       [80.],
       [80.],
       [80.],
       [80.],
       [80.],
       [80.],
       [80.],
       [80.],
       [80.],
       [80.],
       [80.],
       [80.],
       [80.],
       [80.],
       [80.],
       [80.],
       [80.],
       [80.],
       [80.],
       [80.],
       [80.],
       [80.],
       [80.],
       [80.],
       [80.],
       [80.],
       [80.],
       [80.],
       [80.],
       [80.],
       [80.],
       [80.],
       [80.],
       [80.],
       [80.],
       [80.],
       [80.],
       [80.],
       [80.],
       [80.],
       [80.],
       [80.],
       [80.],
       [80.],
       [80.],
       [80.],
       [80.],
       [80.],
       [80.],
       [80.],
       [80.],
       [80.],
       [80.],
       [80.],
       [80.],
       [80.],
       [80.],
       [80.],
       [80.],
       [80.],
       [80.],
       [80.],
       [80.],
       [80.],
       [80.],
       [80.],
       [80.],
       [80.],
       [80.],
       [80.],
       [80.],
       [80.],
       [80.],
       [80.],
       [80.],
       [80.],
       [80.],
       [80.],
       [80.],
       [80.],
       [80.],
       [80.],
       [80.],
       [80.],
       [80.],
       [80.],
       [80.],
       [80.],
       [80.],
       [80.],
       [80.],
       [80.],
       [80.],
       [80.],
       [80.],
       [80.],
       [80.],
       [80.],
       [80.],
       [80.],
       [80.],
       [80.],
       [80.],
       [80.],
       [80.],
       [80.],
       [80.],
       [80.],
       [80.],
       [80.],
       [80.],
       [80.],
       [80.],
       [80.],
       [80.],
       [80.],
       [80.],
       [80.],
       [80.],
       [80.],
       [80.],
       [80.],
       [80.],
       [80.],
       [80.],
       [80.],
       [80.],
       [80.],
       [80.],
       [80.],
       [80.],
       [80.],
       [80.],
       [80.],
       [80.],
       [80.],
       [80.],
       [80.],
       [80.],
       [80.],
       [80.],
       [80.],
       [80.],
       [80.],
       [80.],
       [80.],
       [80.],
       [80.],
       [80.],
       [80.],
       [80.],
       [80.],
       [80.],
       [80.],
       [80.],
       [80.],
       [80.],
       [80.],
       [80.],
       [80.],
       [80.],
       [80.],
       [80.],
       [80.],
       [80.],
       [80.],
       [80.],
       [80.],
       [80.],
       [80.],
       [80.],
       [80.],
       [80.],
       [80.],
       [80.],
       [80.],
       [80.],
       [80.],
       [80.],
       [80.],
       [80.],
       [80.],
       [80.],
       [80.],
       [80.],
       [80.],
       [80.],
       [80.],
       [80.],
       [80.],
       [80.],
       [80.],
       [80.],
       [80.],
       [80.],
       [80.],
       [80.],
       [80.],
       [80.],
       [80.],
       [80.],
       [80.],
       [80.],
       [80.],
       [80.],
       [80.],
       [80.],
       [80.],
       [80.],
       [80.],
       [80.],
       [80.],
       [80.],
       [80.],
       [80.],
       [80.],
       [80.],
       [80.],
       [80.],
       [80.],
       [80.],
       [80.],
       [80.],
       [80.],
       [80.],
       [80.],
       [80.],
       [80.],
       [80.],
       [80.],
       [80.]]), 'dt': 0.01, 'N': 400, 'l': 1e-05}","{'Q': 315.7894736842105, 'gbar': 15.789473684210526, 'T': 10000, 'supervisor': array([[-1.89214982e-17],
       [ 4.44288287e-04],
       [ 8.88576529e-04],
       ...,
       [-1.33286468e-03],
       [-8.88576529e-04],
       [-4.44288287e-04]]), 'BIAS': array([[80.],
       [80.],
       [80.],
       [80.],
       [80.],
       [80.],
       [80.],
       [80.],
       [80.],
       [80.],
       [80.],
       [80.],
       [80.],
       [80.],
       [80.],
       [80.],
       [80.],
       [80.],
       [80.],
       [80.],
       [80.],
       [80.],
       [80.],
       [80.],
       [80.],
       [80.],
       [80.],
       [80.],
       [80.],
       [80.],
       [80.],
       [80.],
       [80.],
       [80.],
       [80.],
       [80.],
       [80.],
       [80.],
       [80.],
       [80.],
       [80.],
       [80.],
       [80.],
       [80.],
       [80.],
       [80.],
       [80.],
       [80.],
       [80.],
       [80.],
       [80.],
       [80.],
       [80.],
       [80.],
       [80.],
       [80.],
       [80.],
       [80.],
       [80.],
       [80.],
       [80.],
       [80.],
       [80.],
       [80.],
       [80.],
       [80.],
       [80.],
       [80.],
       [80.],
       [80.],
       [80.],
       [80.],
       [80.],
       [80.],
       [80.],
       [80.],
       [80.],
       [80.],
       [80.],
       [80.],
       [80.],
       [80.],
       [80.],
       [80.],
       [80.],
       [80.],
       [80.],
       [80.],
       [80.],
       [80.],
       [80.],
       [80.],
       [80.],
       [80.],
       [80.],
       [80.],
       [80.],
       [80.],
       [80.],
       [80.],
       [80.],
       [80.],
       [80.],
       [80.],
       [80.],
       [80.],
       [80.],
       [80.],
       [80.],
       [80.],
       [80.],
       [80.],
       [80.],
       [80.],
       [80.],
       [80.],
       [80.],
       [80.],
       [80.],
       [80.],
       [80.],
       [80.],
       [80.],
       [80.],
       [80.],
       [80.],
       [80.],
       [80.],
       [80.],
       [80.],
       [80.],
       [80.],
       [80.],
       [80.],
       [80.],
       [80.],
       [80.],
       [80.],
       [80.],
       [80.],
       [80.],
       [80.],
       [80.],
       [80.],
       [80.],
       [80.],
       [80.],
       [80.],
       [80.],
       [80.],
       [80.],
       [80.],
       [80.],
       [80.],
       [80.],
       [80.],
       [80.],
       [80.],
       [80.],
       [80.],
       [80.],
       [80.],
       [80.],
       [80.],
       [80.],
       [80.],
       [80.],
       [80.],
       [80.],
       [80.],
       [80.],
       [80.],
       [80.],
       [80.],
       [80.],
       [80.],
       [80.],
       [80.],
       [80.],
       [80.],
       [80.],
       [80.],
       [80.],
       [80.],
       [80.],
       [80.],
       [80.],
       [80.],
       [80.],
       [80.],
       [80.],
       [80.],
       [80.],
       [80.],
       [80.],
       [80.],
       [80.],
       [80.],
       [80.],
       [80.],
       [80.],
       [80.],
       [80.],
       [80.],
       [80.],
       [80.],
       [80.],
       [80.],
       [80.],
       [80.],
       [80.],
       [80.],
       [80.],
       [80.],
       [80.],
       [80.],
       [80.],
       [80.],
       [80.],
       [80.],
       [80.],
       [80.],
       [80.],
       [80.],
       [80.],
       [80.],
       [80.],
       [80.],
       [80.],
       [80.],
       [80.],
       [80.],
       [80.],
       [80.],
       [80.],
       [80.],
       [80.],
       [80.],
       [80.],
       [80.],
       [80.],
       [80.],
       [80.],
       [80.],
       [80.],
       [80.],
       [80.],
       [80.],
       [80.],
       [80.],
       [80.],
       [80.],
       [80.],
       [80.],
       [80.],
       [80.],
       [80.],
       [80.],
       [80.],
       [80.],
       [80.],
       [80.],
       [80.],
       [80.],
       [80.],
       [80.],
       [80.],
       [80.],
       [80.],
       [80.],
       [80.],
       [80.],
       [80.],
       [80.],
       [80.],
       [80.],
       [80.],
       [80.],
       [80.],
       [80.],
       [80.],
       [80.],
       [80.],
       [80.],
       [80.],
       [80.],
       [80.],
       [80.],
       [80.],
       [80.],
       [80.],
       [80.],
       [80.],
       [80.],
       [80.],
       [80.],
       [80.],
       [80.],
       [80.],
       [80.],
       [80.],
       [80.],
       [80.],
       [80.],
       [80.],
       [80.],
       [80.],
       [80.],
       [80.],
       [80.],
       [80.],
       [80.],
       [80.],
       [80.],
       [80.],
       [80.],
       [80.],
       [80.],
       [80.],
       [80.],
       [80.],
       [80.],
       [80.],
       [80.],
       [80.],
       [80.],
       [80.],
       [80.],
       [80.],
       [80.],
       [80.],
       [80.],
       [80.],
       [80.],
       [80.],
       [80.],
       [80.],
       [80.],
       [80.],
       [80.],
       [80.],
       [80.],
       [80.],
       [80.],
       [80.],
       [80.],
       [80.],
       [80.],
       [80.],
       [80.],
       [80.],
       [80.],
       [80.],
       [80.],
       [80.],
       [80.],
       [80.],
       [80.],
       [80.],
       [80.],
       [80.],
       [80.],
       [80.],
       [80.],
       [80.],
       [80.],
       [80.],
       [80.],
       [80.],
       [80.],
       [80.],
       [80.],
       [80.],
       [80.],
       [80.],
       [80.],
       [80.],
       [80.],
       [80.],
       [80.],
       [80.],
       [80.],
       [80.],
       [80.],
       [80.],
       [80.],
       [80.],
       [80.],
       [80.],
       [80.],
       [80.],
       [80.],
       [80.],
       [80.],
       [80.],
       [80.],
       [80.],
       [80.],
       [80.],
       [80.]]), 'dt': 0.01, 'N': 400, 'l': 1e-05}","{'Q': 315.7894736842105, 'gbar': 16.842105263157894, 'T': 10000, 'supervisor': array([[-1.89214982e-17],
       [ 4.44288287e-04],
       [ 8.88576529e-04],
       ...,
       [-1.33286468e-03],
       [-8.88576529e-04],
       [-4.44288287e-04]]), 'BIAS': array([[80.],
       [80.],
       [80.],
       [80.],
       [80.],
       [80.],
       [80.],
       [80.],
       [80.],
       [80.],
       [80.],
       [80.],
       [80.],
       [80.],
       [80.],
       [80.],
       [80.],
       [80.],
       [80.],
       [80.],
       [80.],
       [80.],
       [80.],
       [80.],
       [80.],
       [80.],
       [80.],
       [80.],
       [80.],
       [80.],
       [80.],
       [80.],
       [80.],
       [80.],
       [80.],
       [80.],
       [80.],
       [80.],
       [80.],
       [80.],
       [80.],
       [80.],
       [80.],
       [80.],
       [80.],
       [80.],
       [80.],
       [80.],
       [80.],
       [80.],
       [80.],
       [80.],
       [80.],
       [80.],
       [80.],
       [80.],
       [80.],
       [80.],
       [80.],
       [80.],
       [80.],
       [80.],
       [80.],
       [80.],
       [80.],
       [80.],
       [80.],
       [80.],
       [80.],
       [80.],
       [80.],
       [80.],
       [80.],
       [80.],
       [80.],
       [80.],
       [80.],
       [80.],
       [80.],
       [80.],
       [80.],
       [80.],
       [80.],
       [80.],
       [80.],
       [80.],
       [80.],
       [80.],
       [80.],
       [80.],
       [80.],
       [80.],
       [80.],
       [80.],
       [80.],
       [80.],
       [80.],
       [80.],
       [80.],
       [80.],
       [80.],
       [80.],
       [80.],
       [80.],
       [80.],
       [80.],
       [80.],
       [80.],
       [80.],
       [80.],
       [80.],
       [80.],
       [80.],
       [80.],
       [80.],
       [80.],
       [80.],
       [80.],
       [80.],
       [80.],
       [80.],
       [80.],
       [80.],
       [80.],
       [80.],
       [80.],
       [80.],
       [80.],
       [80.],
       [80.],
       [80.],
       [80.],
       [80.],
       [80.],
       [80.],
       [80.],
       [80.],
       [80.],
       [80.],
       [80.],
       [80.],
       [80.],
       [80.],
       [80.],
       [80.],
       [80.],
       [80.],
       [80.],
       [80.],
       [80.],
       [80.],
       [80.],
       [80.],
       [80.],
       [80.],
       [80.],
       [80.],
       [80.],
       [80.],
       [80.],
       [80.],
       [80.],
       [80.],
       [80.],
       [80.],
       [80.],
       [80.],
       [80.],
       [80.],
       [80.],
       [80.],
       [80.],
       [80.],
       [80.],
       [80.],
       [80.],
       [80.],
       [80.],
       [80.],
       [80.],
       [80.],
       [80.],
       [80.],
       [80.],
       [80.],
       [80.],
       [80.],
       [80.],
       [80.],
       [80.],
       [80.],
       [80.],
       [80.],
       [80.],
       [80.],
       [80.],
       [80.],
       [80.],
       [80.],
       [80.],
       [80.],
       [80.],
       [80.],
       [80.],
       [80.],
       [80.],
       [80.],
       [80.],
       [80.],
       [80.],
       [80.],
       [80.],
       [80.],
       [80.],
       [80.],
       [80.],
       [80.],
       [80.],
       [80.],
       [80.],
       [80.],
       [80.],
       [80.],
       [80.],
       [80.],
       [80.],
       [80.],
       [80.],
       [80.],
       [80.],
       [80.],
       [80.],
       [80.],
       [80.],
       [80.],
       [80.],
       [80.],
       [80.],
       [80.],
       [80.],
       [80.],
       [80.],
       [80.],
       [80.],
       [80.],
       [80.],
       [80.],
       [80.],
       [80.],
       [80.],
       [80.],
       [80.],
       [80.],
       [80.],
       [80.],
       [80.],
       [80.],
       [80.],
       [80.],
       [80.],
       [80.],
       [80.],
       [80.],
       [80.],
       [80.],
       [80.],
       [80.],
       [80.],
       [80.],
       [80.],
       [80.],
       [80.],
       [80.],
       [80.],
       [80.],
       [80.],
       [80.],
       [80.],
       [80.],
       [80.],
       [80.],
       [80.],
       [80.],
       [80.],
       [80.],
       [80.],
       [80.],
       [80.],
       [80.],
       [80.],
       [80.],
       [80.],
       [80.],
       [80.],
       [80.],
       [80.],
       [80.],
       [80.],
       [80.],
       [80.],
       [80.],
       [80.],
       [80.],
       [80.],
       [80.],
       [80.],
       [80.],
       [80.],
       [80.],
       [80.],
       [80.],
       [80.],
       [80.],
       [80.],
       [80.],
       [80.],
       [80.],
       [80.],
       [80.],
       [80.],
       [80.],
       [80.],
       [80.],
       [80.],
       [80.],
       [80.],
       [80.],
       [80.],
       [80.],
       [80.],
       [80.],
       [80.],
       [80.],
       [80.],
       [80.],
       [80.],
       [80.],
       [80.],
       [80.],
       [80.],
       [80.],
       [80.],
       [80.],
       [80.],
       [80.],
       [80.],
       [80.],
       [80.],
       [80.],
       [80.],
       [80.],
       [80.],
       [80.],
       [80.],
       [80.],
       [80.],
       [80.],
       [80.],
       [80.],
       [80.],
       [80.],
       [80.],
       [80.],
       [80.],
       [80.],
       [80.],
       [80.],
       [80.],
       [80.],
       [80.],
       [80.],
       [80.],
       [80.],
       [80.],
       [80.],
       [80.],
       [80.],
       [80.],
       [80.],
       [80.],
       [80.],
       [80.],
       [80.],
       [80.],
       [80.],
       [80.],
       [80.],
       [80.],
       [80.],
       [80.],
       [80.],
       [80.],
       [80.],
       [80.],
       [80.],
       [80.],
       [80.],
       [80.],
       [80.],
       [80.]]), 'dt': 0.01, 'N': 400, 'l': 1e-05}","{'Q': 315.7894736842105, 'gbar': 17.894736842105264, 'T': 10000, 'supervisor': array([[-1.89214982e-17],
       [ 4.44288287e-04],
       [ 8.88576529e-04],
       ...,
       [-1.33286468e-03],
       [-8.88576529e-04],
       [-4.44288287e-04]]), 'BIAS': array([[80.],
       [80.],
       [80.],
       [80.],
       [80.],
       [80.],
       [80.],
       [80.],
       [80.],
       [80.],
       [80.],
       [80.],
       [80.],
       [80.],
       [80.],
       [80.],
       [80.],
       [80.],
       [80.],
       [80.],
       [80.],
       [80.],
       [80.],
       [80.],
       [80.],
       [80.],
       [80.],
       [80.],
       [80.],
       [80.],
       [80.],
       [80.],
       [80.],
       [80.],
       [80.],
       [80.],
       [80.],
       [80.],
       [80.],
       [80.],
       [80.],
       [80.],
       [80.],
       [80.],
       [80.],
       [80.],
       [80.],
       [80.],
       [80.],
       [80.],
       [80.],
       [80.],
       [80.],
       [80.],
       [80.],
       [80.],
       [80.],
       [80.],
       [80.],
       [80.],
       [80.],
       [80.],
       [80.],
       [80.],
       [80.],
       [80.],
       [80.],
       [80.],
       [80.],
       [80.],
       [80.],
       [80.],
       [80.],
       [80.],
       [80.],
       [80.],
       [80.],
       [80.],
       [80.],
       [80.],
       [80.],
       [80.],
       [80.],
       [80.],
       [80.],
       [80.],
       [80.],
       [80.],
       [80.],
       [80.],
       [80.],
       [80.],
       [80.],
       [80.],
       [80.],
       [80.],
       [80.],
       [80.],
       [80.],
       [80.],
       [80.],
       [80.],
       [80.],
       [80.],
       [80.],
       [80.],
       [80.],
       [80.],
       [80.],
       [80.],
       [80.],
       [80.],
       [80.],
       [80.],
       [80.],
       [80.],
       [80.],
       [80.],
       [80.],
       [80.],
       [80.],
       [80.],
       [80.],
       [80.],
       [80.],
       [80.],
       [80.],
       [80.],
       [80.],
       [80.],
       [80.],
       [80.],
       [80.],
       [80.],
       [80.],
       [80.],
       [80.],
       [80.],
       [80.],
       [80.],
       [80.],
       [80.],
       [80.],
       [80.],
       [80.],
       [80.],
       [80.],
       [80.],
       [80.],
       [80.],
       [80.],
       [80.],
       [80.],
       [80.],
       [80.],
       [80.],
       [80.],
       [80.],
       [80.],
       [80.],
       [80.],
       [80.],
       [80.],
       [80.],
       [80.],
       [80.],
       [80.],
       [80.],
       [80.],
       [80.],
       [80.],
       [80.],
       [80.],
       [80.],
       [80.],
       [80.],
       [80.],
       [80.],
       [80.],
       [80.],
       [80.],
       [80.],
       [80.],
       [80.],
       [80.],
       [80.],
       [80.],
       [80.],
       [80.],
       [80.],
       [80.],
       [80.],
       [80.],
       [80.],
       [80.],
       [80.],
       [80.],
       [80.],
       [80.],
       [80.],
       [80.],
       [80.],
       [80.],
       [80.],
       [80.],
       [80.],
       [80.],
       [80.],
       [80.],
       [80.],
       [80.],
       [80.],
       [80.],
       [80.],
       [80.],
       [80.],
       [80.],
       [80.],
       [80.],
       [80.],
       [80.],
       [80.],
       [80.],
       [80.],
       [80.],
       [80.],
       [80.],
       [80.],
       [80.],
       [80.],
       [80.],
       [80.],
       [80.],
       [80.],
       [80.],
       [80.],
       [80.],
       [80.],
       [80.],
       [80.],
       [80.],
       [80.],
       [80.],
       [80.],
       [80.],
       [80.],
       [80.],
       [80.],
       [80.],
       [80.],
       [80.],
       [80.],
       [80.],
       [80.],
       [80.],
       [80.],
       [80.],
       [80.],
       [80.],
       [80.],
       [80.],
       [80.],
       [80.],
       [80.],
       [80.],
       [80.],
       [80.],
       [80.],
       [80.],
       [80.],
       [80.],
       [80.],
       [80.],
       [80.],
       [80.],
       [80.],
       [80.],
       [80.],
       [80.],
       [80.],
       [80.],
       [80.],
       [80.],
       [80.],
       [80.],
       [80.],
       [80.],
       [80.],
       [80.],
       [80.],
       [80.],
       [80.],
       [80.],
       [80.],
       [80.],
       [80.],
       [80.],
       [80.],
       [80.],
       [80.],
       [80.],
       [80.],
       [80.],
       [80.],
       [80.],
       [80.],
       [80.],
       [80.],
       [80.],
       [80.],
       [80.],
       [80.],
       [80.],
       [80.],
       [80.],
       [80.],
       [80.],
       [80.],
       [80.],
       [80.],
       [80.],
       [80.],
       [80.],
       [80.],
       [80.],
       [80.],
       [80.],
       [80.],
       [80.],
       [80.],
       [80.],
       [80.],
       [80.],
       [80.],
       [80.],
       [80.],
       [80.],
       [80.],
       [80.],
       [80.],
       [80.],
       [80.],
       [80.],
       [80.],
       [80.],
       [80.],
       [80.],
       [80.],
       [80.],
       [80.],
       [80.],
       [80.],
       [80.],
       [80.],
       [80.],
       [80.],
       [80.],
       [80.],
       [80.],
       [80.],
       [80.],
       [80.],
       [80.],
       [80.],
       [80.],
       [80.],
       [80.],
       [80.],
       [80.],
       [80.],
       [80.],
       [80.],
       [80.],
       [80.],
       [80.],
       [80.],
       [80.],
       [80.],
       [80.],
       [80.],
       [80.],
       [80.],
       [80.],
       [80.],
       [80.],
       [80.],
       [80.],
       [80.],
       [80.],
       [80.],
       [80.],
       [80.],
       [80.],
       [80.],
       [80.],
       [80.],
       [80.],
       [80.],
       [80.],
       [80.]]), 'dt': 0.01, 'N': 400, 'l': 1e-05}","{'Q': 315.7894736842105, 'gbar': 18.94736842105263, 'T': 10000, 'supervisor': array([[-1.89214982e-17],
       [ 4.44288287e-04],
       [ 8.88576529e-04],
       ...,
       [-1.33286468e-03],
       [-8.88576529e-04],
       [-4.44288287e-04]]), 'BIAS': array([[80.],
       [80.],
       [80.],
       [80.],
       [80.],
       [80.],
       [80.],
       [80.],
       [80.],
       [80.],
       [80.],
       [80.],
       [80.],
       [80.],
       [80.],
       [80.],
       [80.],
       [80.],
       [80.],
       [80.],
       [80.],
       [80.],
       [80.],
       [80.],
       [80.],
       [80.],
       [80.],
       [80.],
       [80.],
       [80.],
       [80.],
       [80.],
       [80.],
       [80.],
       [80.],
       [80.],
       [80.],
       [80.],
       [80.],
       [80.],
       [80.],
       [80.],
       [80.],
       [80.],
       [80.],
       [80.],
       [80.],
       [80.],
       [80.],
       [80.],
       [80.],
       [80.],
       [80.],
       [80.],
       [80.],
       [80.],
       [80.],
       [80.],
       [80.],
       [80.],
       [80.],
       [80.],
       [80.],
       [80.],
       [80.],
       [80.],
       [80.],
       [80.],
       [80.],
       [80.],
       [80.],
       [80.],
       [80.],
       [80.],
       [80.],
       [80.],
       [80.],
       [80.],
       [80.],
       [80.],
       [80.],
       [80.],
       [80.],
       [80.],
       [80.],
       [80.],
       [80.],
       [80.],
       [80.],
       [80.],
       [80.],
       [80.],
       [80.],
       [80.],
       [80.],
       [80.],
       [80.],
       [80.],
       [80.],
       [80.],
       [80.],
       [80.],
       [80.],
       [80.],
       [80.],
       [80.],
       [80.],
       [80.],
       [80.],
       [80.],
       [80.],
       [80.],
       [80.],
       [80.],
       [80.],
       [80.],
       [80.],
       [80.],
       [80.],
       [80.],
       [80.],
       [80.],
       [80.],
       [80.],
       [80.],
       [80.],
       [80.],
       [80.],
       [80.],
       [80.],
       [80.],
       [80.],
       [80.],
       [80.],
       [80.],
       [80.],
       [80.],
       [80.],
       [80.],
       [80.],
       [80.],
       [80.],
       [80.],
       [80.],
       [80.],
       [80.],
       [80.],
       [80.],
       [80.],
       [80.],
       [80.],
       [80.],
       [80.],
       [80.],
       [80.],
       [80.],
       [80.],
       [80.],
       [80.],
       [80.],
       [80.],
       [80.],
       [80.],
       [80.],
       [80.],
       [80.],
       [80.],
       [80.],
       [80.],
       [80.],
       [80.],
       [80.],
       [80.],
       [80.],
       [80.],
       [80.],
       [80.],
       [80.],
       [80.],
       [80.],
       [80.],
       [80.],
       [80.],
       [80.],
       [80.],
       [80.],
       [80.],
       [80.],
       [80.],
       [80.],
       [80.],
       [80.],
       [80.],
       [80.],
       [80.],
       [80.],
       [80.],
       [80.],
       [80.],
       [80.],
       [80.],
       [80.],
       [80.],
       [80.],
       [80.],
       [80.],
       [80.],
       [80.],
       [80.],
       [80.],
       [80.],
       [80.],
       [80.],
       [80.],
       [80.],
       [80.],
       [80.],
       [80.],
       [80.],
       [80.],
       [80.],
       [80.],
       [80.],
       [80.],
       [80.],
       [80.],
       [80.],
       [80.],
       [80.],
       [80.],
       [80.],
       [80.],
       [80.],
       [80.],
       [80.],
       [80.],
       [80.],
       [80.],
       [80.],
       [80.],
       [80.],
       [80.],
       [80.],
       [80.],
       [80.],
       [80.],
       [80.],
       [80.],
       [80.],
       [80.],
       [80.],
       [80.],
       [80.],
       [80.],
       [80.],
       [80.],
       [80.],
       [80.],
       [80.],
       [80.],
       [80.],
       [80.],
       [80.],
       [80.],
       [80.],
       [80.],
       [80.],
       [80.],
       [80.],
       [80.],
       [80.],
       [80.],
       [80.],
       [80.],
       [80.],
       [80.],
       [80.],
       [80.],
       [80.],
       [80.],
       [80.],
       [80.],
       [80.],
       [80.],
       [80.],
       [80.],
       [80.],
       [80.],
       [80.],
       [80.],
       [80.],
       [80.],
       [80.],
       [80.],
       [80.],
       [80.],
       [80.],
       [80.],
       [80.],
       [80.],
       [80.],
       [80.],
       [80.],
       [80.],
       [80.],
       [80.],
       [80.],
       [80.],
       [80.],
       [80.],
       [80.],
       [80.],
       [80.],
       [80.],
       [80.],
       [80.],
       [80.],
       [80.],
       [80.],
       [80.],
       [80.],
       [80.],
       [80.],
       [80.],
       [80.],
       [80.],
       [80.],
       [80.],
       [80.],
       [80.],
       [80.],
       [80.],
       [80.],
       [80.],
       [80.],
       [80.],
       [80.],
       [80.],
       [80.],
       [80.],
       [80.],
       [80.],
       [80.],
       [80.],
       [80.],
       [80.],
       [80.],
       [80.],
       [80.],
       [80.],
       [80.],
       [80.],
       [80.],
       [80.],
       [80.],
       [80.],
       [80.],
       [80.],
       [80.],
       [80.],
       [80.],
       [80.],
       [80.],
       [80.],
       [80.],
       [80.],
       [80.],
       [80.],
       [80.],
       [80.],
       [80.],
       [80.],
       [80.],
       [80.],
       [80.],
       [80.],
       [80.],
       [80.],
       [80.],
       [80.],
       [80.],
       [80.],
       [80.],
       [80.],
       [80.],
       [80.],
       [80.],
       [80.],
       [80.],
       [80.],
       [80.],
       [80.],
       [80.],
       [80.],
       [80.],
       [80.],
       [80.],
       [80.],
       [80.],
       [80.]]), 'dt': 0.01, 'N': 400, 'l': 1e-05}","{'Q': 315.7894736842105, 'gbar': 20.0, 'T': 10000, 'supervisor': array([[-1.89214982e-17],
       [ 4.44288287e-04],
       [ 8.88576529e-04],
       ...,
       [-1.33286468e-03],
       [-8.88576529e-04],
       [-4.44288287e-04]]), 'BIAS': array([[80.],
       [80.],
       [80.],
       [80.],
       [80.],
       [80.],
       [80.],
       [80.],
       [80.],
       [80.],
       [80.],
       [80.],
       [80.],
       [80.],
       [80.],
       [80.],
       [80.],
       [80.],
       [80.],
       [80.],
       [80.],
       [80.],
       [80.],
       [80.],
       [80.],
       [80.],
       [80.],
       [80.],
       [80.],
       [80.],
       [80.],
       [80.],
       [80.],
       [80.],
       [80.],
       [80.],
       [80.],
       [80.],
       [80.],
       [80.],
       [80.],
       [80.],
       [80.],
       [80.],
       [80.],
       [80.],
       [80.],
       [80.],
       [80.],
       [80.],
       [80.],
       [80.],
       [80.],
       [80.],
       [80.],
       [80.],
       [80.],
       [80.],
       [80.],
       [80.],
       [80.],
       [80.],
       [80.],
       [80.],
       [80.],
       [80.],
       [80.],
       [80.],
       [80.],
       [80.],
       [80.],
       [80.],
       [80.],
       [80.],
       [80.],
       [80.],
       [80.],
       [80.],
       [80.],
       [80.],
       [80.],
       [80.],
       [80.],
       [80.],
       [80.],
       [80.],
       [80.],
       [80.],
       [80.],
       [80.],
       [80.],
       [80.],
       [80.],
       [80.],
       [80.],
       [80.],
       [80.],
       [80.],
       [80.],
       [80.],
       [80.],
       [80.],
       [80.],
       [80.],
       [80.],
       [80.],
       [80.],
       [80.],
       [80.],
       [80.],
       [80.],
       [80.],
       [80.],
       [80.],
       [80.],
       [80.],
       [80.],
       [80.],
       [80.],
       [80.],
       [80.],
       [80.],
       [80.],
       [80.],
       [80.],
       [80.],
       [80.],
       [80.],
       [80.],
       [80.],
       [80.],
       [80.],
       [80.],
       [80.],
       [80.],
       [80.],
       [80.],
       [80.],
       [80.],
       [80.],
       [80.],
       [80.],
       [80.],
       [80.],
       [80.],
       [80.],
       [80.],
       [80.],
       [80.],
       [80.],
       [80.],
       [80.],
       [80.],
       [80.],
       [80.],
       [80.],
       [80.],
       [80.],
       [80.],
       [80.],
       [80.],
       [80.],
       [80.],
       [80.],
       [80.],
       [80.],
       [80.],
       [80.],
       [80.],
       [80.],
       [80.],
       [80.],
       [80.],
       [80.],
       [80.],
       [80.],
       [80.],
       [80.],
       [80.],
       [80.],
       [80.],
       [80.],
       [80.],
       [80.],
       [80.],
       [80.],
       [80.],
       [80.],
       [80.],
       [80.],
       [80.],
       [80.],
       [80.],
       [80.],
       [80.],
       [80.],
       [80.],
       [80.],
       [80.],
       [80.],
       [80.],
       [80.],
       [80.],
       [80.],
       [80.],
       [80.],
       [80.],
       [80.],
       [80.],
       [80.],
       [80.],
       [80.],
       [80.],
       [80.],
       [80.],
       [80.],
       [80.],
       [80.],
       [80.],
       [80.],
       [80.],
       [80.],
       [80.],
       [80.],
       [80.],
       [80.],
       [80.],
       [80.],
       [80.],
       [80.],
       [80.],
       [80.],
       [80.],
       [80.],
       [80.],
       [80.],
       [80.],
       [80.],
       [80.],
       [80.],
       [80.],
       [80.],
       [80.],
       [80.],
       [80.],
       [80.],
       [80.],
       [80.],
       [80.],
       [80.],
       [80.],
       [80.],
       [80.],
       [80.],
       [80.],
       [80.],
       [80.],
       [80.],
       [80.],
       [80.],
       [80.],
       [80.],
       [80.],
       [80.],
       [80.],
       [80.],
       [80.],
       [80.],
       [80.],
       [80.],
       [80.],
       [80.],
       [80.],
       [80.],
       [80.],
       [80.],
       [80.],
       [80.],
       [80.],
       [80.],
       [80.],
       [80.],
       [80.],
       [80.],
       [80.],
       [80.],
       [80.],
       [80.],
       [80.],
       [80.],
       [80.],
       [80.],
       [80.],
       [80.],
       [80.],
       [80.],
       [80.],
       [80.],
       [80.],
       [80.],
       [80.],
       [80.],
       [80.],
       [80.],
       [80.],
       [80.],
       [80.],
       [80.],
       [80.],
       [80.],
       [80.],
       [80.],
       [80.],
       [80.],
       [80.],
       [80.],
       [80.],
       [80.],
       [80.],
       [80.],
       [80.],
       [80.],
       [80.],
       [80.],
       [80.],
       [80.],
       [80.],
       [80.],
       [80.],
       [80.],
       [80.],
       [80.],
       [80.],
       [80.],
       [80.],
       [80.],
       [80.],
       [80.],
       [80.],
       [80.],
       [80.],
       [80.],
       [80.],
       [80.],
       [80.],
       [80.],
       [80.],
       [80.],
       [80.],
       [80.],
       [80.],
       [80.],
       [80.],
       [80.],
       [80.],
       [80.],
       [80.],
       [80.],
       [80.],
       [80.],
       [80.],
       [80.],
       [80.],
       [80.],
       [80.],
       [80.],
       [80.],
       [80.],
       [80.],
       [80.],
       [80.],
       [80.],
       [80.],
       [80.],
       [80.],
       [80.],
       [80.],
       [80.],
       [80.],
       [80.],
       [80.],
       [80.],
       [80.],
       [80.],
       [80.],
       [80.],
       [80.],
       [80.],
       [80.],
       [80.],
       [80.],
       [80.],
       [80.],
       [80.],
       [80.],
       [80.],
       [80.],
       [80.],
       [80.],
       [80.]]), 'dt': 0.01, 'N': 400, 'l': 1e-05}"
"{'Q': 342.10526315789474, 'gbar': 0.0, 'T': 10000, 'supervisor': array([[-1.89214982e-17],
       [ 4.44288287e-04],
       [ 8.88576529e-04],
       ...,
       [-1.33286468e-03],
       [-8.88576529e-04],
       [-4.44288287e-04]]), 'BIAS': array([[80.],
       [80.],
       [80.],
       [80.],
       [80.],
       [80.],
       [80.],
       [80.],
       [80.],
       [80.],
       [80.],
       [80.],
       [80.],
       [80.],
       [80.],
       [80.],
       [80.],
       [80.],
       [80.],
       [80.],
       [80.],
       [80.],
       [80.],
       [80.],
       [80.],
       [80.],
       [80.],
       [80.],
       [80.],
       [80.],
       [80.],
       [80.],
       [80.],
       [80.],
       [80.],
       [80.],
       [80.],
       [80.],
       [80.],
       [80.],
       [80.],
       [80.],
       [80.],
       [80.],
       [80.],
       [80.],
       [80.],
       [80.],
       [80.],
       [80.],
       [80.],
       [80.],
       [80.],
       [80.],
       [80.],
       [80.],
       [80.],
       [80.],
       [80.],
       [80.],
       [80.],
       [80.],
       [80.],
       [80.],
       [80.],
       [80.],
       [80.],
       [80.],
       [80.],
       [80.],
       [80.],
       [80.],
       [80.],
       [80.],
       [80.],
       [80.],
       [80.],
       [80.],
       [80.],
       [80.],
       [80.],
       [80.],
       [80.],
       [80.],
       [80.],
       [80.],
       [80.],
       [80.],
       [80.],
       [80.],
       [80.],
       [80.],
       [80.],
       [80.],
       [80.],
       [80.],
       [80.],
       [80.],
       [80.],
       [80.],
       [80.],
       [80.],
       [80.],
       [80.],
       [80.],
       [80.],
       [80.],
       [80.],
       [80.],
       [80.],
       [80.],
       [80.],
       [80.],
       [80.],
       [80.],
       [80.],
       [80.],
       [80.],
       [80.],
       [80.],
       [80.],
       [80.],
       [80.],
       [80.],
       [80.],
       [80.],
       [80.],
       [80.],
       [80.],
       [80.],
       [80.],
       [80.],
       [80.],
       [80.],
       [80.],
       [80.],
       [80.],
       [80.],
       [80.],
       [80.],
       [80.],
       [80.],
       [80.],
       [80.],
       [80.],
       [80.],
       [80.],
       [80.],
       [80.],
       [80.],
       [80.],
       [80.],
       [80.],
       [80.],
       [80.],
       [80.],
       [80.],
       [80.],
       [80.],
       [80.],
       [80.],
       [80.],
       [80.],
       [80.],
       [80.],
       [80.],
       [80.],
       [80.],
       [80.],
       [80.],
       [80.],
       [80.],
       [80.],
       [80.],
       [80.],
       [80.],
       [80.],
       [80.],
       [80.],
       [80.],
       [80.],
       [80.],
       [80.],
       [80.],
       [80.],
       [80.],
       [80.],
       [80.],
       [80.],
       [80.],
       [80.],
       [80.],
       [80.],
       [80.],
       [80.],
       [80.],
       [80.],
       [80.],
       [80.],
       [80.],
       [80.],
       [80.],
       [80.],
       [80.],
       [80.],
       [80.],
       [80.],
       [80.],
       [80.],
       [80.],
       [80.],
       [80.],
       [80.],
       [80.],
       [80.],
       [80.],
       [80.],
       [80.],
       [80.],
       [80.],
       [80.],
       [80.],
       [80.],
       [80.],
       [80.],
       [80.],
       [80.],
       [80.],
       [80.],
       [80.],
       [80.],
       [80.],
       [80.],
       [80.],
       [80.],
       [80.],
       [80.],
       [80.],
       [80.],
       [80.],
       [80.],
       [80.],
       [80.],
       [80.],
       [80.],
       [80.],
       [80.],
       [80.],
       [80.],
       [80.],
       [80.],
       [80.],
       [80.],
       [80.],
       [80.],
       [80.],
       [80.],
       [80.],
       [80.],
       [80.],
       [80.],
       [80.],
       [80.],
       [80.],
       [80.],
       [80.],
       [80.],
       [80.],
       [80.],
       [80.],
       [80.],
       [80.],
       [80.],
       [80.],
       [80.],
       [80.],
       [80.],
       [80.],
       [80.],
       [80.],
       [80.],
       [80.],
       [80.],
       [80.],
       [80.],
       [80.],
       [80.],
       [80.],
       [80.],
       [80.],
       [80.],
       [80.],
       [80.],
       [80.],
       [80.],
       [80.],
       [80.],
       [80.],
       [80.],
       [80.],
       [80.],
       [80.],
       [80.],
       [80.],
       [80.],
       [80.],
       [80.],
       [80.],
       [80.],
       [80.],
       [80.],
       [80.],
       [80.],
       [80.],
       [80.],
       [80.],
       [80.],
       [80.],
       [80.],
       [80.],
       [80.],
       [80.],
       [80.],
       [80.],
       [80.],
       [80.],
       [80.],
       [80.],
       [80.],
       [80.],
       [80.],
       [80.],
       [80.],
       [80.],
       [80.],
       [80.],
       [80.],
       [80.],
       [80.],
       [80.],
       [80.],
       [80.],
       [80.],
       [80.],
       [80.],
       [80.],
       [80.],
       [80.],
       [80.],
       [80.],
       [80.],
       [80.],
       [80.],
       [80.],
       [80.],
       [80.],
       [80.],
       [80.],
       [80.],
       [80.],
       [80.],
       [80.],
       [80.],
       [80.],
       [80.],
       [80.],
       [80.],
       [80.],
       [80.],
       [80.],
       [80.],
       [80.],
       [80.],
       [80.],
       [80.],
       [80.],
       [80.],
       [80.],
       [80.],
       [80.],
       [80.],
       [80.],
       [80.],
       [80.],
       [80.],
       [80.],
       [80.],
       [80.],
       [80.],
       [80.],
       [80.],
       [80.],
       [80.],
       [80.],
       [80.],
       [80.],
       [80.],
       [80.],
       [80.],
       [80.]]), 'dt': 0.01, 'N': 400, 'l': 1e-05}","{'Q': 342.10526315789474, 'gbar': 1.0526315789473684, 'T': 10000, 'supervisor': array([[-1.89214982e-17],
       [ 4.44288287e-04],
       [ 8.88576529e-04],
       ...,
       [-1.33286468e-03],
       [-8.88576529e-04],
       [-4.44288287e-04]]), 'BIAS': array([[80.],
       [80.],
       [80.],
       [80.],
       [80.],
       [80.],
       [80.],
       [80.],
       [80.],
       [80.],
       [80.],
       [80.],
       [80.],
       [80.],
       [80.],
       [80.],
       [80.],
       [80.],
       [80.],
       [80.],
       [80.],
       [80.],
       [80.],
       [80.],
       [80.],
       [80.],
       [80.],
       [80.],
       [80.],
       [80.],
       [80.],
       [80.],
       [80.],
       [80.],
       [80.],
       [80.],
       [80.],
       [80.],
       [80.],
       [80.],
       [80.],
       [80.],
       [80.],
       [80.],
       [80.],
       [80.],
       [80.],
       [80.],
       [80.],
       [80.],
       [80.],
       [80.],
       [80.],
       [80.],
       [80.],
       [80.],
       [80.],
       [80.],
       [80.],
       [80.],
       [80.],
       [80.],
       [80.],
       [80.],
       [80.],
       [80.],
       [80.],
       [80.],
       [80.],
       [80.],
       [80.],
       [80.],
       [80.],
       [80.],
       [80.],
       [80.],
       [80.],
       [80.],
       [80.],
       [80.],
       [80.],
       [80.],
       [80.],
       [80.],
       [80.],
       [80.],
       [80.],
       [80.],
       [80.],
       [80.],
       [80.],
       [80.],
       [80.],
       [80.],
       [80.],
       [80.],
       [80.],
       [80.],
       [80.],
       [80.],
       [80.],
       [80.],
       [80.],
       [80.],
       [80.],
       [80.],
       [80.],
       [80.],
       [80.],
       [80.],
       [80.],
       [80.],
       [80.],
       [80.],
       [80.],
       [80.],
       [80.],
       [80.],
       [80.],
       [80.],
       [80.],
       [80.],
       [80.],
       [80.],
       [80.],
       [80.],
       [80.],
       [80.],
       [80.],
       [80.],
       [80.],
       [80.],
       [80.],
       [80.],
       [80.],
       [80.],
       [80.],
       [80.],
       [80.],
       [80.],
       [80.],
       [80.],
       [80.],
       [80.],
       [80.],
       [80.],
       [80.],
       [80.],
       [80.],
       [80.],
       [80.],
       [80.],
       [80.],
       [80.],
       [80.],
       [80.],
       [80.],
       [80.],
       [80.],
       [80.],
       [80.],
       [80.],
       [80.],
       [80.],
       [80.],
       [80.],
       [80.],
       [80.],
       [80.],
       [80.],
       [80.],
       [80.],
       [80.],
       [80.],
       [80.],
       [80.],
       [80.],
       [80.],
       [80.],
       [80.],
       [80.],
       [80.],
       [80.],
       [80.],
       [80.],
       [80.],
       [80.],
       [80.],
       [80.],
       [80.],
       [80.],
       [80.],
       [80.],
       [80.],
       [80.],
       [80.],
       [80.],
       [80.],
       [80.],
       [80.],
       [80.],
       [80.],
       [80.],
       [80.],
       [80.],
       [80.],
       [80.],
       [80.],
       [80.],
       [80.],
       [80.],
       [80.],
       [80.],
       [80.],
       [80.],
       [80.],
       [80.],
       [80.],
       [80.],
       [80.],
       [80.],
       [80.],
       [80.],
       [80.],
       [80.],
       [80.],
       [80.],
       [80.],
       [80.],
       [80.],
       [80.],
       [80.],
       [80.],
       [80.],
       [80.],
       [80.],
       [80.],
       [80.],
       [80.],
       [80.],
       [80.],
       [80.],
       [80.],
       [80.],
       [80.],
       [80.],
       [80.],
       [80.],
       [80.],
       [80.],
       [80.],
       [80.],
       [80.],
       [80.],
       [80.],
       [80.],
       [80.],
       [80.],
       [80.],
       [80.],
       [80.],
       [80.],
       [80.],
       [80.],
       [80.],
       [80.],
       [80.],
       [80.],
       [80.],
       [80.],
       [80.],
       [80.],
       [80.],
       [80.],
       [80.],
       [80.],
       [80.],
       [80.],
       [80.],
       [80.],
       [80.],
       [80.],
       [80.],
       [80.],
       [80.],
       [80.],
       [80.],
       [80.],
       [80.],
       [80.],
       [80.],
       [80.],
       [80.],
       [80.],
       [80.],
       [80.],
       [80.],
       [80.],
       [80.],
       [80.],
       [80.],
       [80.],
       [80.],
       [80.],
       [80.],
       [80.],
       [80.],
       [80.],
       [80.],
       [80.],
       [80.],
       [80.],
       [80.],
       [80.],
       [80.],
       [80.],
       [80.],
       [80.],
       [80.],
       [80.],
       [80.],
       [80.],
       [80.],
       [80.],
       [80.],
       [80.],
       [80.],
       [80.],
       [80.],
       [80.],
       [80.],
       [80.],
       [80.],
       [80.],
       [80.],
       [80.],
       [80.],
       [80.],
       [80.],
       [80.],
       [80.],
       [80.],
       [80.],
       [80.],
       [80.],
       [80.],
       [80.],
       [80.],
       [80.],
       [80.],
       [80.],
       [80.],
       [80.],
       [80.],
       [80.],
       [80.],
       [80.],
       [80.],
       [80.],
       [80.],
       [80.],
       [80.],
       [80.],
       [80.],
       [80.],
       [80.],
       [80.],
       [80.],
       [80.],
       [80.],
       [80.],
       [80.],
       [80.],
       [80.],
       [80.],
       [80.],
       [80.],
       [80.],
       [80.],
       [80.],
       [80.],
       [80.],
       [80.],
       [80.],
       [80.],
       [80.],
       [80.],
       [80.],
       [80.],
       [80.],
       [80.],
       [80.],
       [80.],
       [80.],
       [80.],
       [80.],
       [80.],
       [80.],
       [80.],
       [80.]]), 'dt': 0.01, 'N': 400, 'l': 1e-05}","{'Q': 342.10526315789474, 'gbar': 2.1052631578947367, 'T': 10000, 'supervisor': array([[-1.89214982e-17],
       [ 4.44288287e-04],
       [ 8.88576529e-04],
       ...,
       [-1.33286468e-03],
       [-8.88576529e-04],
       [-4.44288287e-04]]), 'BIAS': array([[80.],
       [80.],
       [80.],
       [80.],
       [80.],
       [80.],
       [80.],
       [80.],
       [80.],
       [80.],
       [80.],
       [80.],
       [80.],
       [80.],
       [80.],
       [80.],
       [80.],
       [80.],
       [80.],
       [80.],
       [80.],
       [80.],
       [80.],
       [80.],
       [80.],
       [80.],
       [80.],
       [80.],
       [80.],
       [80.],
       [80.],
       [80.],
       [80.],
       [80.],
       [80.],
       [80.],
       [80.],
       [80.],
       [80.],
       [80.],
       [80.],
       [80.],
       [80.],
       [80.],
       [80.],
       [80.],
       [80.],
       [80.],
       [80.],
       [80.],
       [80.],
       [80.],
       [80.],
       [80.],
       [80.],
       [80.],
       [80.],
       [80.],
       [80.],
       [80.],
       [80.],
       [80.],
       [80.],
       [80.],
       [80.],
       [80.],
       [80.],
       [80.],
       [80.],
       [80.],
       [80.],
       [80.],
       [80.],
       [80.],
       [80.],
       [80.],
       [80.],
       [80.],
       [80.],
       [80.],
       [80.],
       [80.],
       [80.],
       [80.],
       [80.],
       [80.],
       [80.],
       [80.],
       [80.],
       [80.],
       [80.],
       [80.],
       [80.],
       [80.],
       [80.],
       [80.],
       [80.],
       [80.],
       [80.],
       [80.],
       [80.],
       [80.],
       [80.],
       [80.],
       [80.],
       [80.],
       [80.],
       [80.],
       [80.],
       [80.],
       [80.],
       [80.],
       [80.],
       [80.],
       [80.],
       [80.],
       [80.],
       [80.],
       [80.],
       [80.],
       [80.],
       [80.],
       [80.],
       [80.],
       [80.],
       [80.],
       [80.],
       [80.],
       [80.],
       [80.],
       [80.],
       [80.],
       [80.],
       [80.],
       [80.],
       [80.],
       [80.],
       [80.],
       [80.],
       [80.],
       [80.],
       [80.],
       [80.],
       [80.],
       [80.],
       [80.],
       [80.],
       [80.],
       [80.],
       [80.],
       [80.],
       [80.],
       [80.],
       [80.],
       [80.],
       [80.],
       [80.],
       [80.],
       [80.],
       [80.],
       [80.],
       [80.],
       [80.],
       [80.],
       [80.],
       [80.],
       [80.],
       [80.],
       [80.],
       [80.],
       [80.],
       [80.],
       [80.],
       [80.],
       [80.],
       [80.],
       [80.],
       [80.],
       [80.],
       [80.],
       [80.],
       [80.],
       [80.],
       [80.],
       [80.],
       [80.],
       [80.],
       [80.],
       [80.],
       [80.],
       [80.],
       [80.],
       [80.],
       [80.],
       [80.],
       [80.],
       [80.],
       [80.],
       [80.],
       [80.],
       [80.],
       [80.],
       [80.],
       [80.],
       [80.],
       [80.],
       [80.],
       [80.],
       [80.],
       [80.],
       [80.],
       [80.],
       [80.],
       [80.],
       [80.],
       [80.],
       [80.],
       [80.],
       [80.],
       [80.],
       [80.],
       [80.],
       [80.],
       [80.],
       [80.],
       [80.],
       [80.],
       [80.],
       [80.],
       [80.],
       [80.],
       [80.],
       [80.],
       [80.],
       [80.],
       [80.],
       [80.],
       [80.],
       [80.],
       [80.],
       [80.],
       [80.],
       [80.],
       [80.],
       [80.],
       [80.],
       [80.],
       [80.],
       [80.],
       [80.],
       [80.],
       [80.],
       [80.],
       [80.],
       [80.],
       [80.],
       [80.],
       [80.],
       [80.],
       [80.],
       [80.],
       [80.],
       [80.],
       [80.],
       [80.],
       [80.],
       [80.],
       [80.],
       [80.],
       [80.],
       [80.],
       [80.],
       [80.],
       [80.],
       [80.],
       [80.],
       [80.],
       [80.],
       [80.],
       [80.],
       [80.],
       [80.],
       [80.],
       [80.],
       [80.],
       [80.],
       [80.],
       [80.],
       [80.],
       [80.],
       [80.],
       [80.],
       [80.],
       [80.],
       [80.],
       [80.],
       [80.],
       [80.],
       [80.],
       [80.],
       [80.],
       [80.],
       [80.],
       [80.],
       [80.],
       [80.],
       [80.],
       [80.],
       [80.],
       [80.],
       [80.],
       [80.],
       [80.],
       [80.],
       [80.],
       [80.],
       [80.],
       [80.],
       [80.],
       [80.],
       [80.],
       [80.],
       [80.],
       [80.],
       [80.],
       [80.],
       [80.],
       [80.],
       [80.],
       [80.],
       [80.],
       [80.],
       [80.],
       [80.],
       [80.],
       [80.],
       [80.],
       [80.],
       [80.],
       [80.],
       [80.],
       [80.],
       [80.],
       [80.],
       [80.],
       [80.],
       [80.],
       [80.],
       [80.],
       [80.],
       [80.],
       [80.],
       [80.],
       [80.],
       [80.],
       [80.],
       [80.],
       [80.],
       [80.],
       [80.],
       [80.],
       [80.],
       [80.],
       [80.],
       [80.],
       [80.],
       [80.],
       [80.],
       [80.],
       [80.],
       [80.],
       [80.],
       [80.],
       [80.],
       [80.],
       [80.],
       [80.],
       [80.],
       [80.],
       [80.],
       [80.],
       [80.],
       [80.],
       [80.],
       [80.],
       [80.],
       [80.],
       [80.],
       [80.],
       [80.],
       [80.],
       [80.],
       [80.],
       [80.],
       [80.],
       [80.],
       [80.],
       [80.],
       [80.],
       [80.]]), 'dt': 0.01, 'N': 400, 'l': 1e-05}","{'Q': 342.10526315789474, 'gbar': 3.1578947368421053, 'T': 10000, 'supervisor': array([[-1.89214982e-17],
       [ 4.44288287e-04],
       [ 8.88576529e-04],
       ...,
       [-1.33286468e-03],
       [-8.88576529e-04],
       [-4.44288287e-04]]), 'BIAS': array([[80.],
       [80.],
       [80.],
       [80.],
       [80.],
       [80.],
       [80.],
       [80.],
       [80.],
       [80.],
       [80.],
       [80.],
       [80.],
       [80.],
       [80.],
       [80.],
       [80.],
       [80.],
       [80.],
       [80.],
       [80.],
       [80.],
       [80.],
       [80.],
       [80.],
       [80.],
       [80.],
       [80.],
       [80.],
       [80.],
       [80.],
       [80.],
       [80.],
       [80.],
       [80.],
       [80.],
       [80.],
       [80.],
       [80.],
       [80.],
       [80.],
       [80.],
       [80.],
       [80.],
       [80.],
       [80.],
       [80.],
       [80.],
       [80.],
       [80.],
       [80.],
       [80.],
       [80.],
       [80.],
       [80.],
       [80.],
       [80.],
       [80.],
       [80.],
       [80.],
       [80.],
       [80.],
       [80.],
       [80.],
       [80.],
       [80.],
       [80.],
       [80.],
       [80.],
       [80.],
       [80.],
       [80.],
       [80.],
       [80.],
       [80.],
       [80.],
       [80.],
       [80.],
       [80.],
       [80.],
       [80.],
       [80.],
       [80.],
       [80.],
       [80.],
       [80.],
       [80.],
       [80.],
       [80.],
       [80.],
       [80.],
       [80.],
       [80.],
       [80.],
       [80.],
       [80.],
       [80.],
       [80.],
       [80.],
       [80.],
       [80.],
       [80.],
       [80.],
       [80.],
       [80.],
       [80.],
       [80.],
       [80.],
       [80.],
       [80.],
       [80.],
       [80.],
       [80.],
       [80.],
       [80.],
       [80.],
       [80.],
       [80.],
       [80.],
       [80.],
       [80.],
       [80.],
       [80.],
       [80.],
       [80.],
       [80.],
       [80.],
       [80.],
       [80.],
       [80.],
       [80.],
       [80.],
       [80.],
       [80.],
       [80.],
       [80.],
       [80.],
       [80.],
       [80.],
       [80.],
       [80.],
       [80.],
       [80.],
       [80.],
       [80.],
       [80.],
       [80.],
       [80.],
       [80.],
       [80.],
       [80.],
       [80.],
       [80.],
       [80.],
       [80.],
       [80.],
       [80.],
       [80.],
       [80.],
       [80.],
       [80.],
       [80.],
       [80.],
       [80.],
       [80.],
       [80.],
       [80.],
       [80.],
       [80.],
       [80.],
       [80.],
       [80.],
       [80.],
       [80.],
       [80.],
       [80.],
       [80.],
       [80.],
       [80.],
       [80.],
       [80.],
       [80.],
       [80.],
       [80.],
       [80.],
       [80.],
       [80.],
       [80.],
       [80.],
       [80.],
       [80.],
       [80.],
       [80.],
       [80.],
       [80.],
       [80.],
       [80.],
       [80.],
       [80.],
       [80.],
       [80.],
       [80.],
       [80.],
       [80.],
       [80.],
       [80.],
       [80.],
       [80.],
       [80.],
       [80.],
       [80.],
       [80.],
       [80.],
       [80.],
       [80.],
       [80.],
       [80.],
       [80.],
       [80.],
       [80.],
       [80.],
       [80.],
       [80.],
       [80.],
       [80.],
       [80.],
       [80.],
       [80.],
       [80.],
       [80.],
       [80.],
       [80.],
       [80.],
       [80.],
       [80.],
       [80.],
       [80.],
       [80.],
       [80.],
       [80.],
       [80.],
       [80.],
       [80.],
       [80.],
       [80.],
       [80.],
       [80.],
       [80.],
       [80.],
       [80.],
       [80.],
       [80.],
       [80.],
       [80.],
       [80.],
       [80.],
       [80.],
       [80.],
       [80.],
       [80.],
       [80.],
       [80.],
       [80.],
       [80.],
       [80.],
       [80.],
       [80.],
       [80.],
       [80.],
       [80.],
       [80.],
       [80.],
       [80.],
       [80.],
       [80.],
       [80.],
       [80.],
       [80.],
       [80.],
       [80.],
       [80.],
       [80.],
       [80.],
       [80.],
       [80.],
       [80.],
       [80.],
       [80.],
       [80.],
       [80.],
       [80.],
       [80.],
       [80.],
       [80.],
       [80.],
       [80.],
       [80.],
       [80.],
       [80.],
       [80.],
       [80.],
       [80.],
       [80.],
       [80.],
       [80.],
       [80.],
       [80.],
       [80.],
       [80.],
       [80.],
       [80.],
       [80.],
       [80.],
       [80.],
       [80.],
       [80.],
       [80.],
       [80.],
       [80.],
       [80.],
       [80.],
       [80.],
       [80.],
       [80.],
       [80.],
       [80.],
       [80.],
       [80.],
       [80.],
       [80.],
       [80.],
       [80.],
       [80.],
       [80.],
       [80.],
       [80.],
       [80.],
       [80.],
       [80.],
       [80.],
       [80.],
       [80.],
       [80.],
       [80.],
       [80.],
       [80.],
       [80.],
       [80.],
       [80.],
       [80.],
       [80.],
       [80.],
       [80.],
       [80.],
       [80.],
       [80.],
       [80.],
       [80.],
       [80.],
       [80.],
       [80.],
       [80.],
       [80.],
       [80.],
       [80.],
       [80.],
       [80.],
       [80.],
       [80.],
       [80.],
       [80.],
       [80.],
       [80.],
       [80.],
       [80.],
       [80.],
       [80.],
       [80.],
       [80.],
       [80.],
       [80.],
       [80.],
       [80.],
       [80.],
       [80.],
       [80.],
       [80.],
       [80.],
       [80.],
       [80.],
       [80.],
       [80.],
       [80.],
       [80.],
       [80.],
       [80.],
       [80.],
       [80.],
       [80.],
       [80.]]), 'dt': 0.01, 'N': 400, 'l': 1e-05}","{'Q': 342.10526315789474, 'gbar': 4.2105263157894735, 'T': 10000, 'supervisor': array([[-1.89214982e-17],
       [ 4.44288287e-04],
       [ 8.88576529e-04],
       ...,
       [-1.33286468e-03],
       [-8.88576529e-04],
       [-4.44288287e-04]]), 'BIAS': array([[80.],
       [80.],
       [80.],
       [80.],
       [80.],
       [80.],
       [80.],
       [80.],
       [80.],
       [80.],
       [80.],
       [80.],
       [80.],
       [80.],
       [80.],
       [80.],
       [80.],
       [80.],
       [80.],
       [80.],
       [80.],
       [80.],
       [80.],
       [80.],
       [80.],
       [80.],
       [80.],
       [80.],
       [80.],
       [80.],
       [80.],
       [80.],
       [80.],
       [80.],
       [80.],
       [80.],
       [80.],
       [80.],
       [80.],
       [80.],
       [80.],
       [80.],
       [80.],
       [80.],
       [80.],
       [80.],
       [80.],
       [80.],
       [80.],
       [80.],
       [80.],
       [80.],
       [80.],
       [80.],
       [80.],
       [80.],
       [80.],
       [80.],
       [80.],
       [80.],
       [80.],
       [80.],
       [80.],
       [80.],
       [80.],
       [80.],
       [80.],
       [80.],
       [80.],
       [80.],
       [80.],
       [80.],
       [80.],
       [80.],
       [80.],
       [80.],
       [80.],
       [80.],
       [80.],
       [80.],
       [80.],
       [80.],
       [80.],
       [80.],
       [80.],
       [80.],
       [80.],
       [80.],
       [80.],
       [80.],
       [80.],
       [80.],
       [80.],
       [80.],
       [80.],
       [80.],
       [80.],
       [80.],
       [80.],
       [80.],
       [80.],
       [80.],
       [80.],
       [80.],
       [80.],
       [80.],
       [80.],
       [80.],
       [80.],
       [80.],
       [80.],
       [80.],
       [80.],
       [80.],
       [80.],
       [80.],
       [80.],
       [80.],
       [80.],
       [80.],
       [80.],
       [80.],
       [80.],
       [80.],
       [80.],
       [80.],
       [80.],
       [80.],
       [80.],
       [80.],
       [80.],
       [80.],
       [80.],
       [80.],
       [80.],
       [80.],
       [80.],
       [80.],
       [80.],
       [80.],
       [80.],
       [80.],
       [80.],
       [80.],
       [80.],
       [80.],
       [80.],
       [80.],
       [80.],
       [80.],
       [80.],
       [80.],
       [80.],
       [80.],
       [80.],
       [80.],
       [80.],
       [80.],
       [80.],
       [80.],
       [80.],
       [80.],
       [80.],
       [80.],
       [80.],
       [80.],
       [80.],
       [80.],
       [80.],
       [80.],
       [80.],
       [80.],
       [80.],
       [80.],
       [80.],
       [80.],
       [80.],
       [80.],
       [80.],
       [80.],
       [80.],
       [80.],
       [80.],
       [80.],
       [80.],
       [80.],
       [80.],
       [80.],
       [80.],
       [80.],
       [80.],
       [80.],
       [80.],
       [80.],
       [80.],
       [80.],
       [80.],
       [80.],
       [80.],
       [80.],
       [80.],
       [80.],
       [80.],
       [80.],
       [80.],
       [80.],
       [80.],
       [80.],
       [80.],
       [80.],
       [80.],
       [80.],
       [80.],
       [80.],
       [80.],
       [80.],
       [80.],
       [80.],
       [80.],
       [80.],
       [80.],
       [80.],
       [80.],
       [80.],
       [80.],
       [80.],
       [80.],
       [80.],
       [80.],
       [80.],
       [80.],
       [80.],
       [80.],
       [80.],
       [80.],
       [80.],
       [80.],
       [80.],
       [80.],
       [80.],
       [80.],
       [80.],
       [80.],
       [80.],
       [80.],
       [80.],
       [80.],
       [80.],
       [80.],
       [80.],
       [80.],
       [80.],
       [80.],
       [80.],
       [80.],
       [80.],
       [80.],
       [80.],
       [80.],
       [80.],
       [80.],
       [80.],
       [80.],
       [80.],
       [80.],
       [80.],
       [80.],
       [80.],
       [80.],
       [80.],
       [80.],
       [80.],
       [80.],
       [80.],
       [80.],
       [80.],
       [80.],
       [80.],
       [80.],
       [80.],
       [80.],
       [80.],
       [80.],
       [80.],
       [80.],
       [80.],
       [80.],
       [80.],
       [80.],
       [80.],
       [80.],
       [80.],
       [80.],
       [80.],
       [80.],
       [80.],
       [80.],
       [80.],
       [80.],
       [80.],
       [80.],
       [80.],
       [80.],
       [80.],
       [80.],
       [80.],
       [80.],
       [80.],
       [80.],
       [80.],
       [80.],
       [80.],
       [80.],
       [80.],
       [80.],
       [80.],
       [80.],
       [80.],
       [80.],
       [80.],
       [80.],
       [80.],
       [80.],
       [80.],
       [80.],
       [80.],
       [80.],
       [80.],
       [80.],
       [80.],
       [80.],
       [80.],
       [80.],
       [80.],
       [80.],
       [80.],
       [80.],
       [80.],
       [80.],
       [80.],
       [80.],
       [80.],
       [80.],
       [80.],
       [80.],
       [80.],
       [80.],
       [80.],
       [80.],
       [80.],
       [80.],
       [80.],
       [80.],
       [80.],
       [80.],
       [80.],
       [80.],
       [80.],
       [80.],
       [80.],
       [80.],
       [80.],
       [80.],
       [80.],
       [80.],
       [80.],
       [80.],
       [80.],
       [80.],
       [80.],
       [80.],
       [80.],
       [80.],
       [80.],
       [80.],
       [80.],
       [80.],
       [80.],
       [80.],
       [80.],
       [80.],
       [80.],
       [80.],
       [80.],
       [80.],
       [80.],
       [80.],
       [80.],
       [80.],
       [80.],
       [80.],
       [80.],
       [80.],
       [80.],
       [80.],
       [80.],
       [80.],
       [80.],
       [80.],
       [80.]]), 'dt': 0.01, 'N': 400, 'l': 1e-05}","{'Q': 342.10526315789474, 'gbar': 5.263157894736842, 'T': 10000, 'supervisor': array([[-1.89214982e-17],
       [ 4.44288287e-04],
       [ 8.88576529e-04],
       ...,
       [-1.33286468e-03],
       [-8.88576529e-04],
       [-4.44288287e-04]]), 'BIAS': array([[80.],
       [80.],
       [80.],
       [80.],
       [80.],
       [80.],
       [80.],
       [80.],
       [80.],
       [80.],
       [80.],
       [80.],
       [80.],
       [80.],
       [80.],
       [80.],
       [80.],
       [80.],
       [80.],
       [80.],
       [80.],
       [80.],
       [80.],
       [80.],
       [80.],
       [80.],
       [80.],
       [80.],
       [80.],
       [80.],
       [80.],
       [80.],
       [80.],
       [80.],
       [80.],
       [80.],
       [80.],
       [80.],
       [80.],
       [80.],
       [80.],
       [80.],
       [80.],
       [80.],
       [80.],
       [80.],
       [80.],
       [80.],
       [80.],
       [80.],
       [80.],
       [80.],
       [80.],
       [80.],
       [80.],
       [80.],
       [80.],
       [80.],
       [80.],
       [80.],
       [80.],
       [80.],
       [80.],
       [80.],
       [80.],
       [80.],
       [80.],
       [80.],
       [80.],
       [80.],
       [80.],
       [80.],
       [80.],
       [80.],
       [80.],
       [80.],
       [80.],
       [80.],
       [80.],
       [80.],
       [80.],
       [80.],
       [80.],
       [80.],
       [80.],
       [80.],
       [80.],
       [80.],
       [80.],
       [80.],
       [80.],
       [80.],
       [80.],
       [80.],
       [80.],
       [80.],
       [80.],
       [80.],
       [80.],
       [80.],
       [80.],
       [80.],
       [80.],
       [80.],
       [80.],
       [80.],
       [80.],
       [80.],
       [80.],
       [80.],
       [80.],
       [80.],
       [80.],
       [80.],
       [80.],
       [80.],
       [80.],
       [80.],
       [80.],
       [80.],
       [80.],
       [80.],
       [80.],
       [80.],
       [80.],
       [80.],
       [80.],
       [80.],
       [80.],
       [80.],
       [80.],
       [80.],
       [80.],
       [80.],
       [80.],
       [80.],
       [80.],
       [80.],
       [80.],
       [80.],
       [80.],
       [80.],
       [80.],
       [80.],
       [80.],
       [80.],
       [80.],
       [80.],
       [80.],
       [80.],
       [80.],
       [80.],
       [80.],
       [80.],
       [80.],
       [80.],
       [80.],
       [80.],
       [80.],
       [80.],
       [80.],
       [80.],
       [80.],
       [80.],
       [80.],
       [80.],
       [80.],
       [80.],
       [80.],
       [80.],
       [80.],
       [80.],
       [80.],
       [80.],
       [80.],
       [80.],
       [80.],
       [80.],
       [80.],
       [80.],
       [80.],
       [80.],
       [80.],
       [80.],
       [80.],
       [80.],
       [80.],
       [80.],
       [80.],
       [80.],
       [80.],
       [80.],
       [80.],
       [80.],
       [80.],
       [80.],
       [80.],
       [80.],
       [80.],
       [80.],
       [80.],
       [80.],
       [80.],
       [80.],
       [80.],
       [80.],
       [80.],
       [80.],
       [80.],
       [80.],
       [80.],
       [80.],
       [80.],
       [80.],
       [80.],
       [80.],
       [80.],
       [80.],
       [80.],
       [80.],
       [80.],
       [80.],
       [80.],
       [80.],
       [80.],
       [80.],
       [80.],
       [80.],
       [80.],
       [80.],
       [80.],
       [80.],
       [80.],
       [80.],
       [80.],
       [80.],
       [80.],
       [80.],
       [80.],
       [80.],
       [80.],
       [80.],
       [80.],
       [80.],
       [80.],
       [80.],
       [80.],
       [80.],
       [80.],
       [80.],
       [80.],
       [80.],
       [80.],
       [80.],
       [80.],
       [80.],
       [80.],
       [80.],
       [80.],
       [80.],
       [80.],
       [80.],
       [80.],
       [80.],
       [80.],
       [80.],
       [80.],
       [80.],
       [80.],
       [80.],
       [80.],
       [80.],
       [80.],
       [80.],
       [80.],
       [80.],
       [80.],
       [80.],
       [80.],
       [80.],
       [80.],
       [80.],
       [80.],
       [80.],
       [80.],
       [80.],
       [80.],
       [80.],
       [80.],
       [80.],
       [80.],
       [80.],
       [80.],
       [80.],
       [80.],
       [80.],
       [80.],
       [80.],
       [80.],
       [80.],
       [80.],
       [80.],
       [80.],
       [80.],
       [80.],
       [80.],
       [80.],
       [80.],
       [80.],
       [80.],
       [80.],
       [80.],
       [80.],
       [80.],
       [80.],
       [80.],
       [80.],
       [80.],
       [80.],
       [80.],
       [80.],
       [80.],
       [80.],
       [80.],
       [80.],
       [80.],
       [80.],
       [80.],
       [80.],
       [80.],
       [80.],
       [80.],
       [80.],
       [80.],
       [80.],
       [80.],
       [80.],
       [80.],
       [80.],
       [80.],
       [80.],
       [80.],
       [80.],
       [80.],
       [80.],
       [80.],
       [80.],
       [80.],
       [80.],
       [80.],
       [80.],
       [80.],
       [80.],
       [80.],
       [80.],
       [80.],
       [80.],
       [80.],
       [80.],
       [80.],
       [80.],
       [80.],
       [80.],
       [80.],
       [80.],
       [80.],
       [80.],
       [80.],
       [80.],
       [80.],
       [80.],
       [80.],
       [80.],
       [80.],
       [80.],
       [80.],
       [80.],
       [80.],
       [80.],
       [80.],
       [80.],
       [80.],
       [80.],
       [80.],
       [80.],
       [80.],
       [80.],
       [80.],
       [80.],
       [80.],
       [80.],
       [80.],
       [80.],
       [80.],
       [80.],
       [80.],
       [80.],
       [80.],
       [80.],
       [80.]]), 'dt': 0.01, 'N': 400, 'l': 1e-05}","{'Q': 342.10526315789474, 'gbar': 6.315789473684211, 'T': 10000, 'supervisor': array([[-1.89214982e-17],
       [ 4.44288287e-04],
       [ 8.88576529e-04],
       ...,
       [-1.33286468e-03],
       [-8.88576529e-04],
       [-4.44288287e-04]]), 'BIAS': array([[80.],
       [80.],
       [80.],
       [80.],
       [80.],
       [80.],
       [80.],
       [80.],
       [80.],
       [80.],
       [80.],
       [80.],
       [80.],
       [80.],
       [80.],
       [80.],
       [80.],
       [80.],
       [80.],
       [80.],
       [80.],
       [80.],
       [80.],
       [80.],
       [80.],
       [80.],
       [80.],
       [80.],
       [80.],
       [80.],
       [80.],
       [80.],
       [80.],
       [80.],
       [80.],
       [80.],
       [80.],
       [80.],
       [80.],
       [80.],
       [80.],
       [80.],
       [80.],
       [80.],
       [80.],
       [80.],
       [80.],
       [80.],
       [80.],
       [80.],
       [80.],
       [80.],
       [80.],
       [80.],
       [80.],
       [80.],
       [80.],
       [80.],
       [80.],
       [80.],
       [80.],
       [80.],
       [80.],
       [80.],
       [80.],
       [80.],
       [80.],
       [80.],
       [80.],
       [80.],
       [80.],
       [80.],
       [80.],
       [80.],
       [80.],
       [80.],
       [80.],
       [80.],
       [80.],
       [80.],
       [80.],
       [80.],
       [80.],
       [80.],
       [80.],
       [80.],
       [80.],
       [80.],
       [80.],
       [80.],
       [80.],
       [80.],
       [80.],
       [80.],
       [80.],
       [80.],
       [80.],
       [80.],
       [80.],
       [80.],
       [80.],
       [80.],
       [80.],
       [80.],
       [80.],
       [80.],
       [80.],
       [80.],
       [80.],
       [80.],
       [80.],
       [80.],
       [80.],
       [80.],
       [80.],
       [80.],
       [80.],
       [80.],
       [80.],
       [80.],
       [80.],
       [80.],
       [80.],
       [80.],
       [80.],
       [80.],
       [80.],
       [80.],
       [80.],
       [80.],
       [80.],
       [80.],
       [80.],
       [80.],
       [80.],
       [80.],
       [80.],
       [80.],
       [80.],
       [80.],
       [80.],
       [80.],
       [80.],
       [80.],
       [80.],
       [80.],
       [80.],
       [80.],
       [80.],
       [80.],
       [80.],
       [80.],
       [80.],
       [80.],
       [80.],
       [80.],
       [80.],
       [80.],
       [80.],
       [80.],
       [80.],
       [80.],
       [80.],
       [80.],
       [80.],
       [80.],
       [80.],
       [80.],
       [80.],
       [80.],
       [80.],
       [80.],
       [80.],
       [80.],
       [80.],
       [80.],
       [80.],
       [80.],
       [80.],
       [80.],
       [80.],
       [80.],
       [80.],
       [80.],
       [80.],
       [80.],
       [80.],
       [80.],
       [80.],
       [80.],
       [80.],
       [80.],
       [80.],
       [80.],
       [80.],
       [80.],
       [80.],
       [80.],
       [80.],
       [80.],
       [80.],
       [80.],
       [80.],
       [80.],
       [80.],
       [80.],
       [80.],
       [80.],
       [80.],
       [80.],
       [80.],
       [80.],
       [80.],
       [80.],
       [80.],
       [80.],
       [80.],
       [80.],
       [80.],
       [80.],
       [80.],
       [80.],
       [80.],
       [80.],
       [80.],
       [80.],
       [80.],
       [80.],
       [80.],
       [80.],
       [80.],
       [80.],
       [80.],
       [80.],
       [80.],
       [80.],
       [80.],
       [80.],
       [80.],
       [80.],
       [80.],
       [80.],
       [80.],
       [80.],
       [80.],
       [80.],
       [80.],
       [80.],
       [80.],
       [80.],
       [80.],
       [80.],
       [80.],
       [80.],
       [80.],
       [80.],
       [80.],
       [80.],
       [80.],
       [80.],
       [80.],
       [80.],
       [80.],
       [80.],
       [80.],
       [80.],
       [80.],
       [80.],
       [80.],
       [80.],
       [80.],
       [80.],
       [80.],
       [80.],
       [80.],
       [80.],
       [80.],
       [80.],
       [80.],
       [80.],
       [80.],
       [80.],
       [80.],
       [80.],
       [80.],
       [80.],
       [80.],
       [80.],
       [80.],
       [80.],
       [80.],
       [80.],
       [80.],
       [80.],
       [80.],
       [80.],
       [80.],
       [80.],
       [80.],
       [80.],
       [80.],
       [80.],
       [80.],
       [80.],
       [80.],
       [80.],
       [80.],
       [80.],
       [80.],
       [80.],
       [80.],
       [80.],
       [80.],
       [80.],
       [80.],
       [80.],
       [80.],
       [80.],
       [80.],
       [80.],
       [80.],
       [80.],
       [80.],
       [80.],
       [80.],
       [80.],
       [80.],
       [80.],
       [80.],
       [80.],
       [80.],
       [80.],
       [80.],
       [80.],
       [80.],
       [80.],
       [80.],
       [80.],
       [80.],
       [80.],
       [80.],
       [80.],
       [80.],
       [80.],
       [80.],
       [80.],
       [80.],
       [80.],
       [80.],
       [80.],
       [80.],
       [80.],
       [80.],
       [80.],
       [80.],
       [80.],
       [80.],
       [80.],
       [80.],
       [80.],
       [80.],
       [80.],
       [80.],
       [80.],
       [80.],
       [80.],
       [80.],
       [80.],
       [80.],
       [80.],
       [80.],
       [80.],
       [80.],
       [80.],
       [80.],
       [80.],
       [80.],
       [80.],
       [80.],
       [80.],
       [80.],
       [80.],
       [80.],
       [80.],
       [80.],
       [80.],
       [80.],
       [80.],
       [80.],
       [80.],
       [80.],
       [80.],
       [80.],
       [80.],
       [80.],
       [80.],
       [80.],
       [80.],
       [80.],
       [80.]]), 'dt': 0.01, 'N': 400, 'l': 1e-05}","{'Q': 342.10526315789474, 'gbar': 7.368421052631579, 'T': 10000, 'supervisor': array([[-1.89214982e-17],
       [ 4.44288287e-04],
       [ 8.88576529e-04],
       ...,
       [-1.33286468e-03],
       [-8.88576529e-04],
       [-4.44288287e-04]]), 'BIAS': array([[80.],
       [80.],
       [80.],
       [80.],
       [80.],
       [80.],
       [80.],
       [80.],
       [80.],
       [80.],
       [80.],
       [80.],
       [80.],
       [80.],
       [80.],
       [80.],
       [80.],
       [80.],
       [80.],
       [80.],
       [80.],
       [80.],
       [80.],
       [80.],
       [80.],
       [80.],
       [80.],
       [80.],
       [80.],
       [80.],
       [80.],
       [80.],
       [80.],
       [80.],
       [80.],
       [80.],
       [80.],
       [80.],
       [80.],
       [80.],
       [80.],
       [80.],
       [80.],
       [80.],
       [80.],
       [80.],
       [80.],
       [80.],
       [80.],
       [80.],
       [80.],
       [80.],
       [80.],
       [80.],
       [80.],
       [80.],
       [80.],
       [80.],
       [80.],
       [80.],
       [80.],
       [80.],
       [80.],
       [80.],
       [80.],
       [80.],
       [80.],
       [80.],
       [80.],
       [80.],
       [80.],
       [80.],
       [80.],
       [80.],
       [80.],
       [80.],
       [80.],
       [80.],
       [80.],
       [80.],
       [80.],
       [80.],
       [80.],
       [80.],
       [80.],
       [80.],
       [80.],
       [80.],
       [80.],
       [80.],
       [80.],
       [80.],
       [80.],
       [80.],
       [80.],
       [80.],
       [80.],
       [80.],
       [80.],
       [80.],
       [80.],
       [80.],
       [80.],
       [80.],
       [80.],
       [80.],
       [80.],
       [80.],
       [80.],
       [80.],
       [80.],
       [80.],
       [80.],
       [80.],
       [80.],
       [80.],
       [80.],
       [80.],
       [80.],
       [80.],
       [80.],
       [80.],
       [80.],
       [80.],
       [80.],
       [80.],
       [80.],
       [80.],
       [80.],
       [80.],
       [80.],
       [80.],
       [80.],
       [80.],
       [80.],
       [80.],
       [80.],
       [80.],
       [80.],
       [80.],
       [80.],
       [80.],
       [80.],
       [80.],
       [80.],
       [80.],
       [80.],
       [80.],
       [80.],
       [80.],
       [80.],
       [80.],
       [80.],
       [80.],
       [80.],
       [80.],
       [80.],
       [80.],
       [80.],
       [80.],
       [80.],
       [80.],
       [80.],
       [80.],
       [80.],
       [80.],
       [80.],
       [80.],
       [80.],
       [80.],
       [80.],
       [80.],
       [80.],
       [80.],
       [80.],
       [80.],
       [80.],
       [80.],
       [80.],
       [80.],
       [80.],
       [80.],
       [80.],
       [80.],
       [80.],
       [80.],
       [80.],
       [80.],
       [80.],
       [80.],
       [80.],
       [80.],
       [80.],
       [80.],
       [80.],
       [80.],
       [80.],
       [80.],
       [80.],
       [80.],
       [80.],
       [80.],
       [80.],
       [80.],
       [80.],
       [80.],
       [80.],
       [80.],
       [80.],
       [80.],
       [80.],
       [80.],
       [80.],
       [80.],
       [80.],
       [80.],
       [80.],
       [80.],
       [80.],
       [80.],
       [80.],
       [80.],
       [80.],
       [80.],
       [80.],
       [80.],
       [80.],
       [80.],
       [80.],
       [80.],
       [80.],
       [80.],
       [80.],
       [80.],
       [80.],
       [80.],
       [80.],
       [80.],
       [80.],
       [80.],
       [80.],
       [80.],
       [80.],
       [80.],
       [80.],
       [80.],
       [80.],
       [80.],
       [80.],
       [80.],
       [80.],
       [80.],
       [80.],
       [80.],
       [80.],
       [80.],
       [80.],
       [80.],
       [80.],
       [80.],
       [80.],
       [80.],
       [80.],
       [80.],
       [80.],
       [80.],
       [80.],
       [80.],
       [80.],
       [80.],
       [80.],
       [80.],
       [80.],
       [80.],
       [80.],
       [80.],
       [80.],
       [80.],
       [80.],
       [80.],
       [80.],
       [80.],
       [80.],
       [80.],
       [80.],
       [80.],
       [80.],
       [80.],
       [80.],
       [80.],
       [80.],
       [80.],
       [80.],
       [80.],
       [80.],
       [80.],
       [80.],
       [80.],
       [80.],
       [80.],
       [80.],
       [80.],
       [80.],
       [80.],
       [80.],
       [80.],
       [80.],
       [80.],
       [80.],
       [80.],
       [80.],
       [80.],
       [80.],
       [80.],
       [80.],
       [80.],
       [80.],
       [80.],
       [80.],
       [80.],
       [80.],
       [80.],
       [80.],
       [80.],
       [80.],
       [80.],
       [80.],
       [80.],
       [80.],
       [80.],
       [80.],
       [80.],
       [80.],
       [80.],
       [80.],
       [80.],
       [80.],
       [80.],
       [80.],
       [80.],
       [80.],
       [80.],
       [80.],
       [80.],
       [80.],
       [80.],
       [80.],
       [80.],
       [80.],
       [80.],
       [80.],
       [80.],
       [80.],
       [80.],
       [80.],
       [80.],
       [80.],
       [80.],
       [80.],
       [80.],
       [80.],
       [80.],
       [80.],
       [80.],
       [80.],
       [80.],
       [80.],
       [80.],
       [80.],
       [80.],
       [80.],
       [80.],
       [80.],
       [80.],
       [80.],
       [80.],
       [80.],
       [80.],
       [80.],
       [80.],
       [80.],
       [80.],
       [80.],
       [80.],
       [80.],
       [80.],
       [80.],
       [80.],
       [80.],
       [80.],
       [80.],
       [80.],
       [80.],
       [80.],
       [80.],
       [80.],
       [80.],
       [80.],
       [80.],
       [80.]]), 'dt': 0.01, 'N': 400, 'l': 1e-05}","{'Q': 342.10526315789474, 'gbar': 8.421052631578947, 'T': 10000, 'supervisor': array([[-1.89214982e-17],
       [ 4.44288287e-04],
       [ 8.88576529e-04],
       ...,
       [-1.33286468e-03],
       [-8.88576529e-04],
       [-4.44288287e-04]]), 'BIAS': array([[80.],
       [80.],
       [80.],
       [80.],
       [80.],
       [80.],
       [80.],
       [80.],
       [80.],
       [80.],
       [80.],
       [80.],
       [80.],
       [80.],
       [80.],
       [80.],
       [80.],
       [80.],
       [80.],
       [80.],
       [80.],
       [80.],
       [80.],
       [80.],
       [80.],
       [80.],
       [80.],
       [80.],
       [80.],
       [80.],
       [80.],
       [80.],
       [80.],
       [80.],
       [80.],
       [80.],
       [80.],
       [80.],
       [80.],
       [80.],
       [80.],
       [80.],
       [80.],
       [80.],
       [80.],
       [80.],
       [80.],
       [80.],
       [80.],
       [80.],
       [80.],
       [80.],
       [80.],
       [80.],
       [80.],
       [80.],
       [80.],
       [80.],
       [80.],
       [80.],
       [80.],
       [80.],
       [80.],
       [80.],
       [80.],
       [80.],
       [80.],
       [80.],
       [80.],
       [80.],
       [80.],
       [80.],
       [80.],
       [80.],
       [80.],
       [80.],
       [80.],
       [80.],
       [80.],
       [80.],
       [80.],
       [80.],
       [80.],
       [80.],
       [80.],
       [80.],
       [80.],
       [80.],
       [80.],
       [80.],
       [80.],
       [80.],
       [80.],
       [80.],
       [80.],
       [80.],
       [80.],
       [80.],
       [80.],
       [80.],
       [80.],
       [80.],
       [80.],
       [80.],
       [80.],
       [80.],
       [80.],
       [80.],
       [80.],
       [80.],
       [80.],
       [80.],
       [80.],
       [80.],
       [80.],
       [80.],
       [80.],
       [80.],
       [80.],
       [80.],
       [80.],
       [80.],
       [80.],
       [80.],
       [80.],
       [80.],
       [80.],
       [80.],
       [80.],
       [80.],
       [80.],
       [80.],
       [80.],
       [80.],
       [80.],
       [80.],
       [80.],
       [80.],
       [80.],
       [80.],
       [80.],
       [80.],
       [80.],
       [80.],
       [80.],
       [80.],
       [80.],
       [80.],
       [80.],
       [80.],
       [80.],
       [80.],
       [80.],
       [80.],
       [80.],
       [80.],
       [80.],
       [80.],
       [80.],
       [80.],
       [80.],
       [80.],
       [80.],
       [80.],
       [80.],
       [80.],
       [80.],
       [80.],
       [80.],
       [80.],
       [80.],
       [80.],
       [80.],
       [80.],
       [80.],
       [80.],
       [80.],
       [80.],
       [80.],
       [80.],
       [80.],
       [80.],
       [80.],
       [80.],
       [80.],
       [80.],
       [80.],
       [80.],
       [80.],
       [80.],
       [80.],
       [80.],
       [80.],
       [80.],
       [80.],
       [80.],
       [80.],
       [80.],
       [80.],
       [80.],
       [80.],
       [80.],
       [80.],
       [80.],
       [80.],
       [80.],
       [80.],
       [80.],
       [80.],
       [80.],
       [80.],
       [80.],
       [80.],
       [80.],
       [80.],
       [80.],
       [80.],
       [80.],
       [80.],
       [80.],
       [80.],
       [80.],
       [80.],
       [80.],
       [80.],
       [80.],
       [80.],
       [80.],
       [80.],
       [80.],
       [80.],
       [80.],
       [80.],
       [80.],
       [80.],
       [80.],
       [80.],
       [80.],
       [80.],
       [80.],
       [80.],
       [80.],
       [80.],
       [80.],
       [80.],
       [80.],
       [80.],
       [80.],
       [80.],
       [80.],
       [80.],
       [80.],
       [80.],
       [80.],
       [80.],
       [80.],
       [80.],
       [80.],
       [80.],
       [80.],
       [80.],
       [80.],
       [80.],
       [80.],
       [80.],
       [80.],
       [80.],
       [80.],
       [80.],
       [80.],
       [80.],
       [80.],
       [80.],
       [80.],
       [80.],
       [80.],
       [80.],
       [80.],
       [80.],
       [80.],
       [80.],
       [80.],
       [80.],
       [80.],
       [80.],
       [80.],
       [80.],
       [80.],
       [80.],
       [80.],
       [80.],
       [80.],
       [80.],
       [80.],
       [80.],
       [80.],
       [80.],
       [80.],
       [80.],
       [80.],
       [80.],
       [80.],
       [80.],
       [80.],
       [80.],
       [80.],
       [80.],
       [80.],
       [80.],
       [80.],
       [80.],
       [80.],
       [80.],
       [80.],
       [80.],
       [80.],
       [80.],
       [80.],
       [80.],
       [80.],
       [80.],
       [80.],
       [80.],
       [80.],
       [80.],
       [80.],
       [80.],
       [80.],
       [80.],
       [80.],
       [80.],
       [80.],
       [80.],
       [80.],
       [80.],
       [80.],
       [80.],
       [80.],
       [80.],
       [80.],
       [80.],
       [80.],
       [80.],
       [80.],
       [80.],
       [80.],
       [80.],
       [80.],
       [80.],
       [80.],
       [80.],
       [80.],
       [80.],
       [80.],
       [80.],
       [80.],
       [80.],
       [80.],
       [80.],
       [80.],
       [80.],
       [80.],
       [80.],
       [80.],
       [80.],
       [80.],
       [80.],
       [80.],
       [80.],
       [80.],
       [80.],
       [80.],
       [80.],
       [80.],
       [80.],
       [80.],
       [80.],
       [80.],
       [80.],
       [80.],
       [80.],
       [80.],
       [80.],
       [80.],
       [80.],
       [80.],
       [80.],
       [80.],
       [80.],
       [80.],
       [80.],
       [80.],
       [80.],
       [80.],
       [80.],
       [80.],
       [80.],
       [80.],
       [80.],
       [80.]]), 'dt': 0.01, 'N': 400, 'l': 1e-05}","{'Q': 342.10526315789474, 'gbar': 9.473684210526315, 'T': 10000, 'supervisor': array([[-1.89214982e-17],
       [ 4.44288287e-04],
       [ 8.88576529e-04],
       ...,
       [-1.33286468e-03],
       [-8.88576529e-04],
       [-4.44288287e-04]]), 'BIAS': array([[80.],
       [80.],
       [80.],
       [80.],
       [80.],
       [80.],
       [80.],
       [80.],
       [80.],
       [80.],
       [80.],
       [80.],
       [80.],
       [80.],
       [80.],
       [80.],
       [80.],
       [80.],
       [80.],
       [80.],
       [80.],
       [80.],
       [80.],
       [80.],
       [80.],
       [80.],
       [80.],
       [80.],
       [80.],
       [80.],
       [80.],
       [80.],
       [80.],
       [80.],
       [80.],
       [80.],
       [80.],
       [80.],
       [80.],
       [80.],
       [80.],
       [80.],
       [80.],
       [80.],
       [80.],
       [80.],
       [80.],
       [80.],
       [80.],
       [80.],
       [80.],
       [80.],
       [80.],
       [80.],
       [80.],
       [80.],
       [80.],
       [80.],
       [80.],
       [80.],
       [80.],
       [80.],
       [80.],
       [80.],
       [80.],
       [80.],
       [80.],
       [80.],
       [80.],
       [80.],
       [80.],
       [80.],
       [80.],
       [80.],
       [80.],
       [80.],
       [80.],
       [80.],
       [80.],
       [80.],
       [80.],
       [80.],
       [80.],
       [80.],
       [80.],
       [80.],
       [80.],
       [80.],
       [80.],
       [80.],
       [80.],
       [80.],
       [80.],
       [80.],
       [80.],
       [80.],
       [80.],
       [80.],
       [80.],
       [80.],
       [80.],
       [80.],
       [80.],
       [80.],
       [80.],
       [80.],
       [80.],
       [80.],
       [80.],
       [80.],
       [80.],
       [80.],
       [80.],
       [80.],
       [80.],
       [80.],
       [80.],
       [80.],
       [80.],
       [80.],
       [80.],
       [80.],
       [80.],
       [80.],
       [80.],
       [80.],
       [80.],
       [80.],
       [80.],
       [80.],
       [80.],
       [80.],
       [80.],
       [80.],
       [80.],
       [80.],
       [80.],
       [80.],
       [80.],
       [80.],
       [80.],
       [80.],
       [80.],
       [80.],
       [80.],
       [80.],
       [80.],
       [80.],
       [80.],
       [80.],
       [80.],
       [80.],
       [80.],
       [80.],
       [80.],
       [80.],
       [80.],
       [80.],
       [80.],
       [80.],
       [80.],
       [80.],
       [80.],
       [80.],
       [80.],
       [80.],
       [80.],
       [80.],
       [80.],
       [80.],
       [80.],
       [80.],
       [80.],
       [80.],
       [80.],
       [80.],
       [80.],
       [80.],
       [80.],
       [80.],
       [80.],
       [80.],
       [80.],
       [80.],
       [80.],
       [80.],
       [80.],
       [80.],
       [80.],
       [80.],
       [80.],
       [80.],
       [80.],
       [80.],
       [80.],
       [80.],
       [80.],
       [80.],
       [80.],
       [80.],
       [80.],
       [80.],
       [80.],
       [80.],
       [80.],
       [80.],
       [80.],
       [80.],
       [80.],
       [80.],
       [80.],
       [80.],
       [80.],
       [80.],
       [80.],
       [80.],
       [80.],
       [80.],
       [80.],
       [80.],
       [80.],
       [80.],
       [80.],
       [80.],
       [80.],
       [80.],
       [80.],
       [80.],
       [80.],
       [80.],
       [80.],
       [80.],
       [80.],
       [80.],
       [80.],
       [80.],
       [80.],
       [80.],
       [80.],
       [80.],
       [80.],
       [80.],
       [80.],
       [80.],
       [80.],
       [80.],
       [80.],
       [80.],
       [80.],
       [80.],
       [80.],
       [80.],
       [80.],
       [80.],
       [80.],
       [80.],
       [80.],
       [80.],
       [80.],
       [80.],
       [80.],
       [80.],
       [80.],
       [80.],
       [80.],
       [80.],
       [80.],
       [80.],
       [80.],
       [80.],
       [80.],
       [80.],
       [80.],
       [80.],
       [80.],
       [80.],
       [80.],
       [80.],
       [80.],
       [80.],
       [80.],
       [80.],
       [80.],
       [80.],
       [80.],
       [80.],
       [80.],
       [80.],
       [80.],
       [80.],
       [80.],
       [80.],
       [80.],
       [80.],
       [80.],
       [80.],
       [80.],
       [80.],
       [80.],
       [80.],
       [80.],
       [80.],
       [80.],
       [80.],
       [80.],
       [80.],
       [80.],
       [80.],
       [80.],
       [80.],
       [80.],
       [80.],
       [80.],
       [80.],
       [80.],
       [80.],
       [80.],
       [80.],
       [80.],
       [80.],
       [80.],
       [80.],
       [80.],
       [80.],
       [80.],
       [80.],
       [80.],
       [80.],
       [80.],
       [80.],
       [80.],
       [80.],
       [80.],
       [80.],
       [80.],
       [80.],
       [80.],
       [80.],
       [80.],
       [80.],
       [80.],
       [80.],
       [80.],
       [80.],
       [80.],
       [80.],
       [80.],
       [80.],
       [80.],
       [80.],
       [80.],
       [80.],
       [80.],
       [80.],
       [80.],
       [80.],
       [80.],
       [80.],
       [80.],
       [80.],
       [80.],
       [80.],
       [80.],
       [80.],
       [80.],
       [80.],
       [80.],
       [80.],
       [80.],
       [80.],
       [80.],
       [80.],
       [80.],
       [80.],
       [80.],
       [80.],
       [80.],
       [80.],
       [80.],
       [80.],
       [80.],
       [80.],
       [80.],
       [80.],
       [80.],
       [80.],
       [80.],
       [80.],
       [80.],
       [80.],
       [80.],
       [80.],
       [80.],
       [80.],
       [80.],
       [80.],
       [80.],
       [80.],
       [80.],
       [80.]]), 'dt': 0.01, 'N': 400, 'l': 1e-05}","{'Q': 342.10526315789474, 'gbar': 10.526315789473683, 'T': 10000, 'supervisor': array([[-1.89214982e-17],
       [ 4.44288287e-04],
       [ 8.88576529e-04],
       ...,
       [-1.33286468e-03],
       [-8.88576529e-04],
       [-4.44288287e-04]]), 'BIAS': array([[80.],
       [80.],
       [80.],
       [80.],
       [80.],
       [80.],
       [80.],
       [80.],
       [80.],
       [80.],
       [80.],
       [80.],
       [80.],
       [80.],
       [80.],
       [80.],
       [80.],
       [80.],
       [80.],
       [80.],
       [80.],
       [80.],
       [80.],
       [80.],
       [80.],
       [80.],
       [80.],
       [80.],
       [80.],
       [80.],
       [80.],
       [80.],
       [80.],
       [80.],
       [80.],
       [80.],
       [80.],
       [80.],
       [80.],
       [80.],
       [80.],
       [80.],
       [80.],
       [80.],
       [80.],
       [80.],
       [80.],
       [80.],
       [80.],
       [80.],
       [80.],
       [80.],
       [80.],
       [80.],
       [80.],
       [80.],
       [80.],
       [80.],
       [80.],
       [80.],
       [80.],
       [80.],
       [80.],
       [80.],
       [80.],
       [80.],
       [80.],
       [80.],
       [80.],
       [80.],
       [80.],
       [80.],
       [80.],
       [80.],
       [80.],
       [80.],
       [80.],
       [80.],
       [80.],
       [80.],
       [80.],
       [80.],
       [80.],
       [80.],
       [80.],
       [80.],
       [80.],
       [80.],
       [80.],
       [80.],
       [80.],
       [80.],
       [80.],
       [80.],
       [80.],
       [80.],
       [80.],
       [80.],
       [80.],
       [80.],
       [80.],
       [80.],
       [80.],
       [80.],
       [80.],
       [80.],
       [80.],
       [80.],
       [80.],
       [80.],
       [80.],
       [80.],
       [80.],
       [80.],
       [80.],
       [80.],
       [80.],
       [80.],
       [80.],
       [80.],
       [80.],
       [80.],
       [80.],
       [80.],
       [80.],
       [80.],
       [80.],
       [80.],
       [80.],
       [80.],
       [80.],
       [80.],
       [80.],
       [80.],
       [80.],
       [80.],
       [80.],
       [80.],
       [80.],
       [80.],
       [80.],
       [80.],
       [80.],
       [80.],
       [80.],
       [80.],
       [80.],
       [80.],
       [80.],
       [80.],
       [80.],
       [80.],
       [80.],
       [80.],
       [80.],
       [80.],
       [80.],
       [80.],
       [80.],
       [80.],
       [80.],
       [80.],
       [80.],
       [80.],
       [80.],
       [80.],
       [80.],
       [80.],
       [80.],
       [80.],
       [80.],
       [80.],
       [80.],
       [80.],
       [80.],
       [80.],
       [80.],
       [80.],
       [80.],
       [80.],
       [80.],
       [80.],
       [80.],
       [80.],
       [80.],
       [80.],
       [80.],
       [80.],
       [80.],
       [80.],
       [80.],
       [80.],
       [80.],
       [80.],
       [80.],
       [80.],
       [80.],
       [80.],
       [80.],
       [80.],
       [80.],
       [80.],
       [80.],
       [80.],
       [80.],
       [80.],
       [80.],
       [80.],
       [80.],
       [80.],
       [80.],
       [80.],
       [80.],
       [80.],
       [80.],
       [80.],
       [80.],
       [80.],
       [80.],
       [80.],
       [80.],
       [80.],
       [80.],
       [80.],
       [80.],
       [80.],
       [80.],
       [80.],
       [80.],
       [80.],
       [80.],
       [80.],
       [80.],
       [80.],
       [80.],
       [80.],
       [80.],
       [80.],
       [80.],
       [80.],
       [80.],
       [80.],
       [80.],
       [80.],
       [80.],
       [80.],
       [80.],
       [80.],
       [80.],
       [80.],
       [80.],
       [80.],
       [80.],
       [80.],
       [80.],
       [80.],
       [80.],
       [80.],
       [80.],
       [80.],
       [80.],
       [80.],
       [80.],
       [80.],
       [80.],
       [80.],
       [80.],
       [80.],
       [80.],
       [80.],
       [80.],
       [80.],
       [80.],
       [80.],
       [80.],
       [80.],
       [80.],
       [80.],
       [80.],
       [80.],
       [80.],
       [80.],
       [80.],
       [80.],
       [80.],
       [80.],
       [80.],
       [80.],
       [80.],
       [80.],
       [80.],
       [80.],
       [80.],
       [80.],
       [80.],
       [80.],
       [80.],
       [80.],
       [80.],
       [80.],
       [80.],
       [80.],
       [80.],
       [80.],
       [80.],
       [80.],
       [80.],
       [80.],
       [80.],
       [80.],
       [80.],
       [80.],
       [80.],
       [80.],
       [80.],
       [80.],
       [80.],
       [80.],
       [80.],
       [80.],
       [80.],
       [80.],
       [80.],
       [80.],
       [80.],
       [80.],
       [80.],
       [80.],
       [80.],
       [80.],
       [80.],
       [80.],
       [80.],
       [80.],
       [80.],
       [80.],
       [80.],
       [80.],
       [80.],
       [80.],
       [80.],
       [80.],
       [80.],
       [80.],
       [80.],
       [80.],
       [80.],
       [80.],
       [80.],
       [80.],
       [80.],
       [80.],
       [80.],
       [80.],
       [80.],
       [80.],
       [80.],
       [80.],
       [80.],
       [80.],
       [80.],
       [80.],
       [80.],
       [80.],
       [80.],
       [80.],
       [80.],
       [80.],
       [80.],
       [80.],
       [80.],
       [80.],
       [80.],
       [80.],
       [80.],
       [80.],
       [80.],
       [80.],
       [80.],
       [80.],
       [80.],
       [80.],
       [80.],
       [80.],
       [80.],
       [80.],
       [80.],
       [80.],
       [80.],
       [80.],
       [80.],
       [80.],
       [80.],
       [80.],
       [80.],
       [80.],
       [80.],
       [80.],
       [80.],
       [80.]]), 'dt': 0.01, 'N': 400, 'l': 1e-05}","{'Q': 342.10526315789474, 'gbar': 11.578947368421051, 'T': 10000, 'supervisor': array([[-1.89214982e-17],
       [ 4.44288287e-04],
       [ 8.88576529e-04],
       ...,
       [-1.33286468e-03],
       [-8.88576529e-04],
       [-4.44288287e-04]]), 'BIAS': array([[80.],
       [80.],
       [80.],
       [80.],
       [80.],
       [80.],
       [80.],
       [80.],
       [80.],
       [80.],
       [80.],
       [80.],
       [80.],
       [80.],
       [80.],
       [80.],
       [80.],
       [80.],
       [80.],
       [80.],
       [80.],
       [80.],
       [80.],
       [80.],
       [80.],
       [80.],
       [80.],
       [80.],
       [80.],
       [80.],
       [80.],
       [80.],
       [80.],
       [80.],
       [80.],
       [80.],
       [80.],
       [80.],
       [80.],
       [80.],
       [80.],
       [80.],
       [80.],
       [80.],
       [80.],
       [80.],
       [80.],
       [80.],
       [80.],
       [80.],
       [80.],
       [80.],
       [80.],
       [80.],
       [80.],
       [80.],
       [80.],
       [80.],
       [80.],
       [80.],
       [80.],
       [80.],
       [80.],
       [80.],
       [80.],
       [80.],
       [80.],
       [80.],
       [80.],
       [80.],
       [80.],
       [80.],
       [80.],
       [80.],
       [80.],
       [80.],
       [80.],
       [80.],
       [80.],
       [80.],
       [80.],
       [80.],
       [80.],
       [80.],
       [80.],
       [80.],
       [80.],
       [80.],
       [80.],
       [80.],
       [80.],
       [80.],
       [80.],
       [80.],
       [80.],
       [80.],
       [80.],
       [80.],
       [80.],
       [80.],
       [80.],
       [80.],
       [80.],
       [80.],
       [80.],
       [80.],
       [80.],
       [80.],
       [80.],
       [80.],
       [80.],
       [80.],
       [80.],
       [80.],
       [80.],
       [80.],
       [80.],
       [80.],
       [80.],
       [80.],
       [80.],
       [80.],
       [80.],
       [80.],
       [80.],
       [80.],
       [80.],
       [80.],
       [80.],
       [80.],
       [80.],
       [80.],
       [80.],
       [80.],
       [80.],
       [80.],
       [80.],
       [80.],
       [80.],
       [80.],
       [80.],
       [80.],
       [80.],
       [80.],
       [80.],
       [80.],
       [80.],
       [80.],
       [80.],
       [80.],
       [80.],
       [80.],
       [80.],
       [80.],
       [80.],
       [80.],
       [80.],
       [80.],
       [80.],
       [80.],
       [80.],
       [80.],
       [80.],
       [80.],
       [80.],
       [80.],
       [80.],
       [80.],
       [80.],
       [80.],
       [80.],
       [80.],
       [80.],
       [80.],
       [80.],
       [80.],
       [80.],
       [80.],
       [80.],
       [80.],
       [80.],
       [80.],
       [80.],
       [80.],
       [80.],
       [80.],
       [80.],
       [80.],
       [80.],
       [80.],
       [80.],
       [80.],
       [80.],
       [80.],
       [80.],
       [80.],
       [80.],
       [80.],
       [80.],
       [80.],
       [80.],
       [80.],
       [80.],
       [80.],
       [80.],
       [80.],
       [80.],
       [80.],
       [80.],
       [80.],
       [80.],
       [80.],
       [80.],
       [80.],
       [80.],
       [80.],
       [80.],
       [80.],
       [80.],
       [80.],
       [80.],
       [80.],
       [80.],
       [80.],
       [80.],
       [80.],
       [80.],
       [80.],
       [80.],
       [80.],
       [80.],
       [80.],
       [80.],
       [80.],
       [80.],
       [80.],
       [80.],
       [80.],
       [80.],
       [80.],
       [80.],
       [80.],
       [80.],
       [80.],
       [80.],
       [80.],
       [80.],
       [80.],
       [80.],
       [80.],
       [80.],
       [80.],
       [80.],
       [80.],
       [80.],
       [80.],
       [80.],
       [80.],
       [80.],
       [80.],
       [80.],
       [80.],
       [80.],
       [80.],
       [80.],
       [80.],
       [80.],
       [80.],
       [80.],
       [80.],
       [80.],
       [80.],
       [80.],
       [80.],
       [80.],
       [80.],
       [80.],
       [80.],
       [80.],
       [80.],
       [80.],
       [80.],
       [80.],
       [80.],
       [80.],
       [80.],
       [80.],
       [80.],
       [80.],
       [80.],
       [80.],
       [80.],
       [80.],
       [80.],
       [80.],
       [80.],
       [80.],
       [80.],
       [80.],
       [80.],
       [80.],
       [80.],
       [80.],
       [80.],
       [80.],
       [80.],
       [80.],
       [80.],
       [80.],
       [80.],
       [80.],
       [80.],
       [80.],
       [80.],
       [80.],
       [80.],
       [80.],
       [80.],
       [80.],
       [80.],
       [80.],
       [80.],
       [80.],
       [80.],
       [80.],
       [80.],
       [80.],
       [80.],
       [80.],
       [80.],
       [80.],
       [80.],
       [80.],
       [80.],
       [80.],
       [80.],
       [80.],
       [80.],
       [80.],
       [80.],
       [80.],
       [80.],
       [80.],
       [80.],
       [80.],
       [80.],
       [80.],
       [80.],
       [80.],
       [80.],
       [80.],
       [80.],
       [80.],
       [80.],
       [80.],
       [80.],
       [80.],
       [80.],
       [80.],
       [80.],
       [80.],
       [80.],
       [80.],
       [80.],
       [80.],
       [80.],
       [80.],
       [80.],
       [80.],
       [80.],
       [80.],
       [80.],
       [80.],
       [80.],
       [80.],
       [80.],
       [80.],
       [80.],
       [80.],
       [80.],
       [80.],
       [80.],
       [80.],
       [80.],
       [80.],
       [80.],
       [80.],
       [80.],
       [80.],
       [80.],
       [80.],
       [80.],
       [80.],
       [80.],
       [80.],
       [80.],
       [80.],
       [80.],
       [80.],
       [80.]]), 'dt': 0.01, 'N': 400, 'l': 1e-05}","{'Q': 342.10526315789474, 'gbar': 12.631578947368421, 'T': 10000, 'supervisor': array([[-1.89214982e-17],
       [ 4.44288287e-04],
       [ 8.88576529e-04],
       ...,
       [-1.33286468e-03],
       [-8.88576529e-04],
       [-4.44288287e-04]]), 'BIAS': array([[80.],
       [80.],
       [80.],
       [80.],
       [80.],
       [80.],
       [80.],
       [80.],
       [80.],
       [80.],
       [80.],
       [80.],
       [80.],
       [80.],
       [80.],
       [80.],
       [80.],
       [80.],
       [80.],
       [80.],
       [80.],
       [80.],
       [80.],
       [80.],
       [80.],
       [80.],
       [80.],
       [80.],
       [80.],
       [80.],
       [80.],
       [80.],
       [80.],
       [80.],
       [80.],
       [80.],
       [80.],
       [80.],
       [80.],
       [80.],
       [80.],
       [80.],
       [80.],
       [80.],
       [80.],
       [80.],
       [80.],
       [80.],
       [80.],
       [80.],
       [80.],
       [80.],
       [80.],
       [80.],
       [80.],
       [80.],
       [80.],
       [80.],
       [80.],
       [80.],
       [80.],
       [80.],
       [80.],
       [80.],
       [80.],
       [80.],
       [80.],
       [80.],
       [80.],
       [80.],
       [80.],
       [80.],
       [80.],
       [80.],
       [80.],
       [80.],
       [80.],
       [80.],
       [80.],
       [80.],
       [80.],
       [80.],
       [80.],
       [80.],
       [80.],
       [80.],
       [80.],
       [80.],
       [80.],
       [80.],
       [80.],
       [80.],
       [80.],
       [80.],
       [80.],
       [80.],
       [80.],
       [80.],
       [80.],
       [80.],
       [80.],
       [80.],
       [80.],
       [80.],
       [80.],
       [80.],
       [80.],
       [80.],
       [80.],
       [80.],
       [80.],
       [80.],
       [80.],
       [80.],
       [80.],
       [80.],
       [80.],
       [80.],
       [80.],
       [80.],
       [80.],
       [80.],
       [80.],
       [80.],
       [80.],
       [80.],
       [80.],
       [80.],
       [80.],
       [80.],
       [80.],
       [80.],
       [80.],
       [80.],
       [80.],
       [80.],
       [80.],
       [80.],
       [80.],
       [80.],
       [80.],
       [80.],
       [80.],
       [80.],
       [80.],
       [80.],
       [80.],
       [80.],
       [80.],
       [80.],
       [80.],
       [80.],
       [80.],
       [80.],
       [80.],
       [80.],
       [80.],
       [80.],
       [80.],
       [80.],
       [80.],
       [80.],
       [80.],
       [80.],
       [80.],
       [80.],
       [80.],
       [80.],
       [80.],
       [80.],
       [80.],
       [80.],
       [80.],
       [80.],
       [80.],
       [80.],
       [80.],
       [80.],
       [80.],
       [80.],
       [80.],
       [80.],
       [80.],
       [80.],
       [80.],
       [80.],
       [80.],
       [80.],
       [80.],
       [80.],
       [80.],
       [80.],
       [80.],
       [80.],
       [80.],
       [80.],
       [80.],
       [80.],
       [80.],
       [80.],
       [80.],
       [80.],
       [80.],
       [80.],
       [80.],
       [80.],
       [80.],
       [80.],
       [80.],
       [80.],
       [80.],
       [80.],
       [80.],
       [80.],
       [80.],
       [80.],
       [80.],
       [80.],
       [80.],
       [80.],
       [80.],
       [80.],
       [80.],
       [80.],
       [80.],
       [80.],
       [80.],
       [80.],
       [80.],
       [80.],
       [80.],
       [80.],
       [80.],
       [80.],
       [80.],
       [80.],
       [80.],
       [80.],
       [80.],
       [80.],
       [80.],
       [80.],
       [80.],
       [80.],
       [80.],
       [80.],
       [80.],
       [80.],
       [80.],
       [80.],
       [80.],
       [80.],
       [80.],
       [80.],
       [80.],
       [80.],
       [80.],
       [80.],
       [80.],
       [80.],
       [80.],
       [80.],
       [80.],
       [80.],
       [80.],
       [80.],
       [80.],
       [80.],
       [80.],
       [80.],
       [80.],
       [80.],
       [80.],
       [80.],
       [80.],
       [80.],
       [80.],
       [80.],
       [80.],
       [80.],
       [80.],
       [80.],
       [80.],
       [80.],
       [80.],
       [80.],
       [80.],
       [80.],
       [80.],
       [80.],
       [80.],
       [80.],
       [80.],
       [80.],
       [80.],
       [80.],
       [80.],
       [80.],
       [80.],
       [80.],
       [80.],
       [80.],
       [80.],
       [80.],
       [80.],
       [80.],
       [80.],
       [80.],
       [80.],
       [80.],
       [80.],
       [80.],
       [80.],
       [80.],
       [80.],
       [80.],
       [80.],
       [80.],
       [80.],
       [80.],
       [80.],
       [80.],
       [80.],
       [80.],
       [80.],
       [80.],
       [80.],
       [80.],
       [80.],
       [80.],
       [80.],
       [80.],
       [80.],
       [80.],
       [80.],
       [80.],
       [80.],
       [80.],
       [80.],
       [80.],
       [80.],
       [80.],
       [80.],
       [80.],
       [80.],
       [80.],
       [80.],
       [80.],
       [80.],
       [80.],
       [80.],
       [80.],
       [80.],
       [80.],
       [80.],
       [80.],
       [80.],
       [80.],
       [80.],
       [80.],
       [80.],
       [80.],
       [80.],
       [80.],
       [80.],
       [80.],
       [80.],
       [80.],
       [80.],
       [80.],
       [80.],
       [80.],
       [80.],
       [80.],
       [80.],
       [80.],
       [80.],
       [80.],
       [80.],
       [80.],
       [80.],
       [80.],
       [80.],
       [80.],
       [80.],
       [80.],
       [80.],
       [80.],
       [80.],
       [80.],
       [80.],
       [80.],
       [80.],
       [80.],
       [80.],
       [80.],
       [80.],
       [80.],
       [80.],
       [80.]]), 'dt': 0.01, 'N': 400, 'l': 1e-05}","{'Q': 342.10526315789474, 'gbar': 13.68421052631579, 'T': 10000, 'supervisor': array([[-1.89214982e-17],
       [ 4.44288287e-04],
       [ 8.88576529e-04],
       ...,
       [-1.33286468e-03],
       [-8.88576529e-04],
       [-4.44288287e-04]]), 'BIAS': array([[80.],
       [80.],
       [80.],
       [80.],
       [80.],
       [80.],
       [80.],
       [80.],
       [80.],
       [80.],
       [80.],
       [80.],
       [80.],
       [80.],
       [80.],
       [80.],
       [80.],
       [80.],
       [80.],
       [80.],
       [80.],
       [80.],
       [80.],
       [80.],
       [80.],
       [80.],
       [80.],
       [80.],
       [80.],
       [80.],
       [80.],
       [80.],
       [80.],
       [80.],
       [80.],
       [80.],
       [80.],
       [80.],
       [80.],
       [80.],
       [80.],
       [80.],
       [80.],
       [80.],
       [80.],
       [80.],
       [80.],
       [80.],
       [80.],
       [80.],
       [80.],
       [80.],
       [80.],
       [80.],
       [80.],
       [80.],
       [80.],
       [80.],
       [80.],
       [80.],
       [80.],
       [80.],
       [80.],
       [80.],
       [80.],
       [80.],
       [80.],
       [80.],
       [80.],
       [80.],
       [80.],
       [80.],
       [80.],
       [80.],
       [80.],
       [80.],
       [80.],
       [80.],
       [80.],
       [80.],
       [80.],
       [80.],
       [80.],
       [80.],
       [80.],
       [80.],
       [80.],
       [80.],
       [80.],
       [80.],
       [80.],
       [80.],
       [80.],
       [80.],
       [80.],
       [80.],
       [80.],
       [80.],
       [80.],
       [80.],
       [80.],
       [80.],
       [80.],
       [80.],
       [80.],
       [80.],
       [80.],
       [80.],
       [80.],
       [80.],
       [80.],
       [80.],
       [80.],
       [80.],
       [80.],
       [80.],
       [80.],
       [80.],
       [80.],
       [80.],
       [80.],
       [80.],
       [80.],
       [80.],
       [80.],
       [80.],
       [80.],
       [80.],
       [80.],
       [80.],
       [80.],
       [80.],
       [80.],
       [80.],
       [80.],
       [80.],
       [80.],
       [80.],
       [80.],
       [80.],
       [80.],
       [80.],
       [80.],
       [80.],
       [80.],
       [80.],
       [80.],
       [80.],
       [80.],
       [80.],
       [80.],
       [80.],
       [80.],
       [80.],
       [80.],
       [80.],
       [80.],
       [80.],
       [80.],
       [80.],
       [80.],
       [80.],
       [80.],
       [80.],
       [80.],
       [80.],
       [80.],
       [80.],
       [80.],
       [80.],
       [80.],
       [80.],
       [80.],
       [80.],
       [80.],
       [80.],
       [80.],
       [80.],
       [80.],
       [80.],
       [80.],
       [80.],
       [80.],
       [80.],
       [80.],
       [80.],
       [80.],
       [80.],
       [80.],
       [80.],
       [80.],
       [80.],
       [80.],
       [80.],
       [80.],
       [80.],
       [80.],
       [80.],
       [80.],
       [80.],
       [80.],
       [80.],
       [80.],
       [80.],
       [80.],
       [80.],
       [80.],
       [80.],
       [80.],
       [80.],
       [80.],
       [80.],
       [80.],
       [80.],
       [80.],
       [80.],
       [80.],
       [80.],
       [80.],
       [80.],
       [80.],
       [80.],
       [80.],
       [80.],
       [80.],
       [80.],
       [80.],
       [80.],
       [80.],
       [80.],
       [80.],
       [80.],
       [80.],
       [80.],
       [80.],
       [80.],
       [80.],
       [80.],
       [80.],
       [80.],
       [80.],
       [80.],
       [80.],
       [80.],
       [80.],
       [80.],
       [80.],
       [80.],
       [80.],
       [80.],
       [80.],
       [80.],
       [80.],
       [80.],
       [80.],
       [80.],
       [80.],
       [80.],
       [80.],
       [80.],
       [80.],
       [80.],
       [80.],
       [80.],
       [80.],
       [80.],
       [80.],
       [80.],
       [80.],
       [80.],
       [80.],
       [80.],
       [80.],
       [80.],
       [80.],
       [80.],
       [80.],
       [80.],
       [80.],
       [80.],
       [80.],
       [80.],
       [80.],
       [80.],
       [80.],
       [80.],
       [80.],
       [80.],
       [80.],
       [80.],
       [80.],
       [80.],
       [80.],
       [80.],
       [80.],
       [80.],
       [80.],
       [80.],
       [80.],
       [80.],
       [80.],
       [80.],
       [80.],
       [80.],
       [80.],
       [80.],
       [80.],
       [80.],
       [80.],
       [80.],
       [80.],
       [80.],
       [80.],
       [80.],
       [80.],
       [80.],
       [80.],
       [80.],
       [80.],
       [80.],
       [80.],
       [80.],
       [80.],
       [80.],
       [80.],
       [80.],
       [80.],
       [80.],
       [80.],
       [80.],
       [80.],
       [80.],
       [80.],
       [80.],
       [80.],
       [80.],
       [80.],
       [80.],
       [80.],
       [80.],
       [80.],
       [80.],
       [80.],
       [80.],
       [80.],
       [80.],
       [80.],
       [80.],
       [80.],
       [80.],
       [80.],
       [80.],
       [80.],
       [80.],
       [80.],
       [80.],
       [80.],
       [80.],
       [80.],
       [80.],
       [80.],
       [80.],
       [80.],
       [80.],
       [80.],
       [80.],
       [80.],
       [80.],
       [80.],
       [80.],
       [80.],
       [80.],
       [80.],
       [80.],
       [80.],
       [80.],
       [80.],
       [80.],
       [80.],
       [80.],
       [80.],
       [80.],
       [80.],
       [80.],
       [80.],
       [80.],
       [80.],
       [80.],
       [80.],
       [80.],
       [80.],
       [80.],
       [80.],
       [80.],
       [80.],
       [80.],
       [80.],
       [80.],
       [80.],
       [80.]]), 'dt': 0.01, 'N': 400, 'l': 1e-05}","{'Q': 342.10526315789474, 'gbar': 14.736842105263158, 'T': 10000, 'supervisor': array([[-1.89214982e-17],
       [ 4.44288287e-04],
       [ 8.88576529e-04],
       ...,
       [-1.33286468e-03],
       [-8.88576529e-04],
       [-4.44288287e-04]]), 'BIAS': array([[80.],
       [80.],
       [80.],
       [80.],
       [80.],
       [80.],
       [80.],
       [80.],
       [80.],
       [80.],
       [80.],
       [80.],
       [80.],
       [80.],
       [80.],
       [80.],
       [80.],
       [80.],
       [80.],
       [80.],
       [80.],
       [80.],
       [80.],
       [80.],
       [80.],
       [80.],
       [80.],
       [80.],
       [80.],
       [80.],
       [80.],
       [80.],
       [80.],
       [80.],
       [80.],
       [80.],
       [80.],
       [80.],
       [80.],
       [80.],
       [80.],
       [80.],
       [80.],
       [80.],
       [80.],
       [80.],
       [80.],
       [80.],
       [80.],
       [80.],
       [80.],
       [80.],
       [80.],
       [80.],
       [80.],
       [80.],
       [80.],
       [80.],
       [80.],
       [80.],
       [80.],
       [80.],
       [80.],
       [80.],
       [80.],
       [80.],
       [80.],
       [80.],
       [80.],
       [80.],
       [80.],
       [80.],
       [80.],
       [80.],
       [80.],
       [80.],
       [80.],
       [80.],
       [80.],
       [80.],
       [80.],
       [80.],
       [80.],
       [80.],
       [80.],
       [80.],
       [80.],
       [80.],
       [80.],
       [80.],
       [80.],
       [80.],
       [80.],
       [80.],
       [80.],
       [80.],
       [80.],
       [80.],
       [80.],
       [80.],
       [80.],
       [80.],
       [80.],
       [80.],
       [80.],
       [80.],
       [80.],
       [80.],
       [80.],
       [80.],
       [80.],
       [80.],
       [80.],
       [80.],
       [80.],
       [80.],
       [80.],
       [80.],
       [80.],
       [80.],
       [80.],
       [80.],
       [80.],
       [80.],
       [80.],
       [80.],
       [80.],
       [80.],
       [80.],
       [80.],
       [80.],
       [80.],
       [80.],
       [80.],
       [80.],
       [80.],
       [80.],
       [80.],
       [80.],
       [80.],
       [80.],
       [80.],
       [80.],
       [80.],
       [80.],
       [80.],
       [80.],
       [80.],
       [80.],
       [80.],
       [80.],
       [80.],
       [80.],
       [80.],
       [80.],
       [80.],
       [80.],
       [80.],
       [80.],
       [80.],
       [80.],
       [80.],
       [80.],
       [80.],
       [80.],
       [80.],
       [80.],
       [80.],
       [80.],
       [80.],
       [80.],
       [80.],
       [80.],
       [80.],
       [80.],
       [80.],
       [80.],
       [80.],
       [80.],
       [80.],
       [80.],
       [80.],
       [80.],
       [80.],
       [80.],
       [80.],
       [80.],
       [80.],
       [80.],
       [80.],
       [80.],
       [80.],
       [80.],
       [80.],
       [80.],
       [80.],
       [80.],
       [80.],
       [80.],
       [80.],
       [80.],
       [80.],
       [80.],
       [80.],
       [80.],
       [80.],
       [80.],
       [80.],
       [80.],
       [80.],
       [80.],
       [80.],
       [80.],
       [80.],
       [80.],
       [80.],
       [80.],
       [80.],
       [80.],
       [80.],
       [80.],
       [80.],
       [80.],
       [80.],
       [80.],
       [80.],
       [80.],
       [80.],
       [80.],
       [80.],
       [80.],
       [80.],
       [80.],
       [80.],
       [80.],
       [80.],
       [80.],
       [80.],
       [80.],
       [80.],
       [80.],
       [80.],
       [80.],
       [80.],
       [80.],
       [80.],
       [80.],
       [80.],
       [80.],
       [80.],
       [80.],
       [80.],
       [80.],
       [80.],
       [80.],
       [80.],
       [80.],
       [80.],
       [80.],
       [80.],
       [80.],
       [80.],
       [80.],
       [80.],
       [80.],
       [80.],
       [80.],
       [80.],
       [80.],
       [80.],
       [80.],
       [80.],
       [80.],
       [80.],
       [80.],
       [80.],
       [80.],
       [80.],
       [80.],
       [80.],
       [80.],
       [80.],
       [80.],
       [80.],
       [80.],
       [80.],
       [80.],
       [80.],
       [80.],
       [80.],
       [80.],
       [80.],
       [80.],
       [80.],
       [80.],
       [80.],
       [80.],
       [80.],
       [80.],
       [80.],
       [80.],
       [80.],
       [80.],
       [80.],
       [80.],
       [80.],
       [80.],
       [80.],
       [80.],
       [80.],
       [80.],
       [80.],
       [80.],
       [80.],
       [80.],
       [80.],
       [80.],
       [80.],
       [80.],
       [80.],
       [80.],
       [80.],
       [80.],
       [80.],
       [80.],
       [80.],
       [80.],
       [80.],
       [80.],
       [80.],
       [80.],
       [80.],
       [80.],
       [80.],
       [80.],
       [80.],
       [80.],
       [80.],
       [80.],
       [80.],
       [80.],
       [80.],
       [80.],
       [80.],
       [80.],
       [80.],
       [80.],
       [80.],
       [80.],
       [80.],
       [80.],
       [80.],
       [80.],
       [80.],
       [80.],
       [80.],
       [80.],
       [80.],
       [80.],
       [80.],
       [80.],
       [80.],
       [80.],
       [80.],
       [80.],
       [80.],
       [80.],
       [80.],
       [80.],
       [80.],
       [80.],
       [80.],
       [80.],
       [80.],
       [80.],
       [80.],
       [80.],
       [80.],
       [80.],
       [80.],
       [80.],
       [80.],
       [80.],
       [80.],
       [80.],
       [80.],
       [80.],
       [80.],
       [80.],
       [80.],
       [80.],
       [80.],
       [80.],
       [80.],
       [80.],
       [80.],
       [80.],
       [80.],
       [80.],
       [80.]]), 'dt': 0.01, 'N': 400, 'l': 1e-05}","{'Q': 342.10526315789474, 'gbar': 15.789473684210526, 'T': 10000, 'supervisor': array([[-1.89214982e-17],
       [ 4.44288287e-04],
       [ 8.88576529e-04],
       ...,
       [-1.33286468e-03],
       [-8.88576529e-04],
       [-4.44288287e-04]]), 'BIAS': array([[80.],
       [80.],
       [80.],
       [80.],
       [80.],
       [80.],
       [80.],
       [80.],
       [80.],
       [80.],
       [80.],
       [80.],
       [80.],
       [80.],
       [80.],
       [80.],
       [80.],
       [80.],
       [80.],
       [80.],
       [80.],
       [80.],
       [80.],
       [80.],
       [80.],
       [80.],
       [80.],
       [80.],
       [80.],
       [80.],
       [80.],
       [80.],
       [80.],
       [80.],
       [80.],
       [80.],
       [80.],
       [80.],
       [80.],
       [80.],
       [80.],
       [80.],
       [80.],
       [80.],
       [80.],
       [80.],
       [80.],
       [80.],
       [80.],
       [80.],
       [80.],
       [80.],
       [80.],
       [80.],
       [80.],
       [80.],
       [80.],
       [80.],
       [80.],
       [80.],
       [80.],
       [80.],
       [80.],
       [80.],
       [80.],
       [80.],
       [80.],
       [80.],
       [80.],
       [80.],
       [80.],
       [80.],
       [80.],
       [80.],
       [80.],
       [80.],
       [80.],
       [80.],
       [80.],
       [80.],
       [80.],
       [80.],
       [80.],
       [80.],
       [80.],
       [80.],
       [80.],
       [80.],
       [80.],
       [80.],
       [80.],
       [80.],
       [80.],
       [80.],
       [80.],
       [80.],
       [80.],
       [80.],
       [80.],
       [80.],
       [80.],
       [80.],
       [80.],
       [80.],
       [80.],
       [80.],
       [80.],
       [80.],
       [80.],
       [80.],
       [80.],
       [80.],
       [80.],
       [80.],
       [80.],
       [80.],
       [80.],
       [80.],
       [80.],
       [80.],
       [80.],
       [80.],
       [80.],
       [80.],
       [80.],
       [80.],
       [80.],
       [80.],
       [80.],
       [80.],
       [80.],
       [80.],
       [80.],
       [80.],
       [80.],
       [80.],
       [80.],
       [80.],
       [80.],
       [80.],
       [80.],
       [80.],
       [80.],
       [80.],
       [80.],
       [80.],
       [80.],
       [80.],
       [80.],
       [80.],
       [80.],
       [80.],
       [80.],
       [80.],
       [80.],
       [80.],
       [80.],
       [80.],
       [80.],
       [80.],
       [80.],
       [80.],
       [80.],
       [80.],
       [80.],
       [80.],
       [80.],
       [80.],
       [80.],
       [80.],
       [80.],
       [80.],
       [80.],
       [80.],
       [80.],
       [80.],
       [80.],
       [80.],
       [80.],
       [80.],
       [80.],
       [80.],
       [80.],
       [80.],
       [80.],
       [80.],
       [80.],
       [80.],
       [80.],
       [80.],
       [80.],
       [80.],
       [80.],
       [80.],
       [80.],
       [80.],
       [80.],
       [80.],
       [80.],
       [80.],
       [80.],
       [80.],
       [80.],
       [80.],
       [80.],
       [80.],
       [80.],
       [80.],
       [80.],
       [80.],
       [80.],
       [80.],
       [80.],
       [80.],
       [80.],
       [80.],
       [80.],
       [80.],
       [80.],
       [80.],
       [80.],
       [80.],
       [80.],
       [80.],
       [80.],
       [80.],
       [80.],
       [80.],
       [80.],
       [80.],
       [80.],
       [80.],
       [80.],
       [80.],
       [80.],
       [80.],
       [80.],
       [80.],
       [80.],
       [80.],
       [80.],
       [80.],
       [80.],
       [80.],
       [80.],
       [80.],
       [80.],
       [80.],
       [80.],
       [80.],
       [80.],
       [80.],
       [80.],
       [80.],
       [80.],
       [80.],
       [80.],
       [80.],
       [80.],
       [80.],
       [80.],
       [80.],
       [80.],
       [80.],
       [80.],
       [80.],
       [80.],
       [80.],
       [80.],
       [80.],
       [80.],
       [80.],
       [80.],
       [80.],
       [80.],
       [80.],
       [80.],
       [80.],
       [80.],
       [80.],
       [80.],
       [80.],
       [80.],
       [80.],
       [80.],
       [80.],
       [80.],
       [80.],
       [80.],
       [80.],
       [80.],
       [80.],
       [80.],
       [80.],
       [80.],
       [80.],
       [80.],
       [80.],
       [80.],
       [80.],
       [80.],
       [80.],
       [80.],
       [80.],
       [80.],
       [80.],
       [80.],
       [80.],
       [80.],
       [80.],
       [80.],
       [80.],
       [80.],
       [80.],
       [80.],
       [80.],
       [80.],
       [80.],
       [80.],
       [80.],
       [80.],
       [80.],
       [80.],
       [80.],
       [80.],
       [80.],
       [80.],
       [80.],
       [80.],
       [80.],
       [80.],
       [80.],
       [80.],
       [80.],
       [80.],
       [80.],
       [80.],
       [80.],
       [80.],
       [80.],
       [80.],
       [80.],
       [80.],
       [80.],
       [80.],
       [80.],
       [80.],
       [80.],
       [80.],
       [80.],
       [80.],
       [80.],
       [80.],
       [80.],
       [80.],
       [80.],
       [80.],
       [80.],
       [80.],
       [80.],
       [80.],
       [80.],
       [80.],
       [80.],
       [80.],
       [80.],
       [80.],
       [80.],
       [80.],
       [80.],
       [80.],
       [80.],
       [80.],
       [80.],
       [80.],
       [80.],
       [80.],
       [80.],
       [80.],
       [80.],
       [80.],
       [80.],
       [80.],
       [80.],
       [80.],
       [80.],
       [80.],
       [80.],
       [80.],
       [80.],
       [80.],
       [80.],
       [80.],
       [80.],
       [80.],
       [80.],
       [80.],
       [80.],
       [80.],
       [80.]]), 'dt': 0.01, 'N': 400, 'l': 1e-05}","{'Q': 342.10526315789474, 'gbar': 16.842105263157894, 'T': 10000, 'supervisor': array([[-1.89214982e-17],
       [ 4.44288287e-04],
       [ 8.88576529e-04],
       ...,
       [-1.33286468e-03],
       [-8.88576529e-04],
       [-4.44288287e-04]]), 'BIAS': array([[80.],
       [80.],
       [80.],
       [80.],
       [80.],
       [80.],
       [80.],
       [80.],
       [80.],
       [80.],
       [80.],
       [80.],
       [80.],
       [80.],
       [80.],
       [80.],
       [80.],
       [80.],
       [80.],
       [80.],
       [80.],
       [80.],
       [80.],
       [80.],
       [80.],
       [80.],
       [80.],
       [80.],
       [80.],
       [80.],
       [80.],
       [80.],
       [80.],
       [80.],
       [80.],
       [80.],
       [80.],
       [80.],
       [80.],
       [80.],
       [80.],
       [80.],
       [80.],
       [80.],
       [80.],
       [80.],
       [80.],
       [80.],
       [80.],
       [80.],
       [80.],
       [80.],
       [80.],
       [80.],
       [80.],
       [80.],
       [80.],
       [80.],
       [80.],
       [80.],
       [80.],
       [80.],
       [80.],
       [80.],
       [80.],
       [80.],
       [80.],
       [80.],
       [80.],
       [80.],
       [80.],
       [80.],
       [80.],
       [80.],
       [80.],
       [80.],
       [80.],
       [80.],
       [80.],
       [80.],
       [80.],
       [80.],
       [80.],
       [80.],
       [80.],
       [80.],
       [80.],
       [80.],
       [80.],
       [80.],
       [80.],
       [80.],
       [80.],
       [80.],
       [80.],
       [80.],
       [80.],
       [80.],
       [80.],
       [80.],
       [80.],
       [80.],
       [80.],
       [80.],
       [80.],
       [80.],
       [80.],
       [80.],
       [80.],
       [80.],
       [80.],
       [80.],
       [80.],
       [80.],
       [80.],
       [80.],
       [80.],
       [80.],
       [80.],
       [80.],
       [80.],
       [80.],
       [80.],
       [80.],
       [80.],
       [80.],
       [80.],
       [80.],
       [80.],
       [80.],
       [80.],
       [80.],
       [80.],
       [80.],
       [80.],
       [80.],
       [80.],
       [80.],
       [80.],
       [80.],
       [80.],
       [80.],
       [80.],
       [80.],
       [80.],
       [80.],
       [80.],
       [80.],
       [80.],
       [80.],
       [80.],
       [80.],
       [80.],
       [80.],
       [80.],
       [80.],
       [80.],
       [80.],
       [80.],
       [80.],
       [80.],
       [80.],
       [80.],
       [80.],
       [80.],
       [80.],
       [80.],
       [80.],
       [80.],
       [80.],
       [80.],
       [80.],
       [80.],
       [80.],
       [80.],
       [80.],
       [80.],
       [80.],
       [80.],
       [80.],
       [80.],
       [80.],
       [80.],
       [80.],
       [80.],
       [80.],
       [80.],
       [80.],
       [80.],
       [80.],
       [80.],
       [80.],
       [80.],
       [80.],
       [80.],
       [80.],
       [80.],
       [80.],
       [80.],
       [80.],
       [80.],
       [80.],
       [80.],
       [80.],
       [80.],
       [80.],
       [80.],
       [80.],
       [80.],
       [80.],
       [80.],
       [80.],
       [80.],
       [80.],
       [80.],
       [80.],
       [80.],
       [80.],
       [80.],
       [80.],
       [80.],
       [80.],
       [80.],
       [80.],
       [80.],
       [80.],
       [80.],
       [80.],
       [80.],
       [80.],
       [80.],
       [80.],
       [80.],
       [80.],
       [80.],
       [80.],
       [80.],
       [80.],
       [80.],
       [80.],
       [80.],
       [80.],
       [80.],
       [80.],
       [80.],
       [80.],
       [80.],
       [80.],
       [80.],
       [80.],
       [80.],
       [80.],
       [80.],
       [80.],
       [80.],
       [80.],
       [80.],
       [80.],
       [80.],
       [80.],
       [80.],
       [80.],
       [80.],
       [80.],
       [80.],
       [80.],
       [80.],
       [80.],
       [80.],
       [80.],
       [80.],
       [80.],
       [80.],
       [80.],
       [80.],
       [80.],
       [80.],
       [80.],
       [80.],
       [80.],
       [80.],
       [80.],
       [80.],
       [80.],
       [80.],
       [80.],
       [80.],
       [80.],
       [80.],
       [80.],
       [80.],
       [80.],
       [80.],
       [80.],
       [80.],
       [80.],
       [80.],
       [80.],
       [80.],
       [80.],
       [80.],
       [80.],
       [80.],
       [80.],
       [80.],
       [80.],
       [80.],
       [80.],
       [80.],
       [80.],
       [80.],
       [80.],
       [80.],
       [80.],
       [80.],
       [80.],
       [80.],
       [80.],
       [80.],
       [80.],
       [80.],
       [80.],
       [80.],
       [80.],
       [80.],
       [80.],
       [80.],
       [80.],
       [80.],
       [80.],
       [80.],
       [80.],
       [80.],
       [80.],
       [80.],
       [80.],
       [80.],
       [80.],
       [80.],
       [80.],
       [80.],
       [80.],
       [80.],
       [80.],
       [80.],
       [80.],
       [80.],
       [80.],
       [80.],
       [80.],
       [80.],
       [80.],
       [80.],
       [80.],
       [80.],
       [80.],
       [80.],
       [80.],
       [80.],
       [80.],
       [80.],
       [80.],
       [80.],
       [80.],
       [80.],
       [80.],
       [80.],
       [80.],
       [80.],
       [80.],
       [80.],
       [80.],
       [80.],
       [80.],
       [80.],
       [80.],
       [80.],
       [80.],
       [80.],
       [80.],
       [80.],
       [80.],
       [80.],
       [80.],
       [80.],
       [80.],
       [80.],
       [80.],
       [80.],
       [80.],
       [80.],
       [80.],
       [80.],
       [80.],
       [80.],
       [80.],
       [80.],
       [80.],
       [80.],
       [80.]]), 'dt': 0.01, 'N': 400, 'l': 1e-05}","{'Q': 342.10526315789474, 'gbar': 17.894736842105264, 'T': 10000, 'supervisor': array([[-1.89214982e-17],
       [ 4.44288287e-04],
       [ 8.88576529e-04],
       ...,
       [-1.33286468e-03],
       [-8.88576529e-04],
       [-4.44288287e-04]]), 'BIAS': array([[80.],
       [80.],
       [80.],
       [80.],
       [80.],
       [80.],
       [80.],
       [80.],
       [80.],
       [80.],
       [80.],
       [80.],
       [80.],
       [80.],
       [80.],
       [80.],
       [80.],
       [80.],
       [80.],
       [80.],
       [80.],
       [80.],
       [80.],
       [80.],
       [80.],
       [80.],
       [80.],
       [80.],
       [80.],
       [80.],
       [80.],
       [80.],
       [80.],
       [80.],
       [80.],
       [80.],
       [80.],
       [80.],
       [80.],
       [80.],
       [80.],
       [80.],
       [80.],
       [80.],
       [80.],
       [80.],
       [80.],
       [80.],
       [80.],
       [80.],
       [80.],
       [80.],
       [80.],
       [80.],
       [80.],
       [80.],
       [80.],
       [80.],
       [80.],
       [80.],
       [80.],
       [80.],
       [80.],
       [80.],
       [80.],
       [80.],
       [80.],
       [80.],
       [80.],
       [80.],
       [80.],
       [80.],
       [80.],
       [80.],
       [80.],
       [80.],
       [80.],
       [80.],
       [80.],
       [80.],
       [80.],
       [80.],
       [80.],
       [80.],
       [80.],
       [80.],
       [80.],
       [80.],
       [80.],
       [80.],
       [80.],
       [80.],
       [80.],
       [80.],
       [80.],
       [80.],
       [80.],
       [80.],
       [80.],
       [80.],
       [80.],
       [80.],
       [80.],
       [80.],
       [80.],
       [80.],
       [80.],
       [80.],
       [80.],
       [80.],
       [80.],
       [80.],
       [80.],
       [80.],
       [80.],
       [80.],
       [80.],
       [80.],
       [80.],
       [80.],
       [80.],
       [80.],
       [80.],
       [80.],
       [80.],
       [80.],
       [80.],
       [80.],
       [80.],
       [80.],
       [80.],
       [80.],
       [80.],
       [80.],
       [80.],
       [80.],
       [80.],
       [80.],
       [80.],
       [80.],
       [80.],
       [80.],
       [80.],
       [80.],
       [80.],
       [80.],
       [80.],
       [80.],
       [80.],
       [80.],
       [80.],
       [80.],
       [80.],
       [80.],
       [80.],
       [80.],
       [80.],
       [80.],
       [80.],
       [80.],
       [80.],
       [80.],
       [80.],
       [80.],
       [80.],
       [80.],
       [80.],
       [80.],
       [80.],
       [80.],
       [80.],
       [80.],
       [80.],
       [80.],
       [80.],
       [80.],
       [80.],
       [80.],
       [80.],
       [80.],
       [80.],
       [80.],
       [80.],
       [80.],
       [80.],
       [80.],
       [80.],
       [80.],
       [80.],
       [80.],
       [80.],
       [80.],
       [80.],
       [80.],
       [80.],
       [80.],
       [80.],
       [80.],
       [80.],
       [80.],
       [80.],
       [80.],
       [80.],
       [80.],
       [80.],
       [80.],
       [80.],
       [80.],
       [80.],
       [80.],
       [80.],
       [80.],
       [80.],
       [80.],
       [80.],
       [80.],
       [80.],
       [80.],
       [80.],
       [80.],
       [80.],
       [80.],
       [80.],
       [80.],
       [80.],
       [80.],
       [80.],
       [80.],
       [80.],
       [80.],
       [80.],
       [80.],
       [80.],
       [80.],
       [80.],
       [80.],
       [80.],
       [80.],
       [80.],
       [80.],
       [80.],
       [80.],
       [80.],
       [80.],
       [80.],
       [80.],
       [80.],
       [80.],
       [80.],
       [80.],
       [80.],
       [80.],
       [80.],
       [80.],
       [80.],
       [80.],
       [80.],
       [80.],
       [80.],
       [80.],
       [80.],
       [80.],
       [80.],
       [80.],
       [80.],
       [80.],
       [80.],
       [80.],
       [80.],
       [80.],
       [80.],
       [80.],
       [80.],
       [80.],
       [80.],
       [80.],
       [80.],
       [80.],
       [80.],
       [80.],
       [80.],
       [80.],
       [80.],
       [80.],
       [80.],
       [80.],
       [80.],
       [80.],
       [80.],
       [80.],
       [80.],
       [80.],
       [80.],
       [80.],
       [80.],
       [80.],
       [80.],
       [80.],
       [80.],
       [80.],
       [80.],
       [80.],
       [80.],
       [80.],
       [80.],
       [80.],
       [80.],
       [80.],
       [80.],
       [80.],
       [80.],
       [80.],
       [80.],
       [80.],
       [80.],
       [80.],
       [80.],
       [80.],
       [80.],
       [80.],
       [80.],
       [80.],
       [80.],
       [80.],
       [80.],
       [80.],
       [80.],
       [80.],
       [80.],
       [80.],
       [80.],
       [80.],
       [80.],
       [80.],
       [80.],
       [80.],
       [80.],
       [80.],
       [80.],
       [80.],
       [80.],
       [80.],
       [80.],
       [80.],
       [80.],
       [80.],
       [80.],
       [80.],
       [80.],
       [80.],
       [80.],
       [80.],
       [80.],
       [80.],
       [80.],
       [80.],
       [80.],
       [80.],
       [80.],
       [80.],
       [80.],
       [80.],
       [80.],
       [80.],
       [80.],
       [80.],
       [80.],
       [80.],
       [80.],
       [80.],
       [80.],
       [80.],
       [80.],
       [80.],
       [80.],
       [80.],
       [80.],
       [80.],
       [80.],
       [80.],
       [80.],
       [80.],
       [80.],
       [80.],
       [80.],
       [80.],
       [80.],
       [80.],
       [80.],
       [80.],
       [80.],
       [80.],
       [80.],
       [80.],
       [80.],
       [80.],
       [80.],
       [80.],
       [80.],
       [80.]]), 'dt': 0.01, 'N': 400, 'l': 1e-05}","{'Q': 342.10526315789474, 'gbar': 18.94736842105263, 'T': 10000, 'supervisor': array([[-1.89214982e-17],
       [ 4.44288287e-04],
       [ 8.88576529e-04],
       ...,
       [-1.33286468e-03],
       [-8.88576529e-04],
       [-4.44288287e-04]]), 'BIAS': array([[80.],
       [80.],
       [80.],
       [80.],
       [80.],
       [80.],
       [80.],
       [80.],
       [80.],
       [80.],
       [80.],
       [80.],
       [80.],
       [80.],
       [80.],
       [80.],
       [80.],
       [80.],
       [80.],
       [80.],
       [80.],
       [80.],
       [80.],
       [80.],
       [80.],
       [80.],
       [80.],
       [80.],
       [80.],
       [80.],
       [80.],
       [80.],
       [80.],
       [80.],
       [80.],
       [80.],
       [80.],
       [80.],
       [80.],
       [80.],
       [80.],
       [80.],
       [80.],
       [80.],
       [80.],
       [80.],
       [80.],
       [80.],
       [80.],
       [80.],
       [80.],
       [80.],
       [80.],
       [80.],
       [80.],
       [80.],
       [80.],
       [80.],
       [80.],
       [80.],
       [80.],
       [80.],
       [80.],
       [80.],
       [80.],
       [80.],
       [80.],
       [80.],
       [80.],
       [80.],
       [80.],
       [80.],
       [80.],
       [80.],
       [80.],
       [80.],
       [80.],
       [80.],
       [80.],
       [80.],
       [80.],
       [80.],
       [80.],
       [80.],
       [80.],
       [80.],
       [80.],
       [80.],
       [80.],
       [80.],
       [80.],
       [80.],
       [80.],
       [80.],
       [80.],
       [80.],
       [80.],
       [80.],
       [80.],
       [80.],
       [80.],
       [80.],
       [80.],
       [80.],
       [80.],
       [80.],
       [80.],
       [80.],
       [80.],
       [80.],
       [80.],
       [80.],
       [80.],
       [80.],
       [80.],
       [80.],
       [80.],
       [80.],
       [80.],
       [80.],
       [80.],
       [80.],
       [80.],
       [80.],
       [80.],
       [80.],
       [80.],
       [80.],
       [80.],
       [80.],
       [80.],
       [80.],
       [80.],
       [80.],
       [80.],
       [80.],
       [80.],
       [80.],
       [80.],
       [80.],
       [80.],
       [80.],
       [80.],
       [80.],
       [80.],
       [80.],
       [80.],
       [80.],
       [80.],
       [80.],
       [80.],
       [80.],
       [80.],
       [80.],
       [80.],
       [80.],
       [80.],
       [80.],
       [80.],
       [80.],
       [80.],
       [80.],
       [80.],
       [80.],
       [80.],
       [80.],
       [80.],
       [80.],
       [80.],
       [80.],
       [80.],
       [80.],
       [80.],
       [80.],
       [80.],
       [80.],
       [80.],
       [80.],
       [80.],
       [80.],
       [80.],
       [80.],
       [80.],
       [80.],
       [80.],
       [80.],
       [80.],
       [80.],
       [80.],
       [80.],
       [80.],
       [80.],
       [80.],
       [80.],
       [80.],
       [80.],
       [80.],
       [80.],
       [80.],
       [80.],
       [80.],
       [80.],
       [80.],
       [80.],
       [80.],
       [80.],
       [80.],
       [80.],
       [80.],
       [80.],
       [80.],
       [80.],
       [80.],
       [80.],
       [80.],
       [80.],
       [80.],
       [80.],
       [80.],
       [80.],
       [80.],
       [80.],
       [80.],
       [80.],
       [80.],
       [80.],
       [80.],
       [80.],
       [80.],
       [80.],
       [80.],
       [80.],
       [80.],
       [80.],
       [80.],
       [80.],
       [80.],
       [80.],
       [80.],
       [80.],
       [80.],
       [80.],
       [80.],
       [80.],
       [80.],
       [80.],
       [80.],
       [80.],
       [80.],
       [80.],
       [80.],
       [80.],
       [80.],
       [80.],
       [80.],
       [80.],
       [80.],
       [80.],
       [80.],
       [80.],
       [80.],
       [80.],
       [80.],
       [80.],
       [80.],
       [80.],
       [80.],
       [80.],
       [80.],
       [80.],
       [80.],
       [80.],
       [80.],
       [80.],
       [80.],
       [80.],
       [80.],
       [80.],
       [80.],
       [80.],
       [80.],
       [80.],
       [80.],
       [80.],
       [80.],
       [80.],
       [80.],
       [80.],
       [80.],
       [80.],
       [80.],
       [80.],
       [80.],
       [80.],
       [80.],
       [80.],
       [80.],
       [80.],
       [80.],
       [80.],
       [80.],
       [80.],
       [80.],
       [80.],
       [80.],
       [80.],
       [80.],
       [80.],
       [80.],
       [80.],
       [80.],
       [80.],
       [80.],
       [80.],
       [80.],
       [80.],
       [80.],
       [80.],
       [80.],
       [80.],
       [80.],
       [80.],
       [80.],
       [80.],
       [80.],
       [80.],
       [80.],
       [80.],
       [80.],
       [80.],
       [80.],
       [80.],
       [80.],
       [80.],
       [80.],
       [80.],
       [80.],
       [80.],
       [80.],
       [80.],
       [80.],
       [80.],
       [80.],
       [80.],
       [80.],
       [80.],
       [80.],
       [80.],
       [80.],
       [80.],
       [80.],
       [80.],
       [80.],
       [80.],
       [80.],
       [80.],
       [80.],
       [80.],
       [80.],
       [80.],
       [80.],
       [80.],
       [80.],
       [80.],
       [80.],
       [80.],
       [80.],
       [80.],
       [80.],
       [80.],
       [80.],
       [80.],
       [80.],
       [80.],
       [80.],
       [80.],
       [80.],
       [80.],
       [80.],
       [80.],
       [80.],
       [80.],
       [80.],
       [80.],
       [80.],
       [80.],
       [80.],
       [80.],
       [80.],
       [80.],
       [80.],
       [80.],
       [80.],
       [80.],
       [80.],
       [80.],
       [80.],
       [80.],
       [80.],
       [80.]]), 'dt': 0.01, 'N': 400, 'l': 1e-05}","{'Q': 342.10526315789474, 'gbar': 20.0, 'T': 10000, 'supervisor': array([[-1.89214982e-17],
       [ 4.44288287e-04],
       [ 8.88576529e-04],
       ...,
       [-1.33286468e-03],
       [-8.88576529e-04],
       [-4.44288287e-04]]), 'BIAS': array([[80.],
       [80.],
       [80.],
       [80.],
       [80.],
       [80.],
       [80.],
       [80.],
       [80.],
       [80.],
       [80.],
       [80.],
       [80.],
       [80.],
       [80.],
       [80.],
       [80.],
       [80.],
       [80.],
       [80.],
       [80.],
       [80.],
       [80.],
       [80.],
       [80.],
       [80.],
       [80.],
       [80.],
       [80.],
       [80.],
       [80.],
       [80.],
       [80.],
       [80.],
       [80.],
       [80.],
       [80.],
       [80.],
       [80.],
       [80.],
       [80.],
       [80.],
       [80.],
       [80.],
       [80.],
       [80.],
       [80.],
       [80.],
       [80.],
       [80.],
       [80.],
       [80.],
       [80.],
       [80.],
       [80.],
       [80.],
       [80.],
       [80.],
       [80.],
       [80.],
       [80.],
       [80.],
       [80.],
       [80.],
       [80.],
       [80.],
       [80.],
       [80.],
       [80.],
       [80.],
       [80.],
       [80.],
       [80.],
       [80.],
       [80.],
       [80.],
       [80.],
       [80.],
       [80.],
       [80.],
       [80.],
       [80.],
       [80.],
       [80.],
       [80.],
       [80.],
       [80.],
       [80.],
       [80.],
       [80.],
       [80.],
       [80.],
       [80.],
       [80.],
       [80.],
       [80.],
       [80.],
       [80.],
       [80.],
       [80.],
       [80.],
       [80.],
       [80.],
       [80.],
       [80.],
       [80.],
       [80.],
       [80.],
       [80.],
       [80.],
       [80.],
       [80.],
       [80.],
       [80.],
       [80.],
       [80.],
       [80.],
       [80.],
       [80.],
       [80.],
       [80.],
       [80.],
       [80.],
       [80.],
       [80.],
       [80.],
       [80.],
       [80.],
       [80.],
       [80.],
       [80.],
       [80.],
       [80.],
       [80.],
       [80.],
       [80.],
       [80.],
       [80.],
       [80.],
       [80.],
       [80.],
       [80.],
       [80.],
       [80.],
       [80.],
       [80.],
       [80.],
       [80.],
       [80.],
       [80.],
       [80.],
       [80.],
       [80.],
       [80.],
       [80.],
       [80.],
       [80.],
       [80.],
       [80.],
       [80.],
       [80.],
       [80.],
       [80.],
       [80.],
       [80.],
       [80.],
       [80.],
       [80.],
       [80.],
       [80.],
       [80.],
       [80.],
       [80.],
       [80.],
       [80.],
       [80.],
       [80.],
       [80.],
       [80.],
       [80.],
       [80.],
       [80.],
       [80.],
       [80.],
       [80.],
       [80.],
       [80.],
       [80.],
       [80.],
       [80.],
       [80.],
       [80.],
       [80.],
       [80.],
       [80.],
       [80.],
       [80.],
       [80.],
       [80.],
       [80.],
       [80.],
       [80.],
       [80.],
       [80.],
       [80.],
       [80.],
       [80.],
       [80.],
       [80.],
       [80.],
       [80.],
       [80.],
       [80.],
       [80.],
       [80.],
       [80.],
       [80.],
       [80.],
       [80.],
       [80.],
       [80.],
       [80.],
       [80.],
       [80.],
       [80.],
       [80.],
       [80.],
       [80.],
       [80.],
       [80.],
       [80.],
       [80.],
       [80.],
       [80.],
       [80.],
       [80.],
       [80.],
       [80.],
       [80.],
       [80.],
       [80.],
       [80.],
       [80.],
       [80.],
       [80.],
       [80.],
       [80.],
       [80.],
       [80.],
       [80.],
       [80.],
       [80.],
       [80.],
       [80.],
       [80.],
       [80.],
       [80.],
       [80.],
       [80.],
       [80.],
       [80.],
       [80.],
       [80.],
       [80.],
       [80.],
       [80.],
       [80.],
       [80.],
       [80.],
       [80.],
       [80.],
       [80.],
       [80.],
       [80.],
       [80.],
       [80.],
       [80.],
       [80.],
       [80.],
       [80.],
       [80.],
       [80.],
       [80.],
       [80.],
       [80.],
       [80.],
       [80.],
       [80.],
       [80.],
       [80.],
       [80.],
       [80.],
       [80.],
       [80.],
       [80.],
       [80.],
       [80.],
       [80.],
       [80.],
       [80.],
       [80.],
       [80.],
       [80.],
       [80.],
       [80.],
       [80.],
       [80.],
       [80.],
       [80.],
       [80.],
       [80.],
       [80.],
       [80.],
       [80.],
       [80.],
       [80.],
       [80.],
       [80.],
       [80.],
       [80.],
       [80.],
       [80.],
       [80.],
       [80.],
       [80.],
       [80.],
       [80.],
       [80.],
       [80.],
       [80.],
       [80.],
       [80.],
       [80.],
       [80.],
       [80.],
       [80.],
       [80.],
       [80.],
       [80.],
       [80.],
       [80.],
       [80.],
       [80.],
       [80.],
       [80.],
       [80.],
       [80.],
       [80.],
       [80.],
       [80.],
       [80.],
       [80.],
       [80.],
       [80.],
       [80.],
       [80.],
       [80.],
       [80.],
       [80.],
       [80.],
       [80.],
       [80.],
       [80.],
       [80.],
       [80.],
       [80.],
       [80.],
       [80.],
       [80.],
       [80.],
       [80.],
       [80.],
       [80.],
       [80.],
       [80.],
       [80.],
       [80.],
       [80.],
       [80.],
       [80.],
       [80.],
       [80.],
       [80.],
       [80.],
       [80.],
       [80.],
       [80.],
       [80.],
       [80.],
       [80.],
       [80.],
       [80.],
       [80.],
       [80.],
       [80.],
       [80.],
       [80.],
       [80.],
       [80.],
       [80.]]), 'dt': 0.01, 'N': 400, 'l': 1e-05}"
"{'Q': 368.4210526315789, 'gbar': 0.0, 'T': 10000, 'supervisor': array([[-1.89214982e-17],
       [ 4.44288287e-04],
       [ 8.88576529e-04],
       ...,
       [-1.33286468e-03],
       [-8.88576529e-04],
       [-4.44288287e-04]]), 'BIAS': array([[80.],
       [80.],
       [80.],
       [80.],
       [80.],
       [80.],
       [80.],
       [80.],
       [80.],
       [80.],
       [80.],
       [80.],
       [80.],
       [80.],
       [80.],
       [80.],
       [80.],
       [80.],
       [80.],
       [80.],
       [80.],
       [80.],
       [80.],
       [80.],
       [80.],
       [80.],
       [80.],
       [80.],
       [80.],
       [80.],
       [80.],
       [80.],
       [80.],
       [80.],
       [80.],
       [80.],
       [80.],
       [80.],
       [80.],
       [80.],
       [80.],
       [80.],
       [80.],
       [80.],
       [80.],
       [80.],
       [80.],
       [80.],
       [80.],
       [80.],
       [80.],
       [80.],
       [80.],
       [80.],
       [80.],
       [80.],
       [80.],
       [80.],
       [80.],
       [80.],
       [80.],
       [80.],
       [80.],
       [80.],
       [80.],
       [80.],
       [80.],
       [80.],
       [80.],
       [80.],
       [80.],
       [80.],
       [80.],
       [80.],
       [80.],
       [80.],
       [80.],
       [80.],
       [80.],
       [80.],
       [80.],
       [80.],
       [80.],
       [80.],
       [80.],
       [80.],
       [80.],
       [80.],
       [80.],
       [80.],
       [80.],
       [80.],
       [80.],
       [80.],
       [80.],
       [80.],
       [80.],
       [80.],
       [80.],
       [80.],
       [80.],
       [80.],
       [80.],
       [80.],
       [80.],
       [80.],
       [80.],
       [80.],
       [80.],
       [80.],
       [80.],
       [80.],
       [80.],
       [80.],
       [80.],
       [80.],
       [80.],
       [80.],
       [80.],
       [80.],
       [80.],
       [80.],
       [80.],
       [80.],
       [80.],
       [80.],
       [80.],
       [80.],
       [80.],
       [80.],
       [80.],
       [80.],
       [80.],
       [80.],
       [80.],
       [80.],
       [80.],
       [80.],
       [80.],
       [80.],
       [80.],
       [80.],
       [80.],
       [80.],
       [80.],
       [80.],
       [80.],
       [80.],
       [80.],
       [80.],
       [80.],
       [80.],
       [80.],
       [80.],
       [80.],
       [80.],
       [80.],
       [80.],
       [80.],
       [80.],
       [80.],
       [80.],
       [80.],
       [80.],
       [80.],
       [80.],
       [80.],
       [80.],
       [80.],
       [80.],
       [80.],
       [80.],
       [80.],
       [80.],
       [80.],
       [80.],
       [80.],
       [80.],
       [80.],
       [80.],
       [80.],
       [80.],
       [80.],
       [80.],
       [80.],
       [80.],
       [80.],
       [80.],
       [80.],
       [80.],
       [80.],
       [80.],
       [80.],
       [80.],
       [80.],
       [80.],
       [80.],
       [80.],
       [80.],
       [80.],
       [80.],
       [80.],
       [80.],
       [80.],
       [80.],
       [80.],
       [80.],
       [80.],
       [80.],
       [80.],
       [80.],
       [80.],
       [80.],
       [80.],
       [80.],
       [80.],
       [80.],
       [80.],
       [80.],
       [80.],
       [80.],
       [80.],
       [80.],
       [80.],
       [80.],
       [80.],
       [80.],
       [80.],
       [80.],
       [80.],
       [80.],
       [80.],
       [80.],
       [80.],
       [80.],
       [80.],
       [80.],
       [80.],
       [80.],
       [80.],
       [80.],
       [80.],
       [80.],
       [80.],
       [80.],
       [80.],
       [80.],
       [80.],
       [80.],
       [80.],
       [80.],
       [80.],
       [80.],
       [80.],
       [80.],
       [80.],
       [80.],
       [80.],
       [80.],
       [80.],
       [80.],
       [80.],
       [80.],
       [80.],
       [80.],
       [80.],
       [80.],
       [80.],
       [80.],
       [80.],
       [80.],
       [80.],
       [80.],
       [80.],
       [80.],
       [80.],
       [80.],
       [80.],
       [80.],
       [80.],
       [80.],
       [80.],
       [80.],
       [80.],
       [80.],
       [80.],
       [80.],
       [80.],
       [80.],
       [80.],
       [80.],
       [80.],
       [80.],
       [80.],
       [80.],
       [80.],
       [80.],
       [80.],
       [80.],
       [80.],
       [80.],
       [80.],
       [80.],
       [80.],
       [80.],
       [80.],
       [80.],
       [80.],
       [80.],
       [80.],
       [80.],
       [80.],
       [80.],
       [80.],
       [80.],
       [80.],
       [80.],
       [80.],
       [80.],
       [80.],
       [80.],
       [80.],
       [80.],
       [80.],
       [80.],
       [80.],
       [80.],
       [80.],
       [80.],
       [80.],
       [80.],
       [80.],
       [80.],
       [80.],
       [80.],
       [80.],
       [80.],
       [80.],
       [80.],
       [80.],
       [80.],
       [80.],
       [80.],
       [80.],
       [80.],
       [80.],
       [80.],
       [80.],
       [80.],
       [80.],
       [80.],
       [80.],
       [80.],
       [80.],
       [80.],
       [80.],
       [80.],
       [80.],
       [80.],
       [80.],
       [80.],
       [80.],
       [80.],
       [80.],
       [80.],
       [80.],
       [80.],
       [80.],
       [80.],
       [80.],
       [80.],
       [80.],
       [80.],
       [80.],
       [80.],
       [80.],
       [80.],
       [80.],
       [80.],
       [80.],
       [80.],
       [80.],
       [80.],
       [80.],
       [80.],
       [80.],
       [80.],
       [80.],
       [80.],
       [80.],
       [80.],
       [80.],
       [80.],
       [80.],
       [80.],
       [80.],
       [80.],
       [80.],
       [80.],
       [80.]]), 'dt': 0.01, 'N': 400, 'l': 1e-05}","{'Q': 368.4210526315789, 'gbar': 1.0526315789473684, 'T': 10000, 'supervisor': array([[-1.89214982e-17],
       [ 4.44288287e-04],
       [ 8.88576529e-04],
       ...,
       [-1.33286468e-03],
       [-8.88576529e-04],
       [-4.44288287e-04]]), 'BIAS': array([[80.],
       [80.],
       [80.],
       [80.],
       [80.],
       [80.],
       [80.],
       [80.],
       [80.],
       [80.],
       [80.],
       [80.],
       [80.],
       [80.],
       [80.],
       [80.],
       [80.],
       [80.],
       [80.],
       [80.],
       [80.],
       [80.],
       [80.],
       [80.],
       [80.],
       [80.],
       [80.],
       [80.],
       [80.],
       [80.],
       [80.],
       [80.],
       [80.],
       [80.],
       [80.],
       [80.],
       [80.],
       [80.],
       [80.],
       [80.],
       [80.],
       [80.],
       [80.],
       [80.],
       [80.],
       [80.],
       [80.],
       [80.],
       [80.],
       [80.],
       [80.],
       [80.],
       [80.],
       [80.],
       [80.],
       [80.],
       [80.],
       [80.],
       [80.],
       [80.],
       [80.],
       [80.],
       [80.],
       [80.],
       [80.],
       [80.],
       [80.],
       [80.],
       [80.],
       [80.],
       [80.],
       [80.],
       [80.],
       [80.],
       [80.],
       [80.],
       [80.],
       [80.],
       [80.],
       [80.],
       [80.],
       [80.],
       [80.],
       [80.],
       [80.],
       [80.],
       [80.],
       [80.],
       [80.],
       [80.],
       [80.],
       [80.],
       [80.],
       [80.],
       [80.],
       [80.],
       [80.],
       [80.],
       [80.],
       [80.],
       [80.],
       [80.],
       [80.],
       [80.],
       [80.],
       [80.],
       [80.],
       [80.],
       [80.],
       [80.],
       [80.],
       [80.],
       [80.],
       [80.],
       [80.],
       [80.],
       [80.],
       [80.],
       [80.],
       [80.],
       [80.],
       [80.],
       [80.],
       [80.],
       [80.],
       [80.],
       [80.],
       [80.],
       [80.],
       [80.],
       [80.],
       [80.],
       [80.],
       [80.],
       [80.],
       [80.],
       [80.],
       [80.],
       [80.],
       [80.],
       [80.],
       [80.],
       [80.],
       [80.],
       [80.],
       [80.],
       [80.],
       [80.],
       [80.],
       [80.],
       [80.],
       [80.],
       [80.],
       [80.],
       [80.],
       [80.],
       [80.],
       [80.],
       [80.],
       [80.],
       [80.],
       [80.],
       [80.],
       [80.],
       [80.],
       [80.],
       [80.],
       [80.],
       [80.],
       [80.],
       [80.],
       [80.],
       [80.],
       [80.],
       [80.],
       [80.],
       [80.],
       [80.],
       [80.],
       [80.],
       [80.],
       [80.],
       [80.],
       [80.],
       [80.],
       [80.],
       [80.],
       [80.],
       [80.],
       [80.],
       [80.],
       [80.],
       [80.],
       [80.],
       [80.],
       [80.],
       [80.],
       [80.],
       [80.],
       [80.],
       [80.],
       [80.],
       [80.],
       [80.],
       [80.],
       [80.],
       [80.],
       [80.],
       [80.],
       [80.],
       [80.],
       [80.],
       [80.],
       [80.],
       [80.],
       [80.],
       [80.],
       [80.],
       [80.],
       [80.],
       [80.],
       [80.],
       [80.],
       [80.],
       [80.],
       [80.],
       [80.],
       [80.],
       [80.],
       [80.],
       [80.],
       [80.],
       [80.],
       [80.],
       [80.],
       [80.],
       [80.],
       [80.],
       [80.],
       [80.],
       [80.],
       [80.],
       [80.],
       [80.],
       [80.],
       [80.],
       [80.],
       [80.],
       [80.],
       [80.],
       [80.],
       [80.],
       [80.],
       [80.],
       [80.],
       [80.],
       [80.],
       [80.],
       [80.],
       [80.],
       [80.],
       [80.],
       [80.],
       [80.],
       [80.],
       [80.],
       [80.],
       [80.],
       [80.],
       [80.],
       [80.],
       [80.],
       [80.],
       [80.],
       [80.],
       [80.],
       [80.],
       [80.],
       [80.],
       [80.],
       [80.],
       [80.],
       [80.],
       [80.],
       [80.],
       [80.],
       [80.],
       [80.],
       [80.],
       [80.],
       [80.],
       [80.],
       [80.],
       [80.],
       [80.],
       [80.],
       [80.],
       [80.],
       [80.],
       [80.],
       [80.],
       [80.],
       [80.],
       [80.],
       [80.],
       [80.],
       [80.],
       [80.],
       [80.],
       [80.],
       [80.],
       [80.],
       [80.],
       [80.],
       [80.],
       [80.],
       [80.],
       [80.],
       [80.],
       [80.],
       [80.],
       [80.],
       [80.],
       [80.],
       [80.],
       [80.],
       [80.],
       [80.],
       [80.],
       [80.],
       [80.],
       [80.],
       [80.],
       [80.],
       [80.],
       [80.],
       [80.],
       [80.],
       [80.],
       [80.],
       [80.],
       [80.],
       [80.],
       [80.],
       [80.],
       [80.],
       [80.],
       [80.],
       [80.],
       [80.],
       [80.],
       [80.],
       [80.],
       [80.],
       [80.],
       [80.],
       [80.],
       [80.],
       [80.],
       [80.],
       [80.],
       [80.],
       [80.],
       [80.],
       [80.],
       [80.],
       [80.],
       [80.],
       [80.],
       [80.],
       [80.],
       [80.],
       [80.],
       [80.],
       [80.],
       [80.],
       [80.],
       [80.],
       [80.],
       [80.],
       [80.],
       [80.],
       [80.],
       [80.],
       [80.],
       [80.],
       [80.],
       [80.],
       [80.],
       [80.],
       [80.],
       [80.],
       [80.],
       [80.],
       [80.],
       [80.],
       [80.],
       [80.],
       [80.],
       [80.]]), 'dt': 0.01, 'N': 400, 'l': 1e-05}","{'Q': 368.4210526315789, 'gbar': 2.1052631578947367, 'T': 10000, 'supervisor': array([[-1.89214982e-17],
       [ 4.44288287e-04],
       [ 8.88576529e-04],
       ...,
       [-1.33286468e-03],
       [-8.88576529e-04],
       [-4.44288287e-04]]), 'BIAS': array([[80.],
       [80.],
       [80.],
       [80.],
       [80.],
       [80.],
       [80.],
       [80.],
       [80.],
       [80.],
       [80.],
       [80.],
       [80.],
       [80.],
       [80.],
       [80.],
       [80.],
       [80.],
       [80.],
       [80.],
       [80.],
       [80.],
       [80.],
       [80.],
       [80.],
       [80.],
       [80.],
       [80.],
       [80.],
       [80.],
       [80.],
       [80.],
       [80.],
       [80.],
       [80.],
       [80.],
       [80.],
       [80.],
       [80.],
       [80.],
       [80.],
       [80.],
       [80.],
       [80.],
       [80.],
       [80.],
       [80.],
       [80.],
       [80.],
       [80.],
       [80.],
       [80.],
       [80.],
       [80.],
       [80.],
       [80.],
       [80.],
       [80.],
       [80.],
       [80.],
       [80.],
       [80.],
       [80.],
       [80.],
       [80.],
       [80.],
       [80.],
       [80.],
       [80.],
       [80.],
       [80.],
       [80.],
       [80.],
       [80.],
       [80.],
       [80.],
       [80.],
       [80.],
       [80.],
       [80.],
       [80.],
       [80.],
       [80.],
       [80.],
       [80.],
       [80.],
       [80.],
       [80.],
       [80.],
       [80.],
       [80.],
       [80.],
       [80.],
       [80.],
       [80.],
       [80.],
       [80.],
       [80.],
       [80.],
       [80.],
       [80.],
       [80.],
       [80.],
       [80.],
       [80.],
       [80.],
       [80.],
       [80.],
       [80.],
       [80.],
       [80.],
       [80.],
       [80.],
       [80.],
       [80.],
       [80.],
       [80.],
       [80.],
       [80.],
       [80.],
       [80.],
       [80.],
       [80.],
       [80.],
       [80.],
       [80.],
       [80.],
       [80.],
       [80.],
       [80.],
       [80.],
       [80.],
       [80.],
       [80.],
       [80.],
       [80.],
       [80.],
       [80.],
       [80.],
       [80.],
       [80.],
       [80.],
       [80.],
       [80.],
       [80.],
       [80.],
       [80.],
       [80.],
       [80.],
       [80.],
       [80.],
       [80.],
       [80.],
       [80.],
       [80.],
       [80.],
       [80.],
       [80.],
       [80.],
       [80.],
       [80.],
       [80.],
       [80.],
       [80.],
       [80.],
       [80.],
       [80.],
       [80.],
       [80.],
       [80.],
       [80.],
       [80.],
       [80.],
       [80.],
       [80.],
       [80.],
       [80.],
       [80.],
       [80.],
       [80.],
       [80.],
       [80.],
       [80.],
       [80.],
       [80.],
       [80.],
       [80.],
       [80.],
       [80.],
       [80.],
       [80.],
       [80.],
       [80.],
       [80.],
       [80.],
       [80.],
       [80.],
       [80.],
       [80.],
       [80.],
       [80.],
       [80.],
       [80.],
       [80.],
       [80.],
       [80.],
       [80.],
       [80.],
       [80.],
       [80.],
       [80.],
       [80.],
       [80.],
       [80.],
       [80.],
       [80.],
       [80.],
       [80.],
       [80.],
       [80.],
       [80.],
       [80.],
       [80.],
       [80.],
       [80.],
       [80.],
       [80.],
       [80.],
       [80.],
       [80.],
       [80.],
       [80.],
       [80.],
       [80.],
       [80.],
       [80.],
       [80.],
       [80.],
       [80.],
       [80.],
       [80.],
       [80.],
       [80.],
       [80.],
       [80.],
       [80.],
       [80.],
       [80.],
       [80.],
       [80.],
       [80.],
       [80.],
       [80.],
       [80.],
       [80.],
       [80.],
       [80.],
       [80.],
       [80.],
       [80.],
       [80.],
       [80.],
       [80.],
       [80.],
       [80.],
       [80.],
       [80.],
       [80.],
       [80.],
       [80.],
       [80.],
       [80.],
       [80.],
       [80.],
       [80.],
       [80.],
       [80.],
       [80.],
       [80.],
       [80.],
       [80.],
       [80.],
       [80.],
       [80.],
       [80.],
       [80.],
       [80.],
       [80.],
       [80.],
       [80.],
       [80.],
       [80.],
       [80.],
       [80.],
       [80.],
       [80.],
       [80.],
       [80.],
       [80.],
       [80.],
       [80.],
       [80.],
       [80.],
       [80.],
       [80.],
       [80.],
       [80.],
       [80.],
       [80.],
       [80.],
       [80.],
       [80.],
       [80.],
       [80.],
       [80.],
       [80.],
       [80.],
       [80.],
       [80.],
       [80.],
       [80.],
       [80.],
       [80.],
       [80.],
       [80.],
       [80.],
       [80.],
       [80.],
       [80.],
       [80.],
       [80.],
       [80.],
       [80.],
       [80.],
       [80.],
       [80.],
       [80.],
       [80.],
       [80.],
       [80.],
       [80.],
       [80.],
       [80.],
       [80.],
       [80.],
       [80.],
       [80.],
       [80.],
       [80.],
       [80.],
       [80.],
       [80.],
       [80.],
       [80.],
       [80.],
       [80.],
       [80.],
       [80.],
       [80.],
       [80.],
       [80.],
       [80.],
       [80.],
       [80.],
       [80.],
       [80.],
       [80.],
       [80.],
       [80.],
       [80.],
       [80.],
       [80.],
       [80.],
       [80.],
       [80.],
       [80.],
       [80.],
       [80.],
       [80.],
       [80.],
       [80.],
       [80.],
       [80.],
       [80.],
       [80.],
       [80.],
       [80.],
       [80.],
       [80.],
       [80.],
       [80.],
       [80.],
       [80.],
       [80.],
       [80.],
       [80.],
       [80.],
       [80.],
       [80.],
       [80.]]), 'dt': 0.01, 'N': 400, 'l': 1e-05}","{'Q': 368.4210526315789, 'gbar': 3.1578947368421053, 'T': 10000, 'supervisor': array([[-1.89214982e-17],
       [ 4.44288287e-04],
       [ 8.88576529e-04],
       ...,
       [-1.33286468e-03],
       [-8.88576529e-04],
       [-4.44288287e-04]]), 'BIAS': array([[80.],
       [80.],
       [80.],
       [80.],
       [80.],
       [80.],
       [80.],
       [80.],
       [80.],
       [80.],
       [80.],
       [80.],
       [80.],
       [80.],
       [80.],
       [80.],
       [80.],
       [80.],
       [80.],
       [80.],
       [80.],
       [80.],
       [80.],
       [80.],
       [80.],
       [80.],
       [80.],
       [80.],
       [80.],
       [80.],
       [80.],
       [80.],
       [80.],
       [80.],
       [80.],
       [80.],
       [80.],
       [80.],
       [80.],
       [80.],
       [80.],
       [80.],
       [80.],
       [80.],
       [80.],
       [80.],
       [80.],
       [80.],
       [80.],
       [80.],
       [80.],
       [80.],
       [80.],
       [80.],
       [80.],
       [80.],
       [80.],
       [80.],
       [80.],
       [80.],
       [80.],
       [80.],
       [80.],
       [80.],
       [80.],
       [80.],
       [80.],
       [80.],
       [80.],
       [80.],
       [80.],
       [80.],
       [80.],
       [80.],
       [80.],
       [80.],
       [80.],
       [80.],
       [80.],
       [80.],
       [80.],
       [80.],
       [80.],
       [80.],
       [80.],
       [80.],
       [80.],
       [80.],
       [80.],
       [80.],
       [80.],
       [80.],
       [80.],
       [80.],
       [80.],
       [80.],
       [80.],
       [80.],
       [80.],
       [80.],
       [80.],
       [80.],
       [80.],
       [80.],
       [80.],
       [80.],
       [80.],
       [80.],
       [80.],
       [80.],
       [80.],
       [80.],
       [80.],
       [80.],
       [80.],
       [80.],
       [80.],
       [80.],
       [80.],
       [80.],
       [80.],
       [80.],
       [80.],
       [80.],
       [80.],
       [80.],
       [80.],
       [80.],
       [80.],
       [80.],
       [80.],
       [80.],
       [80.],
       [80.],
       [80.],
       [80.],
       [80.],
       [80.],
       [80.],
       [80.],
       [80.],
       [80.],
       [80.],
       [80.],
       [80.],
       [80.],
       [80.],
       [80.],
       [80.],
       [80.],
       [80.],
       [80.],
       [80.],
       [80.],
       [80.],
       [80.],
       [80.],
       [80.],
       [80.],
       [80.],
       [80.],
       [80.],
       [80.],
       [80.],
       [80.],
       [80.],
       [80.],
       [80.],
       [80.],
       [80.],
       [80.],
       [80.],
       [80.],
       [80.],
       [80.],
       [80.],
       [80.],
       [80.],
       [80.],
       [80.],
       [80.],
       [80.],
       [80.],
       [80.],
       [80.],
       [80.],
       [80.],
       [80.],
       [80.],
       [80.],
       [80.],
       [80.],
       [80.],
       [80.],
       [80.],
       [80.],
       [80.],
       [80.],
       [80.],
       [80.],
       [80.],
       [80.],
       [80.],
       [80.],
       [80.],
       [80.],
       [80.],
       [80.],
       [80.],
       [80.],
       [80.],
       [80.],
       [80.],
       [80.],
       [80.],
       [80.],
       [80.],
       [80.],
       [80.],
       [80.],
       [80.],
       [80.],
       [80.],
       [80.],
       [80.],
       [80.],
       [80.],
       [80.],
       [80.],
       [80.],
       [80.],
       [80.],
       [80.],
       [80.],
       [80.],
       [80.],
       [80.],
       [80.],
       [80.],
       [80.],
       [80.],
       [80.],
       [80.],
       [80.],
       [80.],
       [80.],
       [80.],
       [80.],
       [80.],
       [80.],
       [80.],
       [80.],
       [80.],
       [80.],
       [80.],
       [80.],
       [80.],
       [80.],
       [80.],
       [80.],
       [80.],
       [80.],
       [80.],
       [80.],
       [80.],
       [80.],
       [80.],
       [80.],
       [80.],
       [80.],
       [80.],
       [80.],
       [80.],
       [80.],
       [80.],
       [80.],
       [80.],
       [80.],
       [80.],
       [80.],
       [80.],
       [80.],
       [80.],
       [80.],
       [80.],
       [80.],
       [80.],
       [80.],
       [80.],
       [80.],
       [80.],
       [80.],
       [80.],
       [80.],
       [80.],
       [80.],
       [80.],
       [80.],
       [80.],
       [80.],
       [80.],
       [80.],
       [80.],
       [80.],
       [80.],
       [80.],
       [80.],
       [80.],
       [80.],
       [80.],
       [80.],
       [80.],
       [80.],
       [80.],
       [80.],
       [80.],
       [80.],
       [80.],
       [80.],
       [80.],
       [80.],
       [80.],
       [80.],
       [80.],
       [80.],
       [80.],
       [80.],
       [80.],
       [80.],
       [80.],
       [80.],
       [80.],
       [80.],
       [80.],
       [80.],
       [80.],
       [80.],
       [80.],
       [80.],
       [80.],
       [80.],
       [80.],
       [80.],
       [80.],
       [80.],
       [80.],
       [80.],
       [80.],
       [80.],
       [80.],
       [80.],
       [80.],
       [80.],
       [80.],
       [80.],
       [80.],
       [80.],
       [80.],
       [80.],
       [80.],
       [80.],
       [80.],
       [80.],
       [80.],
       [80.],
       [80.],
       [80.],
       [80.],
       [80.],
       [80.],
       [80.],
       [80.],
       [80.],
       [80.],
       [80.],
       [80.],
       [80.],
       [80.],
       [80.],
       [80.],
       [80.],
       [80.],
       [80.],
       [80.],
       [80.],
       [80.],
       [80.],
       [80.],
       [80.],
       [80.],
       [80.],
       [80.],
       [80.],
       [80.],
       [80.],
       [80.],
       [80.],
       [80.],
       [80.],
       [80.]]), 'dt': 0.01, 'N': 400, 'l': 1e-05}","{'Q': 368.4210526315789, 'gbar': 4.2105263157894735, 'T': 10000, 'supervisor': array([[-1.89214982e-17],
       [ 4.44288287e-04],
       [ 8.88576529e-04],
       ...,
       [-1.33286468e-03],
       [-8.88576529e-04],
       [-4.44288287e-04]]), 'BIAS': array([[80.],
       [80.],
       [80.],
       [80.],
       [80.],
       [80.],
       [80.],
       [80.],
       [80.],
       [80.],
       [80.],
       [80.],
       [80.],
       [80.],
       [80.],
       [80.],
       [80.],
       [80.],
       [80.],
       [80.],
       [80.],
       [80.],
       [80.],
       [80.],
       [80.],
       [80.],
       [80.],
       [80.],
       [80.],
       [80.],
       [80.],
       [80.],
       [80.],
       [80.],
       [80.],
       [80.],
       [80.],
       [80.],
       [80.],
       [80.],
       [80.],
       [80.],
       [80.],
       [80.],
       [80.],
       [80.],
       [80.],
       [80.],
       [80.],
       [80.],
       [80.],
       [80.],
       [80.],
       [80.],
       [80.],
       [80.],
       [80.],
       [80.],
       [80.],
       [80.],
       [80.],
       [80.],
       [80.],
       [80.],
       [80.],
       [80.],
       [80.],
       [80.],
       [80.],
       [80.],
       [80.],
       [80.],
       [80.],
       [80.],
       [80.],
       [80.],
       [80.],
       [80.],
       [80.],
       [80.],
       [80.],
       [80.],
       [80.],
       [80.],
       [80.],
       [80.],
       [80.],
       [80.],
       [80.],
       [80.],
       [80.],
       [80.],
       [80.],
       [80.],
       [80.],
       [80.],
       [80.],
       [80.],
       [80.],
       [80.],
       [80.],
       [80.],
       [80.],
       [80.],
       [80.],
       [80.],
       [80.],
       [80.],
       [80.],
       [80.],
       [80.],
       [80.],
       [80.],
       [80.],
       [80.],
       [80.],
       [80.],
       [80.],
       [80.],
       [80.],
       [80.],
       [80.],
       [80.],
       [80.],
       [80.],
       [80.],
       [80.],
       [80.],
       [80.],
       [80.],
       [80.],
       [80.],
       [80.],
       [80.],
       [80.],
       [80.],
       [80.],
       [80.],
       [80.],
       [80.],
       [80.],
       [80.],
       [80.],
       [80.],
       [80.],
       [80.],
       [80.],
       [80.],
       [80.],
       [80.],
       [80.],
       [80.],
       [80.],
       [80.],
       [80.],
       [80.],
       [80.],
       [80.],
       [80.],
       [80.],
       [80.],
       [80.],
       [80.],
       [80.],
       [80.],
       [80.],
       [80.],
       [80.],
       [80.],
       [80.],
       [80.],
       [80.],
       [80.],
       [80.],
       [80.],
       [80.],
       [80.],
       [80.],
       [80.],
       [80.],
       [80.],
       [80.],
       [80.],
       [80.],
       [80.],
       [80.],
       [80.],
       [80.],
       [80.],
       [80.],
       [80.],
       [80.],
       [80.],
       [80.],
       [80.],
       [80.],
       [80.],
       [80.],
       [80.],
       [80.],
       [80.],
       [80.],
       [80.],
       [80.],
       [80.],
       [80.],
       [80.],
       [80.],
       [80.],
       [80.],
       [80.],
       [80.],
       [80.],
       [80.],
       [80.],
       [80.],
       [80.],
       [80.],
       [80.],
       [80.],
       [80.],
       [80.],
       [80.],
       [80.],
       [80.],
       [80.],
       [80.],
       [80.],
       [80.],
       [80.],
       [80.],
       [80.],
       [80.],
       [80.],
       [80.],
       [80.],
       [80.],
       [80.],
       [80.],
       [80.],
       [80.],
       [80.],
       [80.],
       [80.],
       [80.],
       [80.],
       [80.],
       [80.],
       [80.],
       [80.],
       [80.],
       [80.],
       [80.],
       [80.],
       [80.],
       [80.],
       [80.],
       [80.],
       [80.],
       [80.],
       [80.],
       [80.],
       [80.],
       [80.],
       [80.],
       [80.],
       [80.],
       [80.],
       [80.],
       [80.],
       [80.],
       [80.],
       [80.],
       [80.],
       [80.],
       [80.],
       [80.],
       [80.],
       [80.],
       [80.],
       [80.],
       [80.],
       [80.],
       [80.],
       [80.],
       [80.],
       [80.],
       [80.],
       [80.],
       [80.],
       [80.],
       [80.],
       [80.],
       [80.],
       [80.],
       [80.],
       [80.],
       [80.],
       [80.],
       [80.],
       [80.],
       [80.],
       [80.],
       [80.],
       [80.],
       [80.],
       [80.],
       [80.],
       [80.],
       [80.],
       [80.],
       [80.],
       [80.],
       [80.],
       [80.],
       [80.],
       [80.],
       [80.],
       [80.],
       [80.],
       [80.],
       [80.],
       [80.],
       [80.],
       [80.],
       [80.],
       [80.],
       [80.],
       [80.],
       [80.],
       [80.],
       [80.],
       [80.],
       [80.],
       [80.],
       [80.],
       [80.],
       [80.],
       [80.],
       [80.],
       [80.],
       [80.],
       [80.],
       [80.],
       [80.],
       [80.],
       [80.],
       [80.],
       [80.],
       [80.],
       [80.],
       [80.],
       [80.],
       [80.],
       [80.],
       [80.],
       [80.],
       [80.],
       [80.],
       [80.],
       [80.],
       [80.],
       [80.],
       [80.],
       [80.],
       [80.],
       [80.],
       [80.],
       [80.],
       [80.],
       [80.],
       [80.],
       [80.],
       [80.],
       [80.],
       [80.],
       [80.],
       [80.],
       [80.],
       [80.],
       [80.],
       [80.],
       [80.],
       [80.],
       [80.],
       [80.],
       [80.],
       [80.],
       [80.],
       [80.],
       [80.],
       [80.],
       [80.],
       [80.],
       [80.],
       [80.],
       [80.],
       [80.],
       [80.],
       [80.]]), 'dt': 0.01, 'N': 400, 'l': 1e-05}","{'Q': 368.4210526315789, 'gbar': 5.263157894736842, 'T': 10000, 'supervisor': array([[-1.89214982e-17],
       [ 4.44288287e-04],
       [ 8.88576529e-04],
       ...,
       [-1.33286468e-03],
       [-8.88576529e-04],
       [-4.44288287e-04]]), 'BIAS': array([[80.],
       [80.],
       [80.],
       [80.],
       [80.],
       [80.],
       [80.],
       [80.],
       [80.],
       [80.],
       [80.],
       [80.],
       [80.],
       [80.],
       [80.],
       [80.],
       [80.],
       [80.],
       [80.],
       [80.],
       [80.],
       [80.],
       [80.],
       [80.],
       [80.],
       [80.],
       [80.],
       [80.],
       [80.],
       [80.],
       [80.],
       [80.],
       [80.],
       [80.],
       [80.],
       [80.],
       [80.],
       [80.],
       [80.],
       [80.],
       [80.],
       [80.],
       [80.],
       [80.],
       [80.],
       [80.],
       [80.],
       [80.],
       [80.],
       [80.],
       [80.],
       [80.],
       [80.],
       [80.],
       [80.],
       [80.],
       [80.],
       [80.],
       [80.],
       [80.],
       [80.],
       [80.],
       [80.],
       [80.],
       [80.],
       [80.],
       [80.],
       [80.],
       [80.],
       [80.],
       [80.],
       [80.],
       [80.],
       [80.],
       [80.],
       [80.],
       [80.],
       [80.],
       [80.],
       [80.],
       [80.],
       [80.],
       [80.],
       [80.],
       [80.],
       [80.],
       [80.],
       [80.],
       [80.],
       [80.],
       [80.],
       [80.],
       [80.],
       [80.],
       [80.],
       [80.],
       [80.],
       [80.],
       [80.],
       [80.],
       [80.],
       [80.],
       [80.],
       [80.],
       [80.],
       [80.],
       [80.],
       [80.],
       [80.],
       [80.],
       [80.],
       [80.],
       [80.],
       [80.],
       [80.],
       [80.],
       [80.],
       [80.],
       [80.],
       [80.],
       [80.],
       [80.],
       [80.],
       [80.],
       [80.],
       [80.],
       [80.],
       [80.],
       [80.],
       [80.],
       [80.],
       [80.],
       [80.],
       [80.],
       [80.],
       [80.],
       [80.],
       [80.],
       [80.],
       [80.],
       [80.],
       [80.],
       [80.],
       [80.],
       [80.],
       [80.],
       [80.],
       [80.],
       [80.],
       [80.],
       [80.],
       [80.],
       [80.],
       [80.],
       [80.],
       [80.],
       [80.],
       [80.],
       [80.],
       [80.],
       [80.],
       [80.],
       [80.],
       [80.],
       [80.],
       [80.],
       [80.],
       [80.],
       [80.],
       [80.],
       [80.],
       [80.],
       [80.],
       [80.],
       [80.],
       [80.],
       [80.],
       [80.],
       [80.],
       [80.],
       [80.],
       [80.],
       [80.],
       [80.],
       [80.],
       [80.],
       [80.],
       [80.],
       [80.],
       [80.],
       [80.],
       [80.],
       [80.],
       [80.],
       [80.],
       [80.],
       [80.],
       [80.],
       [80.],
       [80.],
       [80.],
       [80.],
       [80.],
       [80.],
       [80.],
       [80.],
       [80.],
       [80.],
       [80.],
       [80.],
       [80.],
       [80.],
       [80.],
       [80.],
       [80.],
       [80.],
       [80.],
       [80.],
       [80.],
       [80.],
       [80.],
       [80.],
       [80.],
       [80.],
       [80.],
       [80.],
       [80.],
       [80.],
       [80.],
       [80.],
       [80.],
       [80.],
       [80.],
       [80.],
       [80.],
       [80.],
       [80.],
       [80.],
       [80.],
       [80.],
       [80.],
       [80.],
       [80.],
       [80.],
       [80.],
       [80.],
       [80.],
       [80.],
       [80.],
       [80.],
       [80.],
       [80.],
       [80.],
       [80.],
       [80.],
       [80.],
       [80.],
       [80.],
       [80.],
       [80.],
       [80.],
       [80.],
       [80.],
       [80.],
       [80.],
       [80.],
       [80.],
       [80.],
       [80.],
       [80.],
       [80.],
       [80.],
       [80.],
       [80.],
       [80.],
       [80.],
       [80.],
       [80.],
       [80.],
       [80.],
       [80.],
       [80.],
       [80.],
       [80.],
       [80.],
       [80.],
       [80.],
       [80.],
       [80.],
       [80.],
       [80.],
       [80.],
       [80.],
       [80.],
       [80.],
       [80.],
       [80.],
       [80.],
       [80.],
       [80.],
       [80.],
       [80.],
       [80.],
       [80.],
       [80.],
       [80.],
       [80.],
       [80.],
       [80.],
       [80.],
       [80.],
       [80.],
       [80.],
       [80.],
       [80.],
       [80.],
       [80.],
       [80.],
       [80.],
       [80.],
       [80.],
       [80.],
       [80.],
       [80.],
       [80.],
       [80.],
       [80.],
       [80.],
       [80.],
       [80.],
       [80.],
       [80.],
       [80.],
       [80.],
       [80.],
       [80.],
       [80.],
       [80.],
       [80.],
       [80.],
       [80.],
       [80.],
       [80.],
       [80.],
       [80.],
       [80.],
       [80.],
       [80.],
       [80.],
       [80.],
       [80.],
       [80.],
       [80.],
       [80.],
       [80.],
       [80.],
       [80.],
       [80.],
       [80.],
       [80.],
       [80.],
       [80.],
       [80.],
       [80.],
       [80.],
       [80.],
       [80.],
       [80.],
       [80.],
       [80.],
       [80.],
       [80.],
       [80.],
       [80.],
       [80.],
       [80.],
       [80.],
       [80.],
       [80.],
       [80.],
       [80.],
       [80.],
       [80.],
       [80.],
       [80.],
       [80.],
       [80.],
       [80.],
       [80.],
       [80.],
       [80.],
       [80.],
       [80.],
       [80.],
       [80.],
       [80.],
       [80.],
       [80.],
       [80.],
       [80.]]), 'dt': 0.01, 'N': 400, 'l': 1e-05}","{'Q': 368.4210526315789, 'gbar': 6.315789473684211, 'T': 10000, 'supervisor': array([[-1.89214982e-17],
       [ 4.44288287e-04],
       [ 8.88576529e-04],
       ...,
       [-1.33286468e-03],
       [-8.88576529e-04],
       [-4.44288287e-04]]), 'BIAS': array([[80.],
       [80.],
       [80.],
       [80.],
       [80.],
       [80.],
       [80.],
       [80.],
       [80.],
       [80.],
       [80.],
       [80.],
       [80.],
       [80.],
       [80.],
       [80.],
       [80.],
       [80.],
       [80.],
       [80.],
       [80.],
       [80.],
       [80.],
       [80.],
       [80.],
       [80.],
       [80.],
       [80.],
       [80.],
       [80.],
       [80.],
       [80.],
       [80.],
       [80.],
       [80.],
       [80.],
       [80.],
       [80.],
       [80.],
       [80.],
       [80.],
       [80.],
       [80.],
       [80.],
       [80.],
       [80.],
       [80.],
       [80.],
       [80.],
       [80.],
       [80.],
       [80.],
       [80.],
       [80.],
       [80.],
       [80.],
       [80.],
       [80.],
       [80.],
       [80.],
       [80.],
       [80.],
       [80.],
       [80.],
       [80.],
       [80.],
       [80.],
       [80.],
       [80.],
       [80.],
       [80.],
       [80.],
       [80.],
       [80.],
       [80.],
       [80.],
       [80.],
       [80.],
       [80.],
       [80.],
       [80.],
       [80.],
       [80.],
       [80.],
       [80.],
       [80.],
       [80.],
       [80.],
       [80.],
       [80.],
       [80.],
       [80.],
       [80.],
       [80.],
       [80.],
       [80.],
       [80.],
       [80.],
       [80.],
       [80.],
       [80.],
       [80.],
       [80.],
       [80.],
       [80.],
       [80.],
       [80.],
       [80.],
       [80.],
       [80.],
       [80.],
       [80.],
       [80.],
       [80.],
       [80.],
       [80.],
       [80.],
       [80.],
       [80.],
       [80.],
       [80.],
       [80.],
       [80.],
       [80.],
       [80.],
       [80.],
       [80.],
       [80.],
       [80.],
       [80.],
       [80.],
       [80.],
       [80.],
       [80.],
       [80.],
       [80.],
       [80.],
       [80.],
       [80.],
       [80.],
       [80.],
       [80.],
       [80.],
       [80.],
       [80.],
       [80.],
       [80.],
       [80.],
       [80.],
       [80.],
       [80.],
       [80.],
       [80.],
       [80.],
       [80.],
       [80.],
       [80.],
       [80.],
       [80.],
       [80.],
       [80.],
       [80.],
       [80.],
       [80.],
       [80.],
       [80.],
       [80.],
       [80.],
       [80.],
       [80.],
       [80.],
       [80.],
       [80.],
       [80.],
       [80.],
       [80.],
       [80.],
       [80.],
       [80.],
       [80.],
       [80.],
       [80.],
       [80.],
       [80.],
       [80.],
       [80.],
       [80.],
       [80.],
       [80.],
       [80.],
       [80.],
       [80.],
       [80.],
       [80.],
       [80.],
       [80.],
       [80.],
       [80.],
       [80.],
       [80.],
       [80.],
       [80.],
       [80.],
       [80.],
       [80.],
       [80.],
       [80.],
       [80.],
       [80.],
       [80.],
       [80.],
       [80.],
       [80.],
       [80.],
       [80.],
       [80.],
       [80.],
       [80.],
       [80.],
       [80.],
       [80.],
       [80.],
       [80.],
       [80.],
       [80.],
       [80.],
       [80.],
       [80.],
       [80.],
       [80.],
       [80.],
       [80.],
       [80.],
       [80.],
       [80.],
       [80.],
       [80.],
       [80.],
       [80.],
       [80.],
       [80.],
       [80.],
       [80.],
       [80.],
       [80.],
       [80.],
       [80.],
       [80.],
       [80.],
       [80.],
       [80.],
       [80.],
       [80.],
       [80.],
       [80.],
       [80.],
       [80.],
       [80.],
       [80.],
       [80.],
       [80.],
       [80.],
       [80.],
       [80.],
       [80.],
       [80.],
       [80.],
       [80.],
       [80.],
       [80.],
       [80.],
       [80.],
       [80.],
       [80.],
       [80.],
       [80.],
       [80.],
       [80.],
       [80.],
       [80.],
       [80.],
       [80.],
       [80.],
       [80.],
       [80.],
       [80.],
       [80.],
       [80.],
       [80.],
       [80.],
       [80.],
       [80.],
       [80.],
       [80.],
       [80.],
       [80.],
       [80.],
       [80.],
       [80.],
       [80.],
       [80.],
       [80.],
       [80.],
       [80.],
       [80.],
       [80.],
       [80.],
       [80.],
       [80.],
       [80.],
       [80.],
       [80.],
       [80.],
       [80.],
       [80.],
       [80.],
       [80.],
       [80.],
       [80.],
       [80.],
       [80.],
       [80.],
       [80.],
       [80.],
       [80.],
       [80.],
       [80.],
       [80.],
       [80.],
       [80.],
       [80.],
       [80.],
       [80.],
       [80.],
       [80.],
       [80.],
       [80.],
       [80.],
       [80.],
       [80.],
       [80.],
       [80.],
       [80.],
       [80.],
       [80.],
       [80.],
       [80.],
       [80.],
       [80.],
       [80.],
       [80.],
       [80.],
       [80.],
       [80.],
       [80.],
       [80.],
       [80.],
       [80.],
       [80.],
       [80.],
       [80.],
       [80.],
       [80.],
       [80.],
       [80.],
       [80.],
       [80.],
       [80.],
       [80.],
       [80.],
       [80.],
       [80.],
       [80.],
       [80.],
       [80.],
       [80.],
       [80.],
       [80.],
       [80.],
       [80.],
       [80.],
       [80.],
       [80.],
       [80.],
       [80.],
       [80.],
       [80.],
       [80.],
       [80.],
       [80.],
       [80.],
       [80.],
       [80.],
       [80.],
       [80.],
       [80.],
       [80.],
       [80.],
       [80.],
       [80.]]), 'dt': 0.01, 'N': 400, 'l': 1e-05}","{'Q': 368.4210526315789, 'gbar': 7.368421052631579, 'T': 10000, 'supervisor': array([[-1.89214982e-17],
       [ 4.44288287e-04],
       [ 8.88576529e-04],
       ...,
       [-1.33286468e-03],
       [-8.88576529e-04],
       [-4.44288287e-04]]), 'BIAS': array([[80.],
       [80.],
       [80.],
       [80.],
       [80.],
       [80.],
       [80.],
       [80.],
       [80.],
       [80.],
       [80.],
       [80.],
       [80.],
       [80.],
       [80.],
       [80.],
       [80.],
       [80.],
       [80.],
       [80.],
       [80.],
       [80.],
       [80.],
       [80.],
       [80.],
       [80.],
       [80.],
       [80.],
       [80.],
       [80.],
       [80.],
       [80.],
       [80.],
       [80.],
       [80.],
       [80.],
       [80.],
       [80.],
       [80.],
       [80.],
       [80.],
       [80.],
       [80.],
       [80.],
       [80.],
       [80.],
       [80.],
       [80.],
       [80.],
       [80.],
       [80.],
       [80.],
       [80.],
       [80.],
       [80.],
       [80.],
       [80.],
       [80.],
       [80.],
       [80.],
       [80.],
       [80.],
       [80.],
       [80.],
       [80.],
       [80.],
       [80.],
       [80.],
       [80.],
       [80.],
       [80.],
       [80.],
       [80.],
       [80.],
       [80.],
       [80.],
       [80.],
       [80.],
       [80.],
       [80.],
       [80.],
       [80.],
       [80.],
       [80.],
       [80.],
       [80.],
       [80.],
       [80.],
       [80.],
       [80.],
       [80.],
       [80.],
       [80.],
       [80.],
       [80.],
       [80.],
       [80.],
       [80.],
       [80.],
       [80.],
       [80.],
       [80.],
       [80.],
       [80.],
       [80.],
       [80.],
       [80.],
       [80.],
       [80.],
       [80.],
       [80.],
       [80.],
       [80.],
       [80.],
       [80.],
       [80.],
       [80.],
       [80.],
       [80.],
       [80.],
       [80.],
       [80.],
       [80.],
       [80.],
       [80.],
       [80.],
       [80.],
       [80.],
       [80.],
       [80.],
       [80.],
       [80.],
       [80.],
       [80.],
       [80.],
       [80.],
       [80.],
       [80.],
       [80.],
       [80.],
       [80.],
       [80.],
       [80.],
       [80.],
       [80.],
       [80.],
       [80.],
       [80.],
       [80.],
       [80.],
       [80.],
       [80.],
       [80.],
       [80.],
       [80.],
       [80.],
       [80.],
       [80.],
       [80.],
       [80.],
       [80.],
       [80.],
       [80.],
       [80.],
       [80.],
       [80.],
       [80.],
       [80.],
       [80.],
       [80.],
       [80.],
       [80.],
       [80.],
       [80.],
       [80.],
       [80.],
       [80.],
       [80.],
       [80.],
       [80.],
       [80.],
       [80.],
       [80.],
       [80.],
       [80.],
       [80.],
       [80.],
       [80.],
       [80.],
       [80.],
       [80.],
       [80.],
       [80.],
       [80.],
       [80.],
       [80.],
       [80.],
       [80.],
       [80.],
       [80.],
       [80.],
       [80.],
       [80.],
       [80.],
       [80.],
       [80.],
       [80.],
       [80.],
       [80.],
       [80.],
       [80.],
       [80.],
       [80.],
       [80.],
       [80.],
       [80.],
       [80.],
       [80.],
       [80.],
       [80.],
       [80.],
       [80.],
       [80.],
       [80.],
       [80.],
       [80.],
       [80.],
       [80.],
       [80.],
       [80.],
       [80.],
       [80.],
       [80.],
       [80.],
       [80.],
       [80.],
       [80.],
       [80.],
       [80.],
       [80.],
       [80.],
       [80.],
       [80.],
       [80.],
       [80.],
       [80.],
       [80.],
       [80.],
       [80.],
       [80.],
       [80.],
       [80.],
       [80.],
       [80.],
       [80.],
       [80.],
       [80.],
       [80.],
       [80.],
       [80.],
       [80.],
       [80.],
       [80.],
       [80.],
       [80.],
       [80.],
       [80.],
       [80.],
       [80.],
       [80.],
       [80.],
       [80.],
       [80.],
       [80.],
       [80.],
       [80.],
       [80.],
       [80.],
       [80.],
       [80.],
       [80.],
       [80.],
       [80.],
       [80.],
       [80.],
       [80.],
       [80.],
       [80.],
       [80.],
       [80.],
       [80.],
       [80.],
       [80.],
       [80.],
       [80.],
       [80.],
       [80.],
       [80.],
       [80.],
       [80.],
       [80.],
       [80.],
       [80.],
       [80.],
       [80.],
       [80.],
       [80.],
       [80.],
       [80.],
       [80.],
       [80.],
       [80.],
       [80.],
       [80.],
       [80.],
       [80.],
       [80.],
       [80.],
       [80.],
       [80.],
       [80.],
       [80.],
       [80.],
       [80.],
       [80.],
       [80.],
       [80.],
       [80.],
       [80.],
       [80.],
       [80.],
       [80.],
       [80.],
       [80.],
       [80.],
       [80.],
       [80.],
       [80.],
       [80.],
       [80.],
       [80.],
       [80.],
       [80.],
       [80.],
       [80.],
       [80.],
       [80.],
       [80.],
       [80.],
       [80.],
       [80.],
       [80.],
       [80.],
       [80.],
       [80.],
       [80.],
       [80.],
       [80.],
       [80.],
       [80.],
       [80.],
       [80.],
       [80.],
       [80.],
       [80.],
       [80.],
       [80.],
       [80.],
       [80.],
       [80.],
       [80.],
       [80.],
       [80.],
       [80.],
       [80.],
       [80.],
       [80.],
       [80.],
       [80.],
       [80.],
       [80.],
       [80.],
       [80.],
       [80.],
       [80.],
       [80.],
       [80.],
       [80.],
       [80.],
       [80.],
       [80.],
       [80.],
       [80.],
       [80.],
       [80.],
       [80.],
       [80.],
       [80.],
       [80.],
       [80.]]), 'dt': 0.01, 'N': 400, 'l': 1e-05}","{'Q': 368.4210526315789, 'gbar': 8.421052631578947, 'T': 10000, 'supervisor': array([[-1.89214982e-17],
       [ 4.44288287e-04],
       [ 8.88576529e-04],
       ...,
       [-1.33286468e-03],
       [-8.88576529e-04],
       [-4.44288287e-04]]), 'BIAS': array([[80.],
       [80.],
       [80.],
       [80.],
       [80.],
       [80.],
       [80.],
       [80.],
       [80.],
       [80.],
       [80.],
       [80.],
       [80.],
       [80.],
       [80.],
       [80.],
       [80.],
       [80.],
       [80.],
       [80.],
       [80.],
       [80.],
       [80.],
       [80.],
       [80.],
       [80.],
       [80.],
       [80.],
       [80.],
       [80.],
       [80.],
       [80.],
       [80.],
       [80.],
       [80.],
       [80.],
       [80.],
       [80.],
       [80.],
       [80.],
       [80.],
       [80.],
       [80.],
       [80.],
       [80.],
       [80.],
       [80.],
       [80.],
       [80.],
       [80.],
       [80.],
       [80.],
       [80.],
       [80.],
       [80.],
       [80.],
       [80.],
       [80.],
       [80.],
       [80.],
       [80.],
       [80.],
       [80.],
       [80.],
       [80.],
       [80.],
       [80.],
       [80.],
       [80.],
       [80.],
       [80.],
       [80.],
       [80.],
       [80.],
       [80.],
       [80.],
       [80.],
       [80.],
       [80.],
       [80.],
       [80.],
       [80.],
       [80.],
       [80.],
       [80.],
       [80.],
       [80.],
       [80.],
       [80.],
       [80.],
       [80.],
       [80.],
       [80.],
       [80.],
       [80.],
       [80.],
       [80.],
       [80.],
       [80.],
       [80.],
       [80.],
       [80.],
       [80.],
       [80.],
       [80.],
       [80.],
       [80.],
       [80.],
       [80.],
       [80.],
       [80.],
       [80.],
       [80.],
       [80.],
       [80.],
       [80.],
       [80.],
       [80.],
       [80.],
       [80.],
       [80.],
       [80.],
       [80.],
       [80.],
       [80.],
       [80.],
       [80.],
       [80.],
       [80.],
       [80.],
       [80.],
       [80.],
       [80.],
       [80.],
       [80.],
       [80.],
       [80.],
       [80.],
       [80.],
       [80.],
       [80.],
       [80.],
       [80.],
       [80.],
       [80.],
       [80.],
       [80.],
       [80.],
       [80.],
       [80.],
       [80.],
       [80.],
       [80.],
       [80.],
       [80.],
       [80.],
       [80.],
       [80.],
       [80.],
       [80.],
       [80.],
       [80.],
       [80.],
       [80.],
       [80.],
       [80.],
       [80.],
       [80.],
       [80.],
       [80.],
       [80.],
       [80.],
       [80.],
       [80.],
       [80.],
       [80.],
       [80.],
       [80.],
       [80.],
       [80.],
       [80.],
       [80.],
       [80.],
       [80.],
       [80.],
       [80.],
       [80.],
       [80.],
       [80.],
       [80.],
       [80.],
       [80.],
       [80.],
       [80.],
       [80.],
       [80.],
       [80.],
       [80.],
       [80.],
       [80.],
       [80.],
       [80.],
       [80.],
       [80.],
       [80.],
       [80.],
       [80.],
       [80.],
       [80.],
       [80.],
       [80.],
       [80.],
       [80.],
       [80.],
       [80.],
       [80.],
       [80.],
       [80.],
       [80.],
       [80.],
       [80.],
       [80.],
       [80.],
       [80.],
       [80.],
       [80.],
       [80.],
       [80.],
       [80.],
       [80.],
       [80.],
       [80.],
       [80.],
       [80.],
       [80.],
       [80.],
       [80.],
       [80.],
       [80.],
       [80.],
       [80.],
       [80.],
       [80.],
       [80.],
       [80.],
       [80.],
       [80.],
       [80.],
       [80.],
       [80.],
       [80.],
       [80.],
       [80.],
       [80.],
       [80.],
       [80.],
       [80.],
       [80.],
       [80.],
       [80.],
       [80.],
       [80.],
       [80.],
       [80.],
       [80.],
       [80.],
       [80.],
       [80.],
       [80.],
       [80.],
       [80.],
       [80.],
       [80.],
       [80.],
       [80.],
       [80.],
       [80.],
       [80.],
       [80.],
       [80.],
       [80.],
       [80.],
       [80.],
       [80.],
       [80.],
       [80.],
       [80.],
       [80.],
       [80.],
       [80.],
       [80.],
       [80.],
       [80.],
       [80.],
       [80.],
       [80.],
       [80.],
       [80.],
       [80.],
       [80.],
       [80.],
       [80.],
       [80.],
       [80.],
       [80.],
       [80.],
       [80.],
       [80.],
       [80.],
       [80.],
       [80.],
       [80.],
       [80.],
       [80.],
       [80.],
       [80.],
       [80.],
       [80.],
       [80.],
       [80.],
       [80.],
       [80.],
       [80.],
       [80.],
       [80.],
       [80.],
       [80.],
       [80.],
       [80.],
       [80.],
       [80.],
       [80.],
       [80.],
       [80.],
       [80.],
       [80.],
       [80.],
       [80.],
       [80.],
       [80.],
       [80.],
       [80.],
       [80.],
       [80.],
       [80.],
       [80.],
       [80.],
       [80.],
       [80.],
       [80.],
       [80.],
       [80.],
       [80.],
       [80.],
       [80.],
       [80.],
       [80.],
       [80.],
       [80.],
       [80.],
       [80.],
       [80.],
       [80.],
       [80.],
       [80.],
       [80.],
       [80.],
       [80.],
       [80.],
       [80.],
       [80.],
       [80.],
       [80.],
       [80.],
       [80.],
       [80.],
       [80.],
       [80.],
       [80.],
       [80.],
       [80.],
       [80.],
       [80.],
       [80.],
       [80.],
       [80.],
       [80.],
       [80.],
       [80.],
       [80.],
       [80.],
       [80.],
       [80.],
       [80.],
       [80.],
       [80.],
       [80.],
       [80.],
       [80.],
       [80.]]), 'dt': 0.01, 'N': 400, 'l': 1e-05}","{'Q': 368.4210526315789, 'gbar': 9.473684210526315, 'T': 10000, 'supervisor': array([[-1.89214982e-17],
       [ 4.44288287e-04],
       [ 8.88576529e-04],
       ...,
       [-1.33286468e-03],
       [-8.88576529e-04],
       [-4.44288287e-04]]), 'BIAS': array([[80.],
       [80.],
       [80.],
       [80.],
       [80.],
       [80.],
       [80.],
       [80.],
       [80.],
       [80.],
       [80.],
       [80.],
       [80.],
       [80.],
       [80.],
       [80.],
       [80.],
       [80.],
       [80.],
       [80.],
       [80.],
       [80.],
       [80.],
       [80.],
       [80.],
       [80.],
       [80.],
       [80.],
       [80.],
       [80.],
       [80.],
       [80.],
       [80.],
       [80.],
       [80.],
       [80.],
       [80.],
       [80.],
       [80.],
       [80.],
       [80.],
       [80.],
       [80.],
       [80.],
       [80.],
       [80.],
       [80.],
       [80.],
       [80.],
       [80.],
       [80.],
       [80.],
       [80.],
       [80.],
       [80.],
       [80.],
       [80.],
       [80.],
       [80.],
       [80.],
       [80.],
       [80.],
       [80.],
       [80.],
       [80.],
       [80.],
       [80.],
       [80.],
       [80.],
       [80.],
       [80.],
       [80.],
       [80.],
       [80.],
       [80.],
       [80.],
       [80.],
       [80.],
       [80.],
       [80.],
       [80.],
       [80.],
       [80.],
       [80.],
       [80.],
       [80.],
       [80.],
       [80.],
       [80.],
       [80.],
       [80.],
       [80.],
       [80.],
       [80.],
       [80.],
       [80.],
       [80.],
       [80.],
       [80.],
       [80.],
       [80.],
       [80.],
       [80.],
       [80.],
       [80.],
       [80.],
       [80.],
       [80.],
       [80.],
       [80.],
       [80.],
       [80.],
       [80.],
       [80.],
       [80.],
       [80.],
       [80.],
       [80.],
       [80.],
       [80.],
       [80.],
       [80.],
       [80.],
       [80.],
       [80.],
       [80.],
       [80.],
       [80.],
       [80.],
       [80.],
       [80.],
       [80.],
       [80.],
       [80.],
       [80.],
       [80.],
       [80.],
       [80.],
       [80.],
       [80.],
       [80.],
       [80.],
       [80.],
       [80.],
       [80.],
       [80.],
       [80.],
       [80.],
       [80.],
       [80.],
       [80.],
       [80.],
       [80.],
       [80.],
       [80.],
       [80.],
       [80.],
       [80.],
       [80.],
       [80.],
       [80.],
       [80.],
       [80.],
       [80.],
       [80.],
       [80.],
       [80.],
       [80.],
       [80.],
       [80.],
       [80.],
       [80.],
       [80.],
       [80.],
       [80.],
       [80.],
       [80.],
       [80.],
       [80.],
       [80.],
       [80.],
       [80.],
       [80.],
       [80.],
       [80.],
       [80.],
       [80.],
       [80.],
       [80.],
       [80.],
       [80.],
       [80.],
       [80.],
       [80.],
       [80.],
       [80.],
       [80.],
       [80.],
       [80.],
       [80.],
       [80.],
       [80.],
       [80.],
       [80.],
       [80.],
       [80.],
       [80.],
       [80.],
       [80.],
       [80.],
       [80.],
       [80.],
       [80.],
       [80.],
       [80.],
       [80.],
       [80.],
       [80.],
       [80.],
       [80.],
       [80.],
       [80.],
       [80.],
       [80.],
       [80.],
       [80.],
       [80.],
       [80.],
       [80.],
       [80.],
       [80.],
       [80.],
       [80.],
       [80.],
       [80.],
       [80.],
       [80.],
       [80.],
       [80.],
       [80.],
       [80.],
       [80.],
       [80.],
       [80.],
       [80.],
       [80.],
       [80.],
       [80.],
       [80.],
       [80.],
       [80.],
       [80.],
       [80.],
       [80.],
       [80.],
       [80.],
       [80.],
       [80.],
       [80.],
       [80.],
       [80.],
       [80.],
       [80.],
       [80.],
       [80.],
       [80.],
       [80.],
       [80.],
       [80.],
       [80.],
       [80.],
       [80.],
       [80.],
       [80.],
       [80.],
       [80.],
       [80.],
       [80.],
       [80.],
       [80.],
       [80.],
       [80.],
       [80.],
       [80.],
       [80.],
       [80.],
       [80.],
       [80.],
       [80.],
       [80.],
       [80.],
       [80.],
       [80.],
       [80.],
       [80.],
       [80.],
       [80.],
       [80.],
       [80.],
       [80.],
       [80.],
       [80.],
       [80.],
       [80.],
       [80.],
       [80.],
       [80.],
       [80.],
       [80.],
       [80.],
       [80.],
       [80.],
       [80.],
       [80.],
       [80.],
       [80.],
       [80.],
       [80.],
       [80.],
       [80.],
       [80.],
       [80.],
       [80.],
       [80.],
       [80.],
       [80.],
       [80.],
       [80.],
       [80.],
       [80.],
       [80.],
       [80.],
       [80.],
       [80.],
       [80.],
       [80.],
       [80.],
       [80.],
       [80.],
       [80.],
       [80.],
       [80.],
       [80.],
       [80.],
       [80.],
       [80.],
       [80.],
       [80.],
       [80.],
       [80.],
       [80.],
       [80.],
       [80.],
       [80.],
       [80.],
       [80.],
       [80.],
       [80.],
       [80.],
       [80.],
       [80.],
       [80.],
       [80.],
       [80.],
       [80.],
       [80.],
       [80.],
       [80.],
       [80.],
       [80.],
       [80.],
       [80.],
       [80.],
       [80.],
       [80.],
       [80.],
       [80.],
       [80.],
       [80.],
       [80.],
       [80.],
       [80.],
       [80.],
       [80.],
       [80.],
       [80.],
       [80.],
       [80.],
       [80.],
       [80.],
       [80.],
       [80.],
       [80.],
       [80.],
       [80.],
       [80.],
       [80.],
       [80.],
       [80.],
       [80.]]), 'dt': 0.01, 'N': 400, 'l': 1e-05}","{'Q': 368.4210526315789, 'gbar': 10.526315789473683, 'T': 10000, 'supervisor': array([[-1.89214982e-17],
       [ 4.44288287e-04],
       [ 8.88576529e-04],
       ...,
       [-1.33286468e-03],
       [-8.88576529e-04],
       [-4.44288287e-04]]), 'BIAS': array([[80.],
       [80.],
       [80.],
       [80.],
       [80.],
       [80.],
       [80.],
       [80.],
       [80.],
       [80.],
       [80.],
       [80.],
       [80.],
       [80.],
       [80.],
       [80.],
       [80.],
       [80.],
       [80.],
       [80.],
       [80.],
       [80.],
       [80.],
       [80.],
       [80.],
       [80.],
       [80.],
       [80.],
       [80.],
       [80.],
       [80.],
       [80.],
       [80.],
       [80.],
       [80.],
       [80.],
       [80.],
       [80.],
       [80.],
       [80.],
       [80.],
       [80.],
       [80.],
       [80.],
       [80.],
       [80.],
       [80.],
       [80.],
       [80.],
       [80.],
       [80.],
       [80.],
       [80.],
       [80.],
       [80.],
       [80.],
       [80.],
       [80.],
       [80.],
       [80.],
       [80.],
       [80.],
       [80.],
       [80.],
       [80.],
       [80.],
       [80.],
       [80.],
       [80.],
       [80.],
       [80.],
       [80.],
       [80.],
       [80.],
       [80.],
       [80.],
       [80.],
       [80.],
       [80.],
       [80.],
       [80.],
       [80.],
       [80.],
       [80.],
       [80.],
       [80.],
       [80.],
       [80.],
       [80.],
       [80.],
       [80.],
       [80.],
       [80.],
       [80.],
       [80.],
       [80.],
       [80.],
       [80.],
       [80.],
       [80.],
       [80.],
       [80.],
       [80.],
       [80.],
       [80.],
       [80.],
       [80.],
       [80.],
       [80.],
       [80.],
       [80.],
       [80.],
       [80.],
       [80.],
       [80.],
       [80.],
       [80.],
       [80.],
       [80.],
       [80.],
       [80.],
       [80.],
       [80.],
       [80.],
       [80.],
       [80.],
       [80.],
       [80.],
       [80.],
       [80.],
       [80.],
       [80.],
       [80.],
       [80.],
       [80.],
       [80.],
       [80.],
       [80.],
       [80.],
       [80.],
       [80.],
       [80.],
       [80.],
       [80.],
       [80.],
       [80.],
       [80.],
       [80.],
       [80.],
       [80.],
       [80.],
       [80.],
       [80.],
       [80.],
       [80.],
       [80.],
       [80.],
       [80.],
       [80.],
       [80.],
       [80.],
       [80.],
       [80.],
       [80.],
       [80.],
       [80.],
       [80.],
       [80.],
       [80.],
       [80.],
       [80.],
       [80.],
       [80.],
       [80.],
       [80.],
       [80.],
       [80.],
       [80.],
       [80.],
       [80.],
       [80.],
       [80.],
       [80.],
       [80.],
       [80.],
       [80.],
       [80.],
       [80.],
       [80.],
       [80.],
       [80.],
       [80.],
       [80.],
       [80.],
       [80.],
       [80.],
       [80.],
       [80.],
       [80.],
       [80.],
       [80.],
       [80.],
       [80.],
       [80.],
       [80.],
       [80.],
       [80.],
       [80.],
       [80.],
       [80.],
       [80.],
       [80.],
       [80.],
       [80.],
       [80.],
       [80.],
       [80.],
       [80.],
       [80.],
       [80.],
       [80.],
       [80.],
       [80.],
       [80.],
       [80.],
       [80.],
       [80.],
       [80.],
       [80.],
       [80.],
       [80.],
       [80.],
       [80.],
       [80.],
       [80.],
       [80.],
       [80.],
       [80.],
       [80.],
       [80.],
       [80.],
       [80.],
       [80.],
       [80.],
       [80.],
       [80.],
       [80.],
       [80.],
       [80.],
       [80.],
       [80.],
       [80.],
       [80.],
       [80.],
       [80.],
       [80.],
       [80.],
       [80.],
       [80.],
       [80.],
       [80.],
       [80.],
       [80.],
       [80.],
       [80.],
       [80.],
       [80.],
       [80.],
       [80.],
       [80.],
       [80.],
       [80.],
       [80.],
       [80.],
       [80.],
       [80.],
       [80.],
       [80.],
       [80.],
       [80.],
       [80.],
       [80.],
       [80.],
       [80.],
       [80.],
       [80.],
       [80.],
       [80.],
       [80.],
       [80.],
       [80.],
       [80.],
       [80.],
       [80.],
       [80.],
       [80.],
       [80.],
       [80.],
       [80.],
       [80.],
       [80.],
       [80.],
       [80.],
       [80.],
       [80.],
       [80.],
       [80.],
       [80.],
       [80.],
       [80.],
       [80.],
       [80.],
       [80.],
       [80.],
       [80.],
       [80.],
       [80.],
       [80.],
       [80.],
       [80.],
       [80.],
       [80.],
       [80.],
       [80.],
       [80.],
       [80.],
       [80.],
       [80.],
       [80.],
       [80.],
       [80.],
       [80.],
       [80.],
       [80.],
       [80.],
       [80.],
       [80.],
       [80.],
       [80.],
       [80.],
       [80.],
       [80.],
       [80.],
       [80.],
       [80.],
       [80.],
       [80.],
       [80.],
       [80.],
       [80.],
       [80.],
       [80.],
       [80.],
       [80.],
       [80.],
       [80.],
       [80.],
       [80.],
       [80.],
       [80.],
       [80.],
       [80.],
       [80.],
       [80.],
       [80.],
       [80.],
       [80.],
       [80.],
       [80.],
       [80.],
       [80.],
       [80.],
       [80.],
       [80.],
       [80.],
       [80.],
       [80.],
       [80.],
       [80.],
       [80.],
       [80.],
       [80.],
       [80.],
       [80.],
       [80.],
       [80.],
       [80.],
       [80.],
       [80.],
       [80.],
       [80.],
       [80.],
       [80.],
       [80.],
       [80.],
       [80.],
       [80.],
       [80.],
       [80.],
       [80.]]), 'dt': 0.01, 'N': 400, 'l': 1e-05}","{'Q': 368.4210526315789, 'gbar': 11.578947368421051, 'T': 10000, 'supervisor': array([[-1.89214982e-17],
       [ 4.44288287e-04],
       [ 8.88576529e-04],
       ...,
       [-1.33286468e-03],
       [-8.88576529e-04],
       [-4.44288287e-04]]), 'BIAS': array([[80.],
       [80.],
       [80.],
       [80.],
       [80.],
       [80.],
       [80.],
       [80.],
       [80.],
       [80.],
       [80.],
       [80.],
       [80.],
       [80.],
       [80.],
       [80.],
       [80.],
       [80.],
       [80.],
       [80.],
       [80.],
       [80.],
       [80.],
       [80.],
       [80.],
       [80.],
       [80.],
       [80.],
       [80.],
       [80.],
       [80.],
       [80.],
       [80.],
       [80.],
       [80.],
       [80.],
       [80.],
       [80.],
       [80.],
       [80.],
       [80.],
       [80.],
       [80.],
       [80.],
       [80.],
       [80.],
       [80.],
       [80.],
       [80.],
       [80.],
       [80.],
       [80.],
       [80.],
       [80.],
       [80.],
       [80.],
       [80.],
       [80.],
       [80.],
       [80.],
       [80.],
       [80.],
       [80.],
       [80.],
       [80.],
       [80.],
       [80.],
       [80.],
       [80.],
       [80.],
       [80.],
       [80.],
       [80.],
       [80.],
       [80.],
       [80.],
       [80.],
       [80.],
       [80.],
       [80.],
       [80.],
       [80.],
       [80.],
       [80.],
       [80.],
       [80.],
       [80.],
       [80.],
       [80.],
       [80.],
       [80.],
       [80.],
       [80.],
       [80.],
       [80.],
       [80.],
       [80.],
       [80.],
       [80.],
       [80.],
       [80.],
       [80.],
       [80.],
       [80.],
       [80.],
       [80.],
       [80.],
       [80.],
       [80.],
       [80.],
       [80.],
       [80.],
       [80.],
       [80.],
       [80.],
       [80.],
       [80.],
       [80.],
       [80.],
       [80.],
       [80.],
       [80.],
       [80.],
       [80.],
       [80.],
       [80.],
       [80.],
       [80.],
       [80.],
       [80.],
       [80.],
       [80.],
       [80.],
       [80.],
       [80.],
       [80.],
       [80.],
       [80.],
       [80.],
       [80.],
       [80.],
       [80.],
       [80.],
       [80.],
       [80.],
       [80.],
       [80.],
       [80.],
       [80.],
       [80.],
       [80.],
       [80.],
       [80.],
       [80.],
       [80.],
       [80.],
       [80.],
       [80.],
       [80.],
       [80.],
       [80.],
       [80.],
       [80.],
       [80.],
       [80.],
       [80.],
       [80.],
       [80.],
       [80.],
       [80.],
       [80.],
       [80.],
       [80.],
       [80.],
       [80.],
       [80.],
       [80.],
       [80.],
       [80.],
       [80.],
       [80.],
       [80.],
       [80.],
       [80.],
       [80.],
       [80.],
       [80.],
       [80.],
       [80.],
       [80.],
       [80.],
       [80.],
       [80.],
       [80.],
       [80.],
       [80.],
       [80.],
       [80.],
       [80.],
       [80.],
       [80.],
       [80.],
       [80.],
       [80.],
       [80.],
       [80.],
       [80.],
       [80.],
       [80.],
       [80.],
       [80.],
       [80.],
       [80.],
       [80.],
       [80.],
       [80.],
       [80.],
       [80.],
       [80.],
       [80.],
       [80.],
       [80.],
       [80.],
       [80.],
       [80.],
       [80.],
       [80.],
       [80.],
       [80.],
       [80.],
       [80.],
       [80.],
       [80.],
       [80.],
       [80.],
       [80.],
       [80.],
       [80.],
       [80.],
       [80.],
       [80.],
       [80.],
       [80.],
       [80.],
       [80.],
       [80.],
       [80.],
       [80.],
       [80.],
       [80.],
       [80.],
       [80.],
       [80.],
       [80.],
       [80.],
       [80.],
       [80.],
       [80.],
       [80.],
       [80.],
       [80.],
       [80.],
       [80.],
       [80.],
       [80.],
       [80.],
       [80.],
       [80.],
       [80.],
       [80.],
       [80.],
       [80.],
       [80.],
       [80.],
       [80.],
       [80.],
       [80.],
       [80.],
       [80.],
       [80.],
       [80.],
       [80.],
       [80.],
       [80.],
       [80.],
       [80.],
       [80.],
       [80.],
       [80.],
       [80.],
       [80.],
       [80.],
       [80.],
       [80.],
       [80.],
       [80.],
       [80.],
       [80.],
       [80.],
       [80.],
       [80.],
       [80.],
       [80.],
       [80.],
       [80.],
       [80.],
       [80.],
       [80.],
       [80.],
       [80.],
       [80.],
       [80.],
       [80.],
       [80.],
       [80.],
       [80.],
       [80.],
       [80.],
       [80.],
       [80.],
       [80.],
       [80.],
       [80.],
       [80.],
       [80.],
       [80.],
       [80.],
       [80.],
       [80.],
       [80.],
       [80.],
       [80.],
       [80.],
       [80.],
       [80.],
       [80.],
       [80.],
       [80.],
       [80.],
       [80.],
       [80.],
       [80.],
       [80.],
       [80.],
       [80.],
       [80.],
       [80.],
       [80.],
       [80.],
       [80.],
       [80.],
       [80.],
       [80.],
       [80.],
       [80.],
       [80.],
       [80.],
       [80.],
       [80.],
       [80.],
       [80.],
       [80.],
       [80.],
       [80.],
       [80.],
       [80.],
       [80.],
       [80.],
       [80.],
       [80.],
       [80.],
       [80.],
       [80.],
       [80.],
       [80.],
       [80.],
       [80.],
       [80.],
       [80.],
       [80.],
       [80.],
       [80.],
       [80.],
       [80.],
       [80.],
       [80.],
       [80.],
       [80.],
       [80.],
       [80.],
       [80.],
       [80.],
       [80.],
       [80.],
       [80.],
       [80.],
       [80.],
       [80.],
       [80.],
       [80.]]), 'dt': 0.01, 'N': 400, 'l': 1e-05}","{'Q': 368.4210526315789, 'gbar': 12.631578947368421, 'T': 10000, 'supervisor': array([[-1.89214982e-17],
       [ 4.44288287e-04],
       [ 8.88576529e-04],
       ...,
       [-1.33286468e-03],
       [-8.88576529e-04],
       [-4.44288287e-04]]), 'BIAS': array([[80.],
       [80.],
       [80.],
       [80.],
       [80.],
       [80.],
       [80.],
       [80.],
       [80.],
       [80.],
       [80.],
       [80.],
       [80.],
       [80.],
       [80.],
       [80.],
       [80.],
       [80.],
       [80.],
       [80.],
       [80.],
       [80.],
       [80.],
       [80.],
       [80.],
       [80.],
       [80.],
       [80.],
       [80.],
       [80.],
       [80.],
       [80.],
       [80.],
       [80.],
       [80.],
       [80.],
       [80.],
       [80.],
       [80.],
       [80.],
       [80.],
       [80.],
       [80.],
       [80.],
       [80.],
       [80.],
       [80.],
       [80.],
       [80.],
       [80.],
       [80.],
       [80.],
       [80.],
       [80.],
       [80.],
       [80.],
       [80.],
       [80.],
       [80.],
       [80.],
       [80.],
       [80.],
       [80.],
       [80.],
       [80.],
       [80.],
       [80.],
       [80.],
       [80.],
       [80.],
       [80.],
       [80.],
       [80.],
       [80.],
       [80.],
       [80.],
       [80.],
       [80.],
       [80.],
       [80.],
       [80.],
       [80.],
       [80.],
       [80.],
       [80.],
       [80.],
       [80.],
       [80.],
       [80.],
       [80.],
       [80.],
       [80.],
       [80.],
       [80.],
       [80.],
       [80.],
       [80.],
       [80.],
       [80.],
       [80.],
       [80.],
       [80.],
       [80.],
       [80.],
       [80.],
       [80.],
       [80.],
       [80.],
       [80.],
       [80.],
       [80.],
       [80.],
       [80.],
       [80.],
       [80.],
       [80.],
       [80.],
       [80.],
       [80.],
       [80.],
       [80.],
       [80.],
       [80.],
       [80.],
       [80.],
       [80.],
       [80.],
       [80.],
       [80.],
       [80.],
       [80.],
       [80.],
       [80.],
       [80.],
       [80.],
       [80.],
       [80.],
       [80.],
       [80.],
       [80.],
       [80.],
       [80.],
       [80.],
       [80.],
       [80.],
       [80.],
       [80.],
       [80.],
       [80.],
       [80.],
       [80.],
       [80.],
       [80.],
       [80.],
       [80.],
       [80.],
       [80.],
       [80.],
       [80.],
       [80.],
       [80.],
       [80.],
       [80.],
       [80.],
       [80.],
       [80.],
       [80.],
       [80.],
       [80.],
       [80.],
       [80.],
       [80.],
       [80.],
       [80.],
       [80.],
       [80.],
       [80.],
       [80.],
       [80.],
       [80.],
       [80.],
       [80.],
       [80.],
       [80.],
       [80.],
       [80.],
       [80.],
       [80.],
       [80.],
       [80.],
       [80.],
       [80.],
       [80.],
       [80.],
       [80.],
       [80.],
       [80.],
       [80.],
       [80.],
       [80.],
       [80.],
       [80.],
       [80.],
       [80.],
       [80.],
       [80.],
       [80.],
       [80.],
       [80.],
       [80.],
       [80.],
       [80.],
       [80.],
       [80.],
       [80.],
       [80.],
       [80.],
       [80.],
       [80.],
       [80.],
       [80.],
       [80.],
       [80.],
       [80.],
       [80.],
       [80.],
       [80.],
       [80.],
       [80.],
       [80.],
       [80.],
       [80.],
       [80.],
       [80.],
       [80.],
       [80.],
       [80.],
       [80.],
       [80.],
       [80.],
       [80.],
       [80.],
       [80.],
       [80.],
       [80.],
       [80.],
       [80.],
       [80.],
       [80.],
       [80.],
       [80.],
       [80.],
       [80.],
       [80.],
       [80.],
       [80.],
       [80.],
       [80.],
       [80.],
       [80.],
       [80.],
       [80.],
       [80.],
       [80.],
       [80.],
       [80.],
       [80.],
       [80.],
       [80.],
       [80.],
       [80.],
       [80.],
       [80.],
       [80.],
       [80.],
       [80.],
       [80.],
       [80.],
       [80.],
       [80.],
       [80.],
       [80.],
       [80.],
       [80.],
       [80.],
       [80.],
       [80.],
       [80.],
       [80.],
       [80.],
       [80.],
       [80.],
       [80.],
       [80.],
       [80.],
       [80.],
       [80.],
       [80.],
       [80.],
       [80.],
       [80.],
       [80.],
       [80.],
       [80.],
       [80.],
       [80.],
       [80.],
       [80.],
       [80.],
       [80.],
       [80.],
       [80.],
       [80.],
       [80.],
       [80.],
       [80.],
       [80.],
       [80.],
       [80.],
       [80.],
       [80.],
       [80.],
       [80.],
       [80.],
       [80.],
       [80.],
       [80.],
       [80.],
       [80.],
       [80.],
       [80.],
       [80.],
       [80.],
       [80.],
       [80.],
       [80.],
       [80.],
       [80.],
       [80.],
       [80.],
       [80.],
       [80.],
       [80.],
       [80.],
       [80.],
       [80.],
       [80.],
       [80.],
       [80.],
       [80.],
       [80.],
       [80.],
       [80.],
       [80.],
       [80.],
       [80.],
       [80.],
       [80.],
       [80.],
       [80.],
       [80.],
       [80.],
       [80.],
       [80.],
       [80.],
       [80.],
       [80.],
       [80.],
       [80.],
       [80.],
       [80.],
       [80.],
       [80.],
       [80.],
       [80.],
       [80.],
       [80.],
       [80.],
       [80.],
       [80.],
       [80.],
       [80.],
       [80.],
       [80.],
       [80.],
       [80.],
       [80.],
       [80.],
       [80.],
       [80.],
       [80.],
       [80.],
       [80.],
       [80.],
       [80.],
       [80.],
       [80.],
       [80.],
       [80.],
       [80.]]), 'dt': 0.01, 'N': 400, 'l': 1e-05}","{'Q': 368.4210526315789, 'gbar': 13.68421052631579, 'T': 10000, 'supervisor': array([[-1.89214982e-17],
       [ 4.44288287e-04],
       [ 8.88576529e-04],
       ...,
       [-1.33286468e-03],
       [-8.88576529e-04],
       [-4.44288287e-04]]), 'BIAS': array([[80.],
       [80.],
       [80.],
       [80.],
       [80.],
       [80.],
       [80.],
       [80.],
       [80.],
       [80.],
       [80.],
       [80.],
       [80.],
       [80.],
       [80.],
       [80.],
       [80.],
       [80.],
       [80.],
       [80.],
       [80.],
       [80.],
       [80.],
       [80.],
       [80.],
       [80.],
       [80.],
       [80.],
       [80.],
       [80.],
       [80.],
       [80.],
       [80.],
       [80.],
       [80.],
       [80.],
       [80.],
       [80.],
       [80.],
       [80.],
       [80.],
       [80.],
       [80.],
       [80.],
       [80.],
       [80.],
       [80.],
       [80.],
       [80.],
       [80.],
       [80.],
       [80.],
       [80.],
       [80.],
       [80.],
       [80.],
       [80.],
       [80.],
       [80.],
       [80.],
       [80.],
       [80.],
       [80.],
       [80.],
       [80.],
       [80.],
       [80.],
       [80.],
       [80.],
       [80.],
       [80.],
       [80.],
       [80.],
       [80.],
       [80.],
       [80.],
       [80.],
       [80.],
       [80.],
       [80.],
       [80.],
       [80.],
       [80.],
       [80.],
       [80.],
       [80.],
       [80.],
       [80.],
       [80.],
       [80.],
       [80.],
       [80.],
       [80.],
       [80.],
       [80.],
       [80.],
       [80.],
       [80.],
       [80.],
       [80.],
       [80.],
       [80.],
       [80.],
       [80.],
       [80.],
       [80.],
       [80.],
       [80.],
       [80.],
       [80.],
       [80.],
       [80.],
       [80.],
       [80.],
       [80.],
       [80.],
       [80.],
       [80.],
       [80.],
       [80.],
       [80.],
       [80.],
       [80.],
       [80.],
       [80.],
       [80.],
       [80.],
       [80.],
       [80.],
       [80.],
       [80.],
       [80.],
       [80.],
       [80.],
       [80.],
       [80.],
       [80.],
       [80.],
       [80.],
       [80.],
       [80.],
       [80.],
       [80.],
       [80.],
       [80.],
       [80.],
       [80.],
       [80.],
       [80.],
       [80.],
       [80.],
       [80.],
       [80.],
       [80.],
       [80.],
       [80.],
       [80.],
       [80.],
       [80.],
       [80.],
       [80.],
       [80.],
       [80.],
       [80.],
       [80.],
       [80.],
       [80.],
       [80.],
       [80.],
       [80.],
       [80.],
       [80.],
       [80.],
       [80.],
       [80.],
       [80.],
       [80.],
       [80.],
       [80.],
       [80.],
       [80.],
       [80.],
       [80.],
       [80.],
       [80.],
       [80.],
       [80.],
       [80.],
       [80.],
       [80.],
       [80.],
       [80.],
       [80.],
       [80.],
       [80.],
       [80.],
       [80.],
       [80.],
       [80.],
       [80.],
       [80.],
       [80.],
       [80.],
       [80.],
       [80.],
       [80.],
       [80.],
       [80.],
       [80.],
       [80.],
       [80.],
       [80.],
       [80.],
       [80.],
       [80.],
       [80.],
       [80.],
       [80.],
       [80.],
       [80.],
       [80.],
       [80.],
       [80.],
       [80.],
       [80.],
       [80.],
       [80.],
       [80.],
       [80.],
       [80.],
       [80.],
       [80.],
       [80.],
       [80.],
       [80.],
       [80.],
       [80.],
       [80.],
       [80.],
       [80.],
       [80.],
       [80.],
       [80.],
       [80.],
       [80.],
       [80.],
       [80.],
       [80.],
       [80.],
       [80.],
       [80.],
       [80.],
       [80.],
       [80.],
       [80.],
       [80.],
       [80.],
       [80.],
       [80.],
       [80.],
       [80.],
       [80.],
       [80.],
       [80.],
       [80.],
       [80.],
       [80.],
       [80.],
       [80.],
       [80.],
       [80.],
       [80.],
       [80.],
       [80.],
       [80.],
       [80.],
       [80.],
       [80.],
       [80.],
       [80.],
       [80.],
       [80.],
       [80.],
       [80.],
       [80.],
       [80.],
       [80.],
       [80.],
       [80.],
       [80.],
       [80.],
       [80.],
       [80.],
       [80.],
       [80.],
       [80.],
       [80.],
       [80.],
       [80.],
       [80.],
       [80.],
       [80.],
       [80.],
       [80.],
       [80.],
       [80.],
       [80.],
       [80.],
       [80.],
       [80.],
       [80.],
       [80.],
       [80.],
       [80.],
       [80.],
       [80.],
       [80.],
       [80.],
       [80.],
       [80.],
       [80.],
       [80.],
       [80.],
       [80.],
       [80.],
       [80.],
       [80.],
       [80.],
       [80.],
       [80.],
       [80.],
       [80.],
       [80.],
       [80.],
       [80.],
       [80.],
       [80.],
       [80.],
       [80.],
       [80.],
       [80.],
       [80.],
       [80.],
       [80.],
       [80.],
       [80.],
       [80.],
       [80.],
       [80.],
       [80.],
       [80.],
       [80.],
       [80.],
       [80.],
       [80.],
       [80.],
       [80.],
       [80.],
       [80.],
       [80.],
       [80.],
       [80.],
       [80.],
       [80.],
       [80.],
       [80.],
       [80.],
       [80.],
       [80.],
       [80.],
       [80.],
       [80.],
       [80.],
       [80.],
       [80.],
       [80.],
       [80.],
       [80.],
       [80.],
       [80.],
       [80.],
       [80.],
       [80.],
       [80.],
       [80.],
       [80.],
       [80.],
       [80.],
       [80.],
       [80.],
       [80.],
       [80.],
       [80.],
       [80.],
       [80.],
       [80.],
       [80.],
       [80.],
       [80.],
       [80.]]), 'dt': 0.01, 'N': 400, 'l': 1e-05}","{'Q': 368.4210526315789, 'gbar': 14.736842105263158, 'T': 10000, 'supervisor': array([[-1.89214982e-17],
       [ 4.44288287e-04],
       [ 8.88576529e-04],
       ...,
       [-1.33286468e-03],
       [-8.88576529e-04],
       [-4.44288287e-04]]), 'BIAS': array([[80.],
       [80.],
       [80.],
       [80.],
       [80.],
       [80.],
       [80.],
       [80.],
       [80.],
       [80.],
       [80.],
       [80.],
       [80.],
       [80.],
       [80.],
       [80.],
       [80.],
       [80.],
       [80.],
       [80.],
       [80.],
       [80.],
       [80.],
       [80.],
       [80.],
       [80.],
       [80.],
       [80.],
       [80.],
       [80.],
       [80.],
       [80.],
       [80.],
       [80.],
       [80.],
       [80.],
       [80.],
       [80.],
       [80.],
       [80.],
       [80.],
       [80.],
       [80.],
       [80.],
       [80.],
       [80.],
       [80.],
       [80.],
       [80.],
       [80.],
       [80.],
       [80.],
       [80.],
       [80.],
       [80.],
       [80.],
       [80.],
       [80.],
       [80.],
       [80.],
       [80.],
       [80.],
       [80.],
       [80.],
       [80.],
       [80.],
       [80.],
       [80.],
       [80.],
       [80.],
       [80.],
       [80.],
       [80.],
       [80.],
       [80.],
       [80.],
       [80.],
       [80.],
       [80.],
       [80.],
       [80.],
       [80.],
       [80.],
       [80.],
       [80.],
       [80.],
       [80.],
       [80.],
       [80.],
       [80.],
       [80.],
       [80.],
       [80.],
       [80.],
       [80.],
       [80.],
       [80.],
       [80.],
       [80.],
       [80.],
       [80.],
       [80.],
       [80.],
       [80.],
       [80.],
       [80.],
       [80.],
       [80.],
       [80.],
       [80.],
       [80.],
       [80.],
       [80.],
       [80.],
       [80.],
       [80.],
       [80.],
       [80.],
       [80.],
       [80.],
       [80.],
       [80.],
       [80.],
       [80.],
       [80.],
       [80.],
       [80.],
       [80.],
       [80.],
       [80.],
       [80.],
       [80.],
       [80.],
       [80.],
       [80.],
       [80.],
       [80.],
       [80.],
       [80.],
       [80.],
       [80.],
       [80.],
       [80.],
       [80.],
       [80.],
       [80.],
       [80.],
       [80.],
       [80.],
       [80.],
       [80.],
       [80.],
       [80.],
       [80.],
       [80.],
       [80.],
       [80.],
       [80.],
       [80.],
       [80.],
       [80.],
       [80.],
       [80.],
       [80.],
       [80.],
       [80.],
       [80.],
       [80.],
       [80.],
       [80.],
       [80.],
       [80.],
       [80.],
       [80.],
       [80.],
       [80.],
       [80.],
       [80.],
       [80.],
       [80.],
       [80.],
       [80.],
       [80.],
       [80.],
       [80.],
       [80.],
       [80.],
       [80.],
       [80.],
       [80.],
       [80.],
       [80.],
       [80.],
       [80.],
       [80.],
       [80.],
       [80.],
       [80.],
       [80.],
       [80.],
       [80.],
       [80.],
       [80.],
       [80.],
       [80.],
       [80.],
       [80.],
       [80.],
       [80.],
       [80.],
       [80.],
       [80.],
       [80.],
       [80.],
       [80.],
       [80.],
       [80.],
       [80.],
       [80.],
       [80.],
       [80.],
       [80.],
       [80.],
       [80.],
       [80.],
       [80.],
       [80.],
       [80.],
       [80.],
       [80.],
       [80.],
       [80.],
       [80.],
       [80.],
       [80.],
       [80.],
       [80.],
       [80.],
       [80.],
       [80.],
       [80.],
       [80.],
       [80.],
       [80.],
       [80.],
       [80.],
       [80.],
       [80.],
       [80.],
       [80.],
       [80.],
       [80.],
       [80.],
       [80.],
       [80.],
       [80.],
       [80.],
       [80.],
       [80.],
       [80.],
       [80.],
       [80.],
       [80.],
       [80.],
       [80.],
       [80.],
       [80.],
       [80.],
       [80.],
       [80.],
       [80.],
       [80.],
       [80.],
       [80.],
       [80.],
       [80.],
       [80.],
       [80.],
       [80.],
       [80.],
       [80.],
       [80.],
       [80.],
       [80.],
       [80.],
       [80.],
       [80.],
       [80.],
       [80.],
       [80.],
       [80.],
       [80.],
       [80.],
       [80.],
       [80.],
       [80.],
       [80.],
       [80.],
       [80.],
       [80.],
       [80.],
       [80.],
       [80.],
       [80.],
       [80.],
       [80.],
       [80.],
       [80.],
       [80.],
       [80.],
       [80.],
       [80.],
       [80.],
       [80.],
       [80.],
       [80.],
       [80.],
       [80.],
       [80.],
       [80.],
       [80.],
       [80.],
       [80.],
       [80.],
       [80.],
       [80.],
       [80.],
       [80.],
       [80.],
       [80.],
       [80.],
       [80.],
       [80.],
       [80.],
       [80.],
       [80.],
       [80.],
       [80.],
       [80.],
       [80.],
       [80.],
       [80.],
       [80.],
       [80.],
       [80.],
       [80.],
       [80.],
       [80.],
       [80.],
       [80.],
       [80.],
       [80.],
       [80.],
       [80.],
       [80.],
       [80.],
       [80.],
       [80.],
       [80.],
       [80.],
       [80.],
       [80.],
       [80.],
       [80.],
       [80.],
       [80.],
       [80.],
       [80.],
       [80.],
       [80.],
       [80.],
       [80.],
       [80.],
       [80.],
       [80.],
       [80.],
       [80.],
       [80.],
       [80.],
       [80.],
       [80.],
       [80.],
       [80.],
       [80.],
       [80.],
       [80.],
       [80.],
       [80.],
       [80.],
       [80.],
       [80.],
       [80.],
       [80.],
       [80.],
       [80.],
       [80.],
       [80.],
       [80.],
       [80.],
       [80.]]), 'dt': 0.01, 'N': 400, 'l': 1e-05}","{'Q': 368.4210526315789, 'gbar': 15.789473684210526, 'T': 10000, 'supervisor': array([[-1.89214982e-17],
       [ 4.44288287e-04],
       [ 8.88576529e-04],
       ...,
       [-1.33286468e-03],
       [-8.88576529e-04],
       [-4.44288287e-04]]), 'BIAS': array([[80.],
       [80.],
       [80.],
       [80.],
       [80.],
       [80.],
       [80.],
       [80.],
       [80.],
       [80.],
       [80.],
       [80.],
       [80.],
       [80.],
       [80.],
       [80.],
       [80.],
       [80.],
       [80.],
       [80.],
       [80.],
       [80.],
       [80.],
       [80.],
       [80.],
       [80.],
       [80.],
       [80.],
       [80.],
       [80.],
       [80.],
       [80.],
       [80.],
       [80.],
       [80.],
       [80.],
       [80.],
       [80.],
       [80.],
       [80.],
       [80.],
       [80.],
       [80.],
       [80.],
       [80.],
       [80.],
       [80.],
       [80.],
       [80.],
       [80.],
       [80.],
       [80.],
       [80.],
       [80.],
       [80.],
       [80.],
       [80.],
       [80.],
       [80.],
       [80.],
       [80.],
       [80.],
       [80.],
       [80.],
       [80.],
       [80.],
       [80.],
       [80.],
       [80.],
       [80.],
       [80.],
       [80.],
       [80.],
       [80.],
       [80.],
       [80.],
       [80.],
       [80.],
       [80.],
       [80.],
       [80.],
       [80.],
       [80.],
       [80.],
       [80.],
       [80.],
       [80.],
       [80.],
       [80.],
       [80.],
       [80.],
       [80.],
       [80.],
       [80.],
       [80.],
       [80.],
       [80.],
       [80.],
       [80.],
       [80.],
       [80.],
       [80.],
       [80.],
       [80.],
       [80.],
       [80.],
       [80.],
       [80.],
       [80.],
       [80.],
       [80.],
       [80.],
       [80.],
       [80.],
       [80.],
       [80.],
       [80.],
       [80.],
       [80.],
       [80.],
       [80.],
       [80.],
       [80.],
       [80.],
       [80.],
       [80.],
       [80.],
       [80.],
       [80.],
       [80.],
       [80.],
       [80.],
       [80.],
       [80.],
       [80.],
       [80.],
       [80.],
       [80.],
       [80.],
       [80.],
       [80.],
       [80.],
       [80.],
       [80.],
       [80.],
       [80.],
       [80.],
       [80.],
       [80.],
       [80.],
       [80.],
       [80.],
       [80.],
       [80.],
       [80.],
       [80.],
       [80.],
       [80.],
       [80.],
       [80.],
       [80.],
       [80.],
       [80.],
       [80.],
       [80.],
       [80.],
       [80.],
       [80.],
       [80.],
       [80.],
       [80.],
       [80.],
       [80.],
       [80.],
       [80.],
       [80.],
       [80.],
       [80.],
       [80.],
       [80.],
       [80.],
       [80.],
       [80.],
       [80.],
       [80.],
       [80.],
       [80.],
       [80.],
       [80.],
       [80.],
       [80.],
       [80.],
       [80.],
       [80.],
       [80.],
       [80.],
       [80.],
       [80.],
       [80.],
       [80.],
       [80.],
       [80.],
       [80.],
       [80.],
       [80.],
       [80.],
       [80.],
       [80.],
       [80.],
       [80.],
       [80.],
       [80.],
       [80.],
       [80.],
       [80.],
       [80.],
       [80.],
       [80.],
       [80.],
       [80.],
       [80.],
       [80.],
       [80.],
       [80.],
       [80.],
       [80.],
       [80.],
       [80.],
       [80.],
       [80.],
       [80.],
       [80.],
       [80.],
       [80.],
       [80.],
       [80.],
       [80.],
       [80.],
       [80.],
       [80.],
       [80.],
       [80.],
       [80.],
       [80.],
       [80.],
       [80.],
       [80.],
       [80.],
       [80.],
       [80.],
       [80.],
       [80.],
       [80.],
       [80.],
       [80.],
       [80.],
       [80.],
       [80.],
       [80.],
       [80.],
       [80.],
       [80.],
       [80.],
       [80.],
       [80.],
       [80.],
       [80.],
       [80.],
       [80.],
       [80.],
       [80.],
       [80.],
       [80.],
       [80.],
       [80.],
       [80.],
       [80.],
       [80.],
       [80.],
       [80.],
       [80.],
       [80.],
       [80.],
       [80.],
       [80.],
       [80.],
       [80.],
       [80.],
       [80.],
       [80.],
       [80.],
       [80.],
       [80.],
       [80.],
       [80.],
       [80.],
       [80.],
       [80.],
       [80.],
       [80.],
       [80.],
       [80.],
       [80.],
       [80.],
       [80.],
       [80.],
       [80.],
       [80.],
       [80.],
       [80.],
       [80.],
       [80.],
       [80.],
       [80.],
       [80.],
       [80.],
       [80.],
       [80.],
       [80.],
       [80.],
       [80.],
       [80.],
       [80.],
       [80.],
       [80.],
       [80.],
       [80.],
       [80.],
       [80.],
       [80.],
       [80.],
       [80.],
       [80.],
       [80.],
       [80.],
       [80.],
       [80.],
       [80.],
       [80.],
       [80.],
       [80.],
       [80.],
       [80.],
       [80.],
       [80.],
       [80.],
       [80.],
       [80.],
       [80.],
       [80.],
       [80.],
       [80.],
       [80.],
       [80.],
       [80.],
       [80.],
       [80.],
       [80.],
       [80.],
       [80.],
       [80.],
       [80.],
       [80.],
       [80.],
       [80.],
       [80.],
       [80.],
       [80.],
       [80.],
       [80.],
       [80.],
       [80.],
       [80.],
       [80.],
       [80.],
       [80.],
       [80.],
       [80.],
       [80.],
       [80.],
       [80.],
       [80.],
       [80.],
       [80.],
       [80.],
       [80.],
       [80.],
       [80.],
       [80.],
       [80.],
       [80.],
       [80.],
       [80.],
       [80.],
       [80.],
       [80.],
       [80.],
       [80.],
       [80.],
       [80.]]), 'dt': 0.01, 'N': 400, 'l': 1e-05}","{'Q': 368.4210526315789, 'gbar': 16.842105263157894, 'T': 10000, 'supervisor': array([[-1.89214982e-17],
       [ 4.44288287e-04],
       [ 8.88576529e-04],
       ...,
       [-1.33286468e-03],
       [-8.88576529e-04],
       [-4.44288287e-04]]), 'BIAS': array([[80.],
       [80.],
       [80.],
       [80.],
       [80.],
       [80.],
       [80.],
       [80.],
       [80.],
       [80.],
       [80.],
       [80.],
       [80.],
       [80.],
       [80.],
       [80.],
       [80.],
       [80.],
       [80.],
       [80.],
       [80.],
       [80.],
       [80.],
       [80.],
       [80.],
       [80.],
       [80.],
       [80.],
       [80.],
       [80.],
       [80.],
       [80.],
       [80.],
       [80.],
       [80.],
       [80.],
       [80.],
       [80.],
       [80.],
       [80.],
       [80.],
       [80.],
       [80.],
       [80.],
       [80.],
       [80.],
       [80.],
       [80.],
       [80.],
       [80.],
       [80.],
       [80.],
       [80.],
       [80.],
       [80.],
       [80.],
       [80.],
       [80.],
       [80.],
       [80.],
       [80.],
       [80.],
       [80.],
       [80.],
       [80.],
       [80.],
       [80.],
       [80.],
       [80.],
       [80.],
       [80.],
       [80.],
       [80.],
       [80.],
       [80.],
       [80.],
       [80.],
       [80.],
       [80.],
       [80.],
       [80.],
       [80.],
       [80.],
       [80.],
       [80.],
       [80.],
       [80.],
       [80.],
       [80.],
       [80.],
       [80.],
       [80.],
       [80.],
       [80.],
       [80.],
       [80.],
       [80.],
       [80.],
       [80.],
       [80.],
       [80.],
       [80.],
       [80.],
       [80.],
       [80.],
       [80.],
       [80.],
       [80.],
       [80.],
       [80.],
       [80.],
       [80.],
       [80.],
       [80.],
       [80.],
       [80.],
       [80.],
       [80.],
       [80.],
       [80.],
       [80.],
       [80.],
       [80.],
       [80.],
       [80.],
       [80.],
       [80.],
       [80.],
       [80.],
       [80.],
       [80.],
       [80.],
       [80.],
       [80.],
       [80.],
       [80.],
       [80.],
       [80.],
       [80.],
       [80.],
       [80.],
       [80.],
       [80.],
       [80.],
       [80.],
       [80.],
       [80.],
       [80.],
       [80.],
       [80.],
       [80.],
       [80.],
       [80.],
       [80.],
       [80.],
       [80.],
       [80.],
       [80.],
       [80.],
       [80.],
       [80.],
       [80.],
       [80.],
       [80.],
       [80.],
       [80.],
       [80.],
       [80.],
       [80.],
       [80.],
       [80.],
       [80.],
       [80.],
       [80.],
       [80.],
       [80.],
       [80.],
       [80.],
       [80.],
       [80.],
       [80.],
       [80.],
       [80.],
       [80.],
       [80.],
       [80.],
       [80.],
       [80.],
       [80.],
       [80.],
       [80.],
       [80.],
       [80.],
       [80.],
       [80.],
       [80.],
       [80.],
       [80.],
       [80.],
       [80.],
       [80.],
       [80.],
       [80.],
       [80.],
       [80.],
       [80.],
       [80.],
       [80.],
       [80.],
       [80.],
       [80.],
       [80.],
       [80.],
       [80.],
       [80.],
       [80.],
       [80.],
       [80.],
       [80.],
       [80.],
       [80.],
       [80.],
       [80.],
       [80.],
       [80.],
       [80.],
       [80.],
       [80.],
       [80.],
       [80.],
       [80.],
       [80.],
       [80.],
       [80.],
       [80.],
       [80.],
       [80.],
       [80.],
       [80.],
       [80.],
       [80.],
       [80.],
       [80.],
       [80.],
       [80.],
       [80.],
       [80.],
       [80.],
       [80.],
       [80.],
       [80.],
       [80.],
       [80.],
       [80.],
       [80.],
       [80.],
       [80.],
       [80.],
       [80.],
       [80.],
       [80.],
       [80.],
       [80.],
       [80.],
       [80.],
       [80.],
       [80.],
       [80.],
       [80.],
       [80.],
       [80.],
       [80.],
       [80.],
       [80.],
       [80.],
       [80.],
       [80.],
       [80.],
       [80.],
       [80.],
       [80.],
       [80.],
       [80.],
       [80.],
       [80.],
       [80.],
       [80.],
       [80.],
       [80.],
       [80.],
       [80.],
       [80.],
       [80.],
       [80.],
       [80.],
       [80.],
       [80.],
       [80.],
       [80.],
       [80.],
       [80.],
       [80.],
       [80.],
       [80.],
       [80.],
       [80.],
       [80.],
       [80.],
       [80.],
       [80.],
       [80.],
       [80.],
       [80.],
       [80.],
       [80.],
       [80.],
       [80.],
       [80.],
       [80.],
       [80.],
       [80.],
       [80.],
       [80.],
       [80.],
       [80.],
       [80.],
       [80.],
       [80.],
       [80.],
       [80.],
       [80.],
       [80.],
       [80.],
       [80.],
       [80.],
       [80.],
       [80.],
       [80.],
       [80.],
       [80.],
       [80.],
       [80.],
       [80.],
       [80.],
       [80.],
       [80.],
       [80.],
       [80.],
       [80.],
       [80.],
       [80.],
       [80.],
       [80.],
       [80.],
       [80.],
       [80.],
       [80.],
       [80.],
       [80.],
       [80.],
       [80.],
       [80.],
       [80.],
       [80.],
       [80.],
       [80.],
       [80.],
       [80.],
       [80.],
       [80.],
       [80.],
       [80.],
       [80.],
       [80.],
       [80.],
       [80.],
       [80.],
       [80.],
       [80.],
       [80.],
       [80.],
       [80.],
       [80.],
       [80.],
       [80.],
       [80.],
       [80.],
       [80.],
       [80.],
       [80.],
       [80.],
       [80.],
       [80.],
       [80.],
       [80.],
       [80.],
       [80.],
       [80.],
       [80.],
       [80.]]), 'dt': 0.01, 'N': 400, 'l': 1e-05}","{'Q': 368.4210526315789, 'gbar': 17.894736842105264, 'T': 10000, 'supervisor': array([[-1.89214982e-17],
       [ 4.44288287e-04],
       [ 8.88576529e-04],
       ...,
       [-1.33286468e-03],
       [-8.88576529e-04],
       [-4.44288287e-04]]), 'BIAS': array([[80.],
       [80.],
       [80.],
       [80.],
       [80.],
       [80.],
       [80.],
       [80.],
       [80.],
       [80.],
       [80.],
       [80.],
       [80.],
       [80.],
       [80.],
       [80.],
       [80.],
       [80.],
       [80.],
       [80.],
       [80.],
       [80.],
       [80.],
       [80.],
       [80.],
       [80.],
       [80.],
       [80.],
       [80.],
       [80.],
       [80.],
       [80.],
       [80.],
       [80.],
       [80.],
       [80.],
       [80.],
       [80.],
       [80.],
       [80.],
       [80.],
       [80.],
       [80.],
       [80.],
       [80.],
       [80.],
       [80.],
       [80.],
       [80.],
       [80.],
       [80.],
       [80.],
       [80.],
       [80.],
       [80.],
       [80.],
       [80.],
       [80.],
       [80.],
       [80.],
       [80.],
       [80.],
       [80.],
       [80.],
       [80.],
       [80.],
       [80.],
       [80.],
       [80.],
       [80.],
       [80.],
       [80.],
       [80.],
       [80.],
       [80.],
       [80.],
       [80.],
       [80.],
       [80.],
       [80.],
       [80.],
       [80.],
       [80.],
       [80.],
       [80.],
       [80.],
       [80.],
       [80.],
       [80.],
       [80.],
       [80.],
       [80.],
       [80.],
       [80.],
       [80.],
       [80.],
       [80.],
       [80.],
       [80.],
       [80.],
       [80.],
       [80.],
       [80.],
       [80.],
       [80.],
       [80.],
       [80.],
       [80.],
       [80.],
       [80.],
       [80.],
       [80.],
       [80.],
       [80.],
       [80.],
       [80.],
       [80.],
       [80.],
       [80.],
       [80.],
       [80.],
       [80.],
       [80.],
       [80.],
       [80.],
       [80.],
       [80.],
       [80.],
       [80.],
       [80.],
       [80.],
       [80.],
       [80.],
       [80.],
       [80.],
       [80.],
       [80.],
       [80.],
       [80.],
       [80.],
       [80.],
       [80.],
       [80.],
       [80.],
       [80.],
       [80.],
       [80.],
       [80.],
       [80.],
       [80.],
       [80.],
       [80.],
       [80.],
       [80.],
       [80.],
       [80.],
       [80.],
       [80.],
       [80.],
       [80.],
       [80.],
       [80.],
       [80.],
       [80.],
       [80.],
       [80.],
       [80.],
       [80.],
       [80.],
       [80.],
       [80.],
       [80.],
       [80.],
       [80.],
       [80.],
       [80.],
       [80.],
       [80.],
       [80.],
       [80.],
       [80.],
       [80.],
       [80.],
       [80.],
       [80.],
       [80.],
       [80.],
       [80.],
       [80.],
       [80.],
       [80.],
       [80.],
       [80.],
       [80.],
       [80.],
       [80.],
       [80.],
       [80.],
       [80.],
       [80.],
       [80.],
       [80.],
       [80.],
       [80.],
       [80.],
       [80.],
       [80.],
       [80.],
       [80.],
       [80.],
       [80.],
       [80.],
       [80.],
       [80.],
       [80.],
       [80.],
       [80.],
       [80.],
       [80.],
       [80.],
       [80.],
       [80.],
       [80.],
       [80.],
       [80.],
       [80.],
       [80.],
       [80.],
       [80.],
       [80.],
       [80.],
       [80.],
       [80.],
       [80.],
       [80.],
       [80.],
       [80.],
       [80.],
       [80.],
       [80.],
       [80.],
       [80.],
       [80.],
       [80.],
       [80.],
       [80.],
       [80.],
       [80.],
       [80.],
       [80.],
       [80.],
       [80.],
       [80.],
       [80.],
       [80.],
       [80.],
       [80.],
       [80.],
       [80.],
       [80.],
       [80.],
       [80.],
       [80.],
       [80.],
       [80.],
       [80.],
       [80.],
       [80.],
       [80.],
       [80.],
       [80.],
       [80.],
       [80.],
       [80.],
       [80.],
       [80.],
       [80.],
       [80.],
       [80.],
       [80.],
       [80.],
       [80.],
       [80.],
       [80.],
       [80.],
       [80.],
       [80.],
       [80.],
       [80.],
       [80.],
       [80.],
       [80.],
       [80.],
       [80.],
       [80.],
       [80.],
       [80.],
       [80.],
       [80.],
       [80.],
       [80.],
       [80.],
       [80.],
       [80.],
       [80.],
       [80.],
       [80.],
       [80.],
       [80.],
       [80.],
       [80.],
       [80.],
       [80.],
       [80.],
       [80.],
       [80.],
       [80.],
       [80.],
       [80.],
       [80.],
       [80.],
       [80.],
       [80.],
       [80.],
       [80.],
       [80.],
       [80.],
       [80.],
       [80.],
       [80.],
       [80.],
       [80.],
       [80.],
       [80.],
       [80.],
       [80.],
       [80.],
       [80.],
       [80.],
       [80.],
       [80.],
       [80.],
       [80.],
       [80.],
       [80.],
       [80.],
       [80.],
       [80.],
       [80.],
       [80.],
       [80.],
       [80.],
       [80.],
       [80.],
       [80.],
       [80.],
       [80.],
       [80.],
       [80.],
       [80.],
       [80.],
       [80.],
       [80.],
       [80.],
       [80.],
       [80.],
       [80.],
       [80.],
       [80.],
       [80.],
       [80.],
       [80.],
       [80.],
       [80.],
       [80.],
       [80.],
       [80.],
       [80.],
       [80.],
       [80.],
       [80.],
       [80.],
       [80.],
       [80.],
       [80.],
       [80.],
       [80.],
       [80.],
       [80.],
       [80.],
       [80.],
       [80.],
       [80.],
       [80.],
       [80.],
       [80.],
       [80.],
       [80.],
       [80.],
       [80.]]), 'dt': 0.01, 'N': 400, 'l': 1e-05}","{'Q': 368.4210526315789, 'gbar': 18.94736842105263, 'T': 10000, 'supervisor': array([[-1.89214982e-17],
       [ 4.44288287e-04],
       [ 8.88576529e-04],
       ...,
       [-1.33286468e-03],
       [-8.88576529e-04],
       [-4.44288287e-04]]), 'BIAS': array([[80.],
       [80.],
       [80.],
       [80.],
       [80.],
       [80.],
       [80.],
       [80.],
       [80.],
       [80.],
       [80.],
       [80.],
       [80.],
       [80.],
       [80.],
       [80.],
       [80.],
       [80.],
       [80.],
       [80.],
       [80.],
       [80.],
       [80.],
       [80.],
       [80.],
       [80.],
       [80.],
       [80.],
       [80.],
       [80.],
       [80.],
       [80.],
       [80.],
       [80.],
       [80.],
       [80.],
       [80.],
       [80.],
       [80.],
       [80.],
       [80.],
       [80.],
       [80.],
       [80.],
       [80.],
       [80.],
       [80.],
       [80.],
       [80.],
       [80.],
       [80.],
       [80.],
       [80.],
       [80.],
       [80.],
       [80.],
       [80.],
       [80.],
       [80.],
       [80.],
       [80.],
       [80.],
       [80.],
       [80.],
       [80.],
       [80.],
       [80.],
       [80.],
       [80.],
       [80.],
       [80.],
       [80.],
       [80.],
       [80.],
       [80.],
       [80.],
       [80.],
       [80.],
       [80.],
       [80.],
       [80.],
       [80.],
       [80.],
       [80.],
       [80.],
       [80.],
       [80.],
       [80.],
       [80.],
       [80.],
       [80.],
       [80.],
       [80.],
       [80.],
       [80.],
       [80.],
       [80.],
       [80.],
       [80.],
       [80.],
       [80.],
       [80.],
       [80.],
       [80.],
       [80.],
       [80.],
       [80.],
       [80.],
       [80.],
       [80.],
       [80.],
       [80.],
       [80.],
       [80.],
       [80.],
       [80.],
       [80.],
       [80.],
       [80.],
       [80.],
       [80.],
       [80.],
       [80.],
       [80.],
       [80.],
       [80.],
       [80.],
       [80.],
       [80.],
       [80.],
       [80.],
       [80.],
       [80.],
       [80.],
       [80.],
       [80.],
       [80.],
       [80.],
       [80.],
       [80.],
       [80.],
       [80.],
       [80.],
       [80.],
       [80.],
       [80.],
       [80.],
       [80.],
       [80.],
       [80.],
       [80.],
       [80.],
       [80.],
       [80.],
       [80.],
       [80.],
       [80.],
       [80.],
       [80.],
       [80.],
       [80.],
       [80.],
       [80.],
       [80.],
       [80.],
       [80.],
       [80.],
       [80.],
       [80.],
       [80.],
       [80.],
       [80.],
       [80.],
       [80.],
       [80.],
       [80.],
       [80.],
       [80.],
       [80.],
       [80.],
       [80.],
       [80.],
       [80.],
       [80.],
       [80.],
       [80.],
       [80.],
       [80.],
       [80.],
       [80.],
       [80.],
       [80.],
       [80.],
       [80.],
       [80.],
       [80.],
       [80.],
       [80.],
       [80.],
       [80.],
       [80.],
       [80.],
       [80.],
       [80.],
       [80.],
       [80.],
       [80.],
       [80.],
       [80.],
       [80.],
       [80.],
       [80.],
       [80.],
       [80.],
       [80.],
       [80.],
       [80.],
       [80.],
       [80.],
       [80.],
       [80.],
       [80.],
       [80.],
       [80.],
       [80.],
       [80.],
       [80.],
       [80.],
       [80.],
       [80.],
       [80.],
       [80.],
       [80.],
       [80.],
       [80.],
       [80.],
       [80.],
       [80.],
       [80.],
       [80.],
       [80.],
       [80.],
       [80.],
       [80.],
       [80.],
       [80.],
       [80.],
       [80.],
       [80.],
       [80.],
       [80.],
       [80.],
       [80.],
       [80.],
       [80.],
       [80.],
       [80.],
       [80.],
       [80.],
       [80.],
       [80.],
       [80.],
       [80.],
       [80.],
       [80.],
       [80.],
       [80.],
       [80.],
       [80.],
       [80.],
       [80.],
       [80.],
       [80.],
       [80.],
       [80.],
       [80.],
       [80.],
       [80.],
       [80.],
       [80.],
       [80.],
       [80.],
       [80.],
       [80.],
       [80.],
       [80.],
       [80.],
       [80.],
       [80.],
       [80.],
       [80.],
       [80.],
       [80.],
       [80.],
       [80.],
       [80.],
       [80.],
       [80.],
       [80.],
       [80.],
       [80.],
       [80.],
       [80.],
       [80.],
       [80.],
       [80.],
       [80.],
       [80.],
       [80.],
       [80.],
       [80.],
       [80.],
       [80.],
       [80.],
       [80.],
       [80.],
       [80.],
       [80.],
       [80.],
       [80.],
       [80.],
       [80.],
       [80.],
       [80.],
       [80.],
       [80.],
       [80.],
       [80.],
       [80.],
       [80.],
       [80.],
       [80.],
       [80.],
       [80.],
       [80.],
       [80.],
       [80.],
       [80.],
       [80.],
       [80.],
       [80.],
       [80.],
       [80.],
       [80.],
       [80.],
       [80.],
       [80.],
       [80.],
       [80.],
       [80.],
       [80.],
       [80.],
       [80.],
       [80.],
       [80.],
       [80.],
       [80.],
       [80.],
       [80.],
       [80.],
       [80.],
       [80.],
       [80.],
       [80.],
       [80.],
       [80.],
       [80.],
       [80.],
       [80.],
       [80.],
       [80.],
       [80.],
       [80.],
       [80.],
       [80.],
       [80.],
       [80.],
       [80.],
       [80.],
       [80.],
       [80.],
       [80.],
       [80.],
       [80.],
       [80.],
       [80.],
       [80.],
       [80.],
       [80.],
       [80.],
       [80.],
       [80.],
       [80.],
       [80.],
       [80.],
       [80.],
       [80.],
       [80.],
       [80.],
       [80.]]), 'dt': 0.01, 'N': 400, 'l': 1e-05}","{'Q': 368.4210526315789, 'gbar': 20.0, 'T': 10000, 'supervisor': array([[-1.89214982e-17],
       [ 4.44288287e-04],
       [ 8.88576529e-04],
       ...,
       [-1.33286468e-03],
       [-8.88576529e-04],
       [-4.44288287e-04]]), 'BIAS': array([[80.],
       [80.],
       [80.],
       [80.],
       [80.],
       [80.],
       [80.],
       [80.],
       [80.],
       [80.],
       [80.],
       [80.],
       [80.],
       [80.],
       [80.],
       [80.],
       [80.],
       [80.],
       [80.],
       [80.],
       [80.],
       [80.],
       [80.],
       [80.],
       [80.],
       [80.],
       [80.],
       [80.],
       [80.],
       [80.],
       [80.],
       [80.],
       [80.],
       [80.],
       [80.],
       [80.],
       [80.],
       [80.],
       [80.],
       [80.],
       [80.],
       [80.],
       [80.],
       [80.],
       [80.],
       [80.],
       [80.],
       [80.],
       [80.],
       [80.],
       [80.],
       [80.],
       [80.],
       [80.],
       [80.],
       [80.],
       [80.],
       [80.],
       [80.],
       [80.],
       [80.],
       [80.],
       [80.],
       [80.],
       [80.],
       [80.],
       [80.],
       [80.],
       [80.],
       [80.],
       [80.],
       [80.],
       [80.],
       [80.],
       [80.],
       [80.],
       [80.],
       [80.],
       [80.],
       [80.],
       [80.],
       [80.],
       [80.],
       [80.],
       [80.],
       [80.],
       [80.],
       [80.],
       [80.],
       [80.],
       [80.],
       [80.],
       [80.],
       [80.],
       [80.],
       [80.],
       [80.],
       [80.],
       [80.],
       [80.],
       [80.],
       [80.],
       [80.],
       [80.],
       [80.],
       [80.],
       [80.],
       [80.],
       [80.],
       [80.],
       [80.],
       [80.],
       [80.],
       [80.],
       [80.],
       [80.],
       [80.],
       [80.],
       [80.],
       [80.],
       [80.],
       [80.],
       [80.],
       [80.],
       [80.],
       [80.],
       [80.],
       [80.],
       [80.],
       [80.],
       [80.],
       [80.],
       [80.],
       [80.],
       [80.],
       [80.],
       [80.],
       [80.],
       [80.],
       [80.],
       [80.],
       [80.],
       [80.],
       [80.],
       [80.],
       [80.],
       [80.],
       [80.],
       [80.],
       [80.],
       [80.],
       [80.],
       [80.],
       [80.],
       [80.],
       [80.],
       [80.],
       [80.],
       [80.],
       [80.],
       [80.],
       [80.],
       [80.],
       [80.],
       [80.],
       [80.],
       [80.],
       [80.],
       [80.],
       [80.],
       [80.],
       [80.],
       [80.],
       [80.],
       [80.],
       [80.],
       [80.],
       [80.],
       [80.],
       [80.],
       [80.],
       [80.],
       [80.],
       [80.],
       [80.],
       [80.],
       [80.],
       [80.],
       [80.],
       [80.],
       [80.],
       [80.],
       [80.],
       [80.],
       [80.],
       [80.],
       [80.],
       [80.],
       [80.],
       [80.],
       [80.],
       [80.],
       [80.],
       [80.],
       [80.],
       [80.],
       [80.],
       [80.],
       [80.],
       [80.],
       [80.],
       [80.],
       [80.],
       [80.],
       [80.],
       [80.],
       [80.],
       [80.],
       [80.],
       [80.],
       [80.],
       [80.],
       [80.],
       [80.],
       [80.],
       [80.],
       [80.],
       [80.],
       [80.],
       [80.],
       [80.],
       [80.],
       [80.],
       [80.],
       [80.],
       [80.],
       [80.],
       [80.],
       [80.],
       [80.],
       [80.],
       [80.],
       [80.],
       [80.],
       [80.],
       [80.],
       [80.],
       [80.],
       [80.],
       [80.],
       [80.],
       [80.],
       [80.],
       [80.],
       [80.],
       [80.],
       [80.],
       [80.],
       [80.],
       [80.],
       [80.],
       [80.],
       [80.],
       [80.],
       [80.],
       [80.],
       [80.],
       [80.],
       [80.],
       [80.],
       [80.],
       [80.],
       [80.],
       [80.],
       [80.],
       [80.],
       [80.],
       [80.],
       [80.],
       [80.],
       [80.],
       [80.],
       [80.],
       [80.],
       [80.],
       [80.],
       [80.],
       [80.],
       [80.],
       [80.],
       [80.],
       [80.],
       [80.],
       [80.],
       [80.],
       [80.],
       [80.],
       [80.],
       [80.],
       [80.],
       [80.],
       [80.],
       [80.],
       [80.],
       [80.],
       [80.],
       [80.],
       [80.],
       [80.],
       [80.],
       [80.],
       [80.],
       [80.],
       [80.],
       [80.],
       [80.],
       [80.],
       [80.],
       [80.],
       [80.],
       [80.],
       [80.],
       [80.],
       [80.],
       [80.],
       [80.],
       [80.],
       [80.],
       [80.],
       [80.],
       [80.],
       [80.],
       [80.],
       [80.],
       [80.],
       [80.],
       [80.],
       [80.],
       [80.],
       [80.],
       [80.],
       [80.],
       [80.],
       [80.],
       [80.],
       [80.],
       [80.],
       [80.],
       [80.],
       [80.],
       [80.],
       [80.],
       [80.],
       [80.],
       [80.],
       [80.],
       [80.],
       [80.],
       [80.],
       [80.],
       [80.],
       [80.],
       [80.],
       [80.],
       [80.],
       [80.],
       [80.],
       [80.],
       [80.],
       [80.],
       [80.],
       [80.],
       [80.],
       [80.],
       [80.],
       [80.],
       [80.],
       [80.],
       [80.],
       [80.],
       [80.],
       [80.],
       [80.],
       [80.],
       [80.],
       [80.],
       [80.],
       [80.],
       [80.],
       [80.],
       [80.],
       [80.],
       [80.],
       [80.],
       [80.],
       [80.],
       [80.],
       [80.],
       [80.],
       [80.]]), 'dt': 0.01, 'N': 400, 'l': 1e-05}"
"{'Q': 394.7368421052631, 'gbar': 0.0, 'T': 10000, 'supervisor': array([[-1.89214982e-17],
       [ 4.44288287e-04],
       [ 8.88576529e-04],
       ...,
       [-1.33286468e-03],
       [-8.88576529e-04],
       [-4.44288287e-04]]), 'BIAS': array([[80.],
       [80.],
       [80.],
       [80.],
       [80.],
       [80.],
       [80.],
       [80.],
       [80.],
       [80.],
       [80.],
       [80.],
       [80.],
       [80.],
       [80.],
       [80.],
       [80.],
       [80.],
       [80.],
       [80.],
       [80.],
       [80.],
       [80.],
       [80.],
       [80.],
       [80.],
       [80.],
       [80.],
       [80.],
       [80.],
       [80.],
       [80.],
       [80.],
       [80.],
       [80.],
       [80.],
       [80.],
       [80.],
       [80.],
       [80.],
       [80.],
       [80.],
       [80.],
       [80.],
       [80.],
       [80.],
       [80.],
       [80.],
       [80.],
       [80.],
       [80.],
       [80.],
       [80.],
       [80.],
       [80.],
       [80.],
       [80.],
       [80.],
       [80.],
       [80.],
       [80.],
       [80.],
       [80.],
       [80.],
       [80.],
       [80.],
       [80.],
       [80.],
       [80.],
       [80.],
       [80.],
       [80.],
       [80.],
       [80.],
       [80.],
       [80.],
       [80.],
       [80.],
       [80.],
       [80.],
       [80.],
       [80.],
       [80.],
       [80.],
       [80.],
       [80.],
       [80.],
       [80.],
       [80.],
       [80.],
       [80.],
       [80.],
       [80.],
       [80.],
       [80.],
       [80.],
       [80.],
       [80.],
       [80.],
       [80.],
       [80.],
       [80.],
       [80.],
       [80.],
       [80.],
       [80.],
       [80.],
       [80.],
       [80.],
       [80.],
       [80.],
       [80.],
       [80.],
       [80.],
       [80.],
       [80.],
       [80.],
       [80.],
       [80.],
       [80.],
       [80.],
       [80.],
       [80.],
       [80.],
       [80.],
       [80.],
       [80.],
       [80.],
       [80.],
       [80.],
       [80.],
       [80.],
       [80.],
       [80.],
       [80.],
       [80.],
       [80.],
       [80.],
       [80.],
       [80.],
       [80.],
       [80.],
       [80.],
       [80.],
       [80.],
       [80.],
       [80.],
       [80.],
       [80.],
       [80.],
       [80.],
       [80.],
       [80.],
       [80.],
       [80.],
       [80.],
       [80.],
       [80.],
       [80.],
       [80.],
       [80.],
       [80.],
       [80.],
       [80.],
       [80.],
       [80.],
       [80.],
       [80.],
       [80.],
       [80.],
       [80.],
       [80.],
       [80.],
       [80.],
       [80.],
       [80.],
       [80.],
       [80.],
       [80.],
       [80.],
       [80.],
       [80.],
       [80.],
       [80.],
       [80.],
       [80.],
       [80.],
       [80.],
       [80.],
       [80.],
       [80.],
       [80.],
       [80.],
       [80.],
       [80.],
       [80.],
       [80.],
       [80.],
       [80.],
       [80.],
       [80.],
       [80.],
       [80.],
       [80.],
       [80.],
       [80.],
       [80.],
       [80.],
       [80.],
       [80.],
       [80.],
       [80.],
       [80.],
       [80.],
       [80.],
       [80.],
       [80.],
       [80.],
       [80.],
       [80.],
       [80.],
       [80.],
       [80.],
       [80.],
       [80.],
       [80.],
       [80.],
       [80.],
       [80.],
       [80.],
       [80.],
       [80.],
       [80.],
       [80.],
       [80.],
       [80.],
       [80.],
       [80.],
       [80.],
       [80.],
       [80.],
       [80.],
       [80.],
       [80.],
       [80.],
       [80.],
       [80.],
       [80.],
       [80.],
       [80.],
       [80.],
       [80.],
       [80.],
       [80.],
       [80.],
       [80.],
       [80.],
       [80.],
       [80.],
       [80.],
       [80.],
       [80.],
       [80.],
       [80.],
       [80.],
       [80.],
       [80.],
       [80.],
       [80.],
       [80.],
       [80.],
       [80.],
       [80.],
       [80.],
       [80.],
       [80.],
       [80.],
       [80.],
       [80.],
       [80.],
       [80.],
       [80.],
       [80.],
       [80.],
       [80.],
       [80.],
       [80.],
       [80.],
       [80.],
       [80.],
       [80.],
       [80.],
       [80.],
       [80.],
       [80.],
       [80.],
       [80.],
       [80.],
       [80.],
       [80.],
       [80.],
       [80.],
       [80.],
       [80.],
       [80.],
       [80.],
       [80.],
       [80.],
       [80.],
       [80.],
       [80.],
       [80.],
       [80.],
       [80.],
       [80.],
       [80.],
       [80.],
       [80.],
       [80.],
       [80.],
       [80.],
       [80.],
       [80.],
       [80.],
       [80.],
       [80.],
       [80.],
       [80.],
       [80.],
       [80.],
       [80.],
       [80.],
       [80.],
       [80.],
       [80.],
       [80.],
       [80.],
       [80.],
       [80.],
       [80.],
       [80.],
       [80.],
       [80.],
       [80.],
       [80.],
       [80.],
       [80.],
       [80.],
       [80.],
       [80.],
       [80.],
       [80.],
       [80.],
       [80.],
       [80.],
       [80.],
       [80.],
       [80.],
       [80.],
       [80.],
       [80.],
       [80.],
       [80.],
       [80.],
       [80.],
       [80.],
       [80.],
       [80.],
       [80.],
       [80.],
       [80.],
       [80.],
       [80.],
       [80.],
       [80.],
       [80.],
       [80.],
       [80.],
       [80.],
       [80.],
       [80.],
       [80.],
       [80.],
       [80.],
       [80.],
       [80.],
       [80.],
       [80.],
       [80.],
       [80.],
       [80.],
       [80.],
       [80.],
       [80.],
       [80.],
       [80.],
       [80.],
       [80.],
       [80.],
       [80.]]), 'dt': 0.01, 'N': 400, 'l': 1e-05}","{'Q': 394.7368421052631, 'gbar': 1.0526315789473684, 'T': 10000, 'supervisor': array([[-1.89214982e-17],
       [ 4.44288287e-04],
       [ 8.88576529e-04],
       ...,
       [-1.33286468e-03],
       [-8.88576529e-04],
       [-4.44288287e-04]]), 'BIAS': array([[80.],
       [80.],
       [80.],
       [80.],
       [80.],
       [80.],
       [80.],
       [80.],
       [80.],
       [80.],
       [80.],
       [80.],
       [80.],
       [80.],
       [80.],
       [80.],
       [80.],
       [80.],
       [80.],
       [80.],
       [80.],
       [80.],
       [80.],
       [80.],
       [80.],
       [80.],
       [80.],
       [80.],
       [80.],
       [80.],
       [80.],
       [80.],
       [80.],
       [80.],
       [80.],
       [80.],
       [80.],
       [80.],
       [80.],
       [80.],
       [80.],
       [80.],
       [80.],
       [80.],
       [80.],
       [80.],
       [80.],
       [80.],
       [80.],
       [80.],
       [80.],
       [80.],
       [80.],
       [80.],
       [80.],
       [80.],
       [80.],
       [80.],
       [80.],
       [80.],
       [80.],
       [80.],
       [80.],
       [80.],
       [80.],
       [80.],
       [80.],
       [80.],
       [80.],
       [80.],
       [80.],
       [80.],
       [80.],
       [80.],
       [80.],
       [80.],
       [80.],
       [80.],
       [80.],
       [80.],
       [80.],
       [80.],
       [80.],
       [80.],
       [80.],
       [80.],
       [80.],
       [80.],
       [80.],
       [80.],
       [80.],
       [80.],
       [80.],
       [80.],
       [80.],
       [80.],
       [80.],
       [80.],
       [80.],
       [80.],
       [80.],
       [80.],
       [80.],
       [80.],
       [80.],
       [80.],
       [80.],
       [80.],
       [80.],
       [80.],
       [80.],
       [80.],
       [80.],
       [80.],
       [80.],
       [80.],
       [80.],
       [80.],
       [80.],
       [80.],
       [80.],
       [80.],
       [80.],
       [80.],
       [80.],
       [80.],
       [80.],
       [80.],
       [80.],
       [80.],
       [80.],
       [80.],
       [80.],
       [80.],
       [80.],
       [80.],
       [80.],
       [80.],
       [80.],
       [80.],
       [80.],
       [80.],
       [80.],
       [80.],
       [80.],
       [80.],
       [80.],
       [80.],
       [80.],
       [80.],
       [80.],
       [80.],
       [80.],
       [80.],
       [80.],
       [80.],
       [80.],
       [80.],
       [80.],
       [80.],
       [80.],
       [80.],
       [80.],
       [80.],
       [80.],
       [80.],
       [80.],
       [80.],
       [80.],
       [80.],
       [80.],
       [80.],
       [80.],
       [80.],
       [80.],
       [80.],
       [80.],
       [80.],
       [80.],
       [80.],
       [80.],
       [80.],
       [80.],
       [80.],
       [80.],
       [80.],
       [80.],
       [80.],
       [80.],
       [80.],
       [80.],
       [80.],
       [80.],
       [80.],
       [80.],
       [80.],
       [80.],
       [80.],
       [80.],
       [80.],
       [80.],
       [80.],
       [80.],
       [80.],
       [80.],
       [80.],
       [80.],
       [80.],
       [80.],
       [80.],
       [80.],
       [80.],
       [80.],
       [80.],
       [80.],
       [80.],
       [80.],
       [80.],
       [80.],
       [80.],
       [80.],
       [80.],
       [80.],
       [80.],
       [80.],
       [80.],
       [80.],
       [80.],
       [80.],
       [80.],
       [80.],
       [80.],
       [80.],
       [80.],
       [80.],
       [80.],
       [80.],
       [80.],
       [80.],
       [80.],
       [80.],
       [80.],
       [80.],
       [80.],
       [80.],
       [80.],
       [80.],
       [80.],
       [80.],
       [80.],
       [80.],
       [80.],
       [80.],
       [80.],
       [80.],
       [80.],
       [80.],
       [80.],
       [80.],
       [80.],
       [80.],
       [80.],
       [80.],
       [80.],
       [80.],
       [80.],
       [80.],
       [80.],
       [80.],
       [80.],
       [80.],
       [80.],
       [80.],
       [80.],
       [80.],
       [80.],
       [80.],
       [80.],
       [80.],
       [80.],
       [80.],
       [80.],
       [80.],
       [80.],
       [80.],
       [80.],
       [80.],
       [80.],
       [80.],
       [80.],
       [80.],
       [80.],
       [80.],
       [80.],
       [80.],
       [80.],
       [80.],
       [80.],
       [80.],
       [80.],
       [80.],
       [80.],
       [80.],
       [80.],
       [80.],
       [80.],
       [80.],
       [80.],
       [80.],
       [80.],
       [80.],
       [80.],
       [80.],
       [80.],
       [80.],
       [80.],
       [80.],
       [80.],
       [80.],
       [80.],
       [80.],
       [80.],
       [80.],
       [80.],
       [80.],
       [80.],
       [80.],
       [80.],
       [80.],
       [80.],
       [80.],
       [80.],
       [80.],
       [80.],
       [80.],
       [80.],
       [80.],
       [80.],
       [80.],
       [80.],
       [80.],
       [80.],
       [80.],
       [80.],
       [80.],
       [80.],
       [80.],
       [80.],
       [80.],
       [80.],
       [80.],
       [80.],
       [80.],
       [80.],
       [80.],
       [80.],
       [80.],
       [80.],
       [80.],
       [80.],
       [80.],
       [80.],
       [80.],
       [80.],
       [80.],
       [80.],
       [80.],
       [80.],
       [80.],
       [80.],
       [80.],
       [80.],
       [80.],
       [80.],
       [80.],
       [80.],
       [80.],
       [80.],
       [80.],
       [80.],
       [80.],
       [80.],
       [80.],
       [80.],
       [80.],
       [80.],
       [80.],
       [80.],
       [80.],
       [80.],
       [80.],
       [80.],
       [80.],
       [80.],
       [80.],
       [80.],
       [80.],
       [80.],
       [80.],
       [80.]]), 'dt': 0.01, 'N': 400, 'l': 1e-05}","{'Q': 394.7368421052631, 'gbar': 2.1052631578947367, 'T': 10000, 'supervisor': array([[-1.89214982e-17],
       [ 4.44288287e-04],
       [ 8.88576529e-04],
       ...,
       [-1.33286468e-03],
       [-8.88576529e-04],
       [-4.44288287e-04]]), 'BIAS': array([[80.],
       [80.],
       [80.],
       [80.],
       [80.],
       [80.],
       [80.],
       [80.],
       [80.],
       [80.],
       [80.],
       [80.],
       [80.],
       [80.],
       [80.],
       [80.],
       [80.],
       [80.],
       [80.],
       [80.],
       [80.],
       [80.],
       [80.],
       [80.],
       [80.],
       [80.],
       [80.],
       [80.],
       [80.],
       [80.],
       [80.],
       [80.],
       [80.],
       [80.],
       [80.],
       [80.],
       [80.],
       [80.],
       [80.],
       [80.],
       [80.],
       [80.],
       [80.],
       [80.],
       [80.],
       [80.],
       [80.],
       [80.],
       [80.],
       [80.],
       [80.],
       [80.],
       [80.],
       [80.],
       [80.],
       [80.],
       [80.],
       [80.],
       [80.],
       [80.],
       [80.],
       [80.],
       [80.],
       [80.],
       [80.],
       [80.],
       [80.],
       [80.],
       [80.],
       [80.],
       [80.],
       [80.],
       [80.],
       [80.],
       [80.],
       [80.],
       [80.],
       [80.],
       [80.],
       [80.],
       [80.],
       [80.],
       [80.],
       [80.],
       [80.],
       [80.],
       [80.],
       [80.],
       [80.],
       [80.],
       [80.],
       [80.],
       [80.],
       [80.],
       [80.],
       [80.],
       [80.],
       [80.],
       [80.],
       [80.],
       [80.],
       [80.],
       [80.],
       [80.],
       [80.],
       [80.],
       [80.],
       [80.],
       [80.],
       [80.],
       [80.],
       [80.],
       [80.],
       [80.],
       [80.],
       [80.],
       [80.],
       [80.],
       [80.],
       [80.],
       [80.],
       [80.],
       [80.],
       [80.],
       [80.],
       [80.],
       [80.],
       [80.],
       [80.],
       [80.],
       [80.],
       [80.],
       [80.],
       [80.],
       [80.],
       [80.],
       [80.],
       [80.],
       [80.],
       [80.],
       [80.],
       [80.],
       [80.],
       [80.],
       [80.],
       [80.],
       [80.],
       [80.],
       [80.],
       [80.],
       [80.],
       [80.],
       [80.],
       [80.],
       [80.],
       [80.],
       [80.],
       [80.],
       [80.],
       [80.],
       [80.],
       [80.],
       [80.],
       [80.],
       [80.],
       [80.],
       [80.],
       [80.],
       [80.],
       [80.],
       [80.],
       [80.],
       [80.],
       [80.],
       [80.],
       [80.],
       [80.],
       [80.],
       [80.],
       [80.],
       [80.],
       [80.],
       [80.],
       [80.],
       [80.],
       [80.],
       [80.],
       [80.],
       [80.],
       [80.],
       [80.],
       [80.],
       [80.],
       [80.],
       [80.],
       [80.],
       [80.],
       [80.],
       [80.],
       [80.],
       [80.],
       [80.],
       [80.],
       [80.],
       [80.],
       [80.],
       [80.],
       [80.],
       [80.],
       [80.],
       [80.],
       [80.],
       [80.],
       [80.],
       [80.],
       [80.],
       [80.],
       [80.],
       [80.],
       [80.],
       [80.],
       [80.],
       [80.],
       [80.],
       [80.],
       [80.],
       [80.],
       [80.],
       [80.],
       [80.],
       [80.],
       [80.],
       [80.],
       [80.],
       [80.],
       [80.],
       [80.],
       [80.],
       [80.],
       [80.],
       [80.],
       [80.],
       [80.],
       [80.],
       [80.],
       [80.],
       [80.],
       [80.],
       [80.],
       [80.],
       [80.],
       [80.],
       [80.],
       [80.],
       [80.],
       [80.],
       [80.],
       [80.],
       [80.],
       [80.],
       [80.],
       [80.],
       [80.],
       [80.],
       [80.],
       [80.],
       [80.],
       [80.],
       [80.],
       [80.],
       [80.],
       [80.],
       [80.],
       [80.],
       [80.],
       [80.],
       [80.],
       [80.],
       [80.],
       [80.],
       [80.],
       [80.],
       [80.],
       [80.],
       [80.],
       [80.],
       [80.],
       [80.],
       [80.],
       [80.],
       [80.],
       [80.],
       [80.],
       [80.],
       [80.],
       [80.],
       [80.],
       [80.],
       [80.],
       [80.],
       [80.],
       [80.],
       [80.],
       [80.],
       [80.],
       [80.],
       [80.],
       [80.],
       [80.],
       [80.],
       [80.],
       [80.],
       [80.],
       [80.],
       [80.],
       [80.],
       [80.],
       [80.],
       [80.],
       [80.],
       [80.],
       [80.],
       [80.],
       [80.],
       [80.],
       [80.],
       [80.],
       [80.],
       [80.],
       [80.],
       [80.],
       [80.],
       [80.],
       [80.],
       [80.],
       [80.],
       [80.],
       [80.],
       [80.],
       [80.],
       [80.],
       [80.],
       [80.],
       [80.],
       [80.],
       [80.],
       [80.],
       [80.],
       [80.],
       [80.],
       [80.],
       [80.],
       [80.],
       [80.],
       [80.],
       [80.],
       [80.],
       [80.],
       [80.],
       [80.],
       [80.],
       [80.],
       [80.],
       [80.],
       [80.],
       [80.],
       [80.],
       [80.],
       [80.],
       [80.],
       [80.],
       [80.],
       [80.],
       [80.],
       [80.],
       [80.],
       [80.],
       [80.],
       [80.],
       [80.],
       [80.],
       [80.],
       [80.],
       [80.],
       [80.],
       [80.],
       [80.],
       [80.],
       [80.],
       [80.],
       [80.],
       [80.],
       [80.],
       [80.],
       [80.],
       [80.],
       [80.],
       [80.],
       [80.],
       [80.]]), 'dt': 0.01, 'N': 400, 'l': 1e-05}","{'Q': 394.7368421052631, 'gbar': 3.1578947368421053, 'T': 10000, 'supervisor': array([[-1.89214982e-17],
       [ 4.44288287e-04],
       [ 8.88576529e-04],
       ...,
       [-1.33286468e-03],
       [-8.88576529e-04],
       [-4.44288287e-04]]), 'BIAS': array([[80.],
       [80.],
       [80.],
       [80.],
       [80.],
       [80.],
       [80.],
       [80.],
       [80.],
       [80.],
       [80.],
       [80.],
       [80.],
       [80.],
       [80.],
       [80.],
       [80.],
       [80.],
       [80.],
       [80.],
       [80.],
       [80.],
       [80.],
       [80.],
       [80.],
       [80.],
       [80.],
       [80.],
       [80.],
       [80.],
       [80.],
       [80.],
       [80.],
       [80.],
       [80.],
       [80.],
       [80.],
       [80.],
       [80.],
       [80.],
       [80.],
       [80.],
       [80.],
       [80.],
       [80.],
       [80.],
       [80.],
       [80.],
       [80.],
       [80.],
       [80.],
       [80.],
       [80.],
       [80.],
       [80.],
       [80.],
       [80.],
       [80.],
       [80.],
       [80.],
       [80.],
       [80.],
       [80.],
       [80.],
       [80.],
       [80.],
       [80.],
       [80.],
       [80.],
       [80.],
       [80.],
       [80.],
       [80.],
       [80.],
       [80.],
       [80.],
       [80.],
       [80.],
       [80.],
       [80.],
       [80.],
       [80.],
       [80.],
       [80.],
       [80.],
       [80.],
       [80.],
       [80.],
       [80.],
       [80.],
       [80.],
       [80.],
       [80.],
       [80.],
       [80.],
       [80.],
       [80.],
       [80.],
       [80.],
       [80.],
       [80.],
       [80.],
       [80.],
       [80.],
       [80.],
       [80.],
       [80.],
       [80.],
       [80.],
       [80.],
       [80.],
       [80.],
       [80.],
       [80.],
       [80.],
       [80.],
       [80.],
       [80.],
       [80.],
       [80.],
       [80.],
       [80.],
       [80.],
       [80.],
       [80.],
       [80.],
       [80.],
       [80.],
       [80.],
       [80.],
       [80.],
       [80.],
       [80.],
       [80.],
       [80.],
       [80.],
       [80.],
       [80.],
       [80.],
       [80.],
       [80.],
       [80.],
       [80.],
       [80.],
       [80.],
       [80.],
       [80.],
       [80.],
       [80.],
       [80.],
       [80.],
       [80.],
       [80.],
       [80.],
       [80.],
       [80.],
       [80.],
       [80.],
       [80.],
       [80.],
       [80.],
       [80.],
       [80.],
       [80.],
       [80.],
       [80.],
       [80.],
       [80.],
       [80.],
       [80.],
       [80.],
       [80.],
       [80.],
       [80.],
       [80.],
       [80.],
       [80.],
       [80.],
       [80.],
       [80.],
       [80.],
       [80.],
       [80.],
       [80.],
       [80.],
       [80.],
       [80.],
       [80.],
       [80.],
       [80.],
       [80.],
       [80.],
       [80.],
       [80.],
       [80.],
       [80.],
       [80.],
       [80.],
       [80.],
       [80.],
       [80.],
       [80.],
       [80.],
       [80.],
       [80.],
       [80.],
       [80.],
       [80.],
       [80.],
       [80.],
       [80.],
       [80.],
       [80.],
       [80.],
       [80.],
       [80.],
       [80.],
       [80.],
       [80.],
       [80.],
       [80.],
       [80.],
       [80.],
       [80.],
       [80.],
       [80.],
       [80.],
       [80.],
       [80.],
       [80.],
       [80.],
       [80.],
       [80.],
       [80.],
       [80.],
       [80.],
       [80.],
       [80.],
       [80.],
       [80.],
       [80.],
       [80.],
       [80.],
       [80.],
       [80.],
       [80.],
       [80.],
       [80.],
       [80.],
       [80.],
       [80.],
       [80.],
       [80.],
       [80.],
       [80.],
       [80.],
       [80.],
       [80.],
       [80.],
       [80.],
       [80.],
       [80.],
       [80.],
       [80.],
       [80.],
       [80.],
       [80.],
       [80.],
       [80.],
       [80.],
       [80.],
       [80.],
       [80.],
       [80.],
       [80.],
       [80.],
       [80.],
       [80.],
       [80.],
       [80.],
       [80.],
       [80.],
       [80.],
       [80.],
       [80.],
       [80.],
       [80.],
       [80.],
       [80.],
       [80.],
       [80.],
       [80.],
       [80.],
       [80.],
       [80.],
       [80.],
       [80.],
       [80.],
       [80.],
       [80.],
       [80.],
       [80.],
       [80.],
       [80.],
       [80.],
       [80.],
       [80.],
       [80.],
       [80.],
       [80.],
       [80.],
       [80.],
       [80.],
       [80.],
       [80.],
       [80.],
       [80.],
       [80.],
       [80.],
       [80.],
       [80.],
       [80.],
       [80.],
       [80.],
       [80.],
       [80.],
       [80.],
       [80.],
       [80.],
       [80.],
       [80.],
       [80.],
       [80.],
       [80.],
       [80.],
       [80.],
       [80.],
       [80.],
       [80.],
       [80.],
       [80.],
       [80.],
       [80.],
       [80.],
       [80.],
       [80.],
       [80.],
       [80.],
       [80.],
       [80.],
       [80.],
       [80.],
       [80.],
       [80.],
       [80.],
       [80.],
       [80.],
       [80.],
       [80.],
       [80.],
       [80.],
       [80.],
       [80.],
       [80.],
       [80.],
       [80.],
       [80.],
       [80.],
       [80.],
       [80.],
       [80.],
       [80.],
       [80.],
       [80.],
       [80.],
       [80.],
       [80.],
       [80.],
       [80.],
       [80.],
       [80.],
       [80.],
       [80.],
       [80.],
       [80.],
       [80.],
       [80.],
       [80.],
       [80.],
       [80.],
       [80.],
       [80.],
       [80.],
       [80.],
       [80.],
       [80.],
       [80.],
       [80.],
       [80.],
       [80.]]), 'dt': 0.01, 'N': 400, 'l': 1e-05}","{'Q': 394.7368421052631, 'gbar': 4.2105263157894735, 'T': 10000, 'supervisor': array([[-1.89214982e-17],
       [ 4.44288287e-04],
       [ 8.88576529e-04],
       ...,
       [-1.33286468e-03],
       [-8.88576529e-04],
       [-4.44288287e-04]]), 'BIAS': array([[80.],
       [80.],
       [80.],
       [80.],
       [80.],
       [80.],
       [80.],
       [80.],
       [80.],
       [80.],
       [80.],
       [80.],
       [80.],
       [80.],
       [80.],
       [80.],
       [80.],
       [80.],
       [80.],
       [80.],
       [80.],
       [80.],
       [80.],
       [80.],
       [80.],
       [80.],
       [80.],
       [80.],
       [80.],
       [80.],
       [80.],
       [80.],
       [80.],
       [80.],
       [80.],
       [80.],
       [80.],
       [80.],
       [80.],
       [80.],
       [80.],
       [80.],
       [80.],
       [80.],
       [80.],
       [80.],
       [80.],
       [80.],
       [80.],
       [80.],
       [80.],
       [80.],
       [80.],
       [80.],
       [80.],
       [80.],
       [80.],
       [80.],
       [80.],
       [80.],
       [80.],
       [80.],
       [80.],
       [80.],
       [80.],
       [80.],
       [80.],
       [80.],
       [80.],
       [80.],
       [80.],
       [80.],
       [80.],
       [80.],
       [80.],
       [80.],
       [80.],
       [80.],
       [80.],
       [80.],
       [80.],
       [80.],
       [80.],
       [80.],
       [80.],
       [80.],
       [80.],
       [80.],
       [80.],
       [80.],
       [80.],
       [80.],
       [80.],
       [80.],
       [80.],
       [80.],
       [80.],
       [80.],
       [80.],
       [80.],
       [80.],
       [80.],
       [80.],
       [80.],
       [80.],
       [80.],
       [80.],
       [80.],
       [80.],
       [80.],
       [80.],
       [80.],
       [80.],
       [80.],
       [80.],
       [80.],
       [80.],
       [80.],
       [80.],
       [80.],
       [80.],
       [80.],
       [80.],
       [80.],
       [80.],
       [80.],
       [80.],
       [80.],
       [80.],
       [80.],
       [80.],
       [80.],
       [80.],
       [80.],
       [80.],
       [80.],
       [80.],
       [80.],
       [80.],
       [80.],
       [80.],
       [80.],
       [80.],
       [80.],
       [80.],
       [80.],
       [80.],
       [80.],
       [80.],
       [80.],
       [80.],
       [80.],
       [80.],
       [80.],
       [80.],
       [80.],
       [80.],
       [80.],
       [80.],
       [80.],
       [80.],
       [80.],
       [80.],
       [80.],
       [80.],
       [80.],
       [80.],
       [80.],
       [80.],
       [80.],
       [80.],
       [80.],
       [80.],
       [80.],
       [80.],
       [80.],
       [80.],
       [80.],
       [80.],
       [80.],
       [80.],
       [80.],
       [80.],
       [80.],
       [80.],
       [80.],
       [80.],
       [80.],
       [80.],
       [80.],
       [80.],
       [80.],
       [80.],
       [80.],
       [80.],
       [80.],
       [80.],
       [80.],
       [80.],
       [80.],
       [80.],
       [80.],
       [80.],
       [80.],
       [80.],
       [80.],
       [80.],
       [80.],
       [80.],
       [80.],
       [80.],
       [80.],
       [80.],
       [80.],
       [80.],
       [80.],
       [80.],
       [80.],
       [80.],
       [80.],
       [80.],
       [80.],
       [80.],
       [80.],
       [80.],
       [80.],
       [80.],
       [80.],
       [80.],
       [80.],
       [80.],
       [80.],
       [80.],
       [80.],
       [80.],
       [80.],
       [80.],
       [80.],
       [80.],
       [80.],
       [80.],
       [80.],
       [80.],
       [80.],
       [80.],
       [80.],
       [80.],
       [80.],
       [80.],
       [80.],
       [80.],
       [80.],
       [80.],
       [80.],
       [80.],
       [80.],
       [80.],
       [80.],
       [80.],
       [80.],
       [80.],
       [80.],
       [80.],
       [80.],
       [80.],
       [80.],
       [80.],
       [80.],
       [80.],
       [80.],
       [80.],
       [80.],
       [80.],
       [80.],
       [80.],
       [80.],
       [80.],
       [80.],
       [80.],
       [80.],
       [80.],
       [80.],
       [80.],
       [80.],
       [80.],
       [80.],
       [80.],
       [80.],
       [80.],
       [80.],
       [80.],
       [80.],
       [80.],
       [80.],
       [80.],
       [80.],
       [80.],
       [80.],
       [80.],
       [80.],
       [80.],
       [80.],
       [80.],
       [80.],
       [80.],
       [80.],
       [80.],
       [80.],
       [80.],
       [80.],
       [80.],
       [80.],
       [80.],
       [80.],
       [80.],
       [80.],
       [80.],
       [80.],
       [80.],
       [80.],
       [80.],
       [80.],
       [80.],
       [80.],
       [80.],
       [80.],
       [80.],
       [80.],
       [80.],
       [80.],
       [80.],
       [80.],
       [80.],
       [80.],
       [80.],
       [80.],
       [80.],
       [80.],
       [80.],
       [80.],
       [80.],
       [80.],
       [80.],
       [80.],
       [80.],
       [80.],
       [80.],
       [80.],
       [80.],
       [80.],
       [80.],
       [80.],
       [80.],
       [80.],
       [80.],
       [80.],
       [80.],
       [80.],
       [80.],
       [80.],
       [80.],
       [80.],
       [80.],
       [80.],
       [80.],
       [80.],
       [80.],
       [80.],
       [80.],
       [80.],
       [80.],
       [80.],
       [80.],
       [80.],
       [80.],
       [80.],
       [80.],
       [80.],
       [80.],
       [80.],
       [80.],
       [80.],
       [80.],
       [80.],
       [80.],
       [80.],
       [80.],
       [80.],
       [80.],
       [80.],
       [80.],
       [80.],
       [80.],
       [80.],
       [80.],
       [80.],
       [80.],
       [80.],
       [80.],
       [80.]]), 'dt': 0.01, 'N': 400, 'l': 1e-05}","{'Q': 394.7368421052631, 'gbar': 5.263157894736842, 'T': 10000, 'supervisor': array([[-1.89214982e-17],
       [ 4.44288287e-04],
       [ 8.88576529e-04],
       ...,
       [-1.33286468e-03],
       [-8.88576529e-04],
       [-4.44288287e-04]]), 'BIAS': array([[80.],
       [80.],
       [80.],
       [80.],
       [80.],
       [80.],
       [80.],
       [80.],
       [80.],
       [80.],
       [80.],
       [80.],
       [80.],
       [80.],
       [80.],
       [80.],
       [80.],
       [80.],
       [80.],
       [80.],
       [80.],
       [80.],
       [80.],
       [80.],
       [80.],
       [80.],
       [80.],
       [80.],
       [80.],
       [80.],
       [80.],
       [80.],
       [80.],
       [80.],
       [80.],
       [80.],
       [80.],
       [80.],
       [80.],
       [80.],
       [80.],
       [80.],
       [80.],
       [80.],
       [80.],
       [80.],
       [80.],
       [80.],
       [80.],
       [80.],
       [80.],
       [80.],
       [80.],
       [80.],
       [80.],
       [80.],
       [80.],
       [80.],
       [80.],
       [80.],
       [80.],
       [80.],
       [80.],
       [80.],
       [80.],
       [80.],
       [80.],
       [80.],
       [80.],
       [80.],
       [80.],
       [80.],
       [80.],
       [80.],
       [80.],
       [80.],
       [80.],
       [80.],
       [80.],
       [80.],
       [80.],
       [80.],
       [80.],
       [80.],
       [80.],
       [80.],
       [80.],
       [80.],
       [80.],
       [80.],
       [80.],
       [80.],
       [80.],
       [80.],
       [80.],
       [80.],
       [80.],
       [80.],
       [80.],
       [80.],
       [80.],
       [80.],
       [80.],
       [80.],
       [80.],
       [80.],
       [80.],
       [80.],
       [80.],
       [80.],
       [80.],
       [80.],
       [80.],
       [80.],
       [80.],
       [80.],
       [80.],
       [80.],
       [80.],
       [80.],
       [80.],
       [80.],
       [80.],
       [80.],
       [80.],
       [80.],
       [80.],
       [80.],
       [80.],
       [80.],
       [80.],
       [80.],
       [80.],
       [80.],
       [80.],
       [80.],
       [80.],
       [80.],
       [80.],
       [80.],
       [80.],
       [80.],
       [80.],
       [80.],
       [80.],
       [80.],
       [80.],
       [80.],
       [80.],
       [80.],
       [80.],
       [80.],
       [80.],
       [80.],
       [80.],
       [80.],
       [80.],
       [80.],
       [80.],
       [80.],
       [80.],
       [80.],
       [80.],
       [80.],
       [80.],
       [80.],
       [80.],
       [80.],
       [80.],
       [80.],
       [80.],
       [80.],
       [80.],
       [80.],
       [80.],
       [80.],
       [80.],
       [80.],
       [80.],
       [80.],
       [80.],
       [80.],
       [80.],
       [80.],
       [80.],
       [80.],
       [80.],
       [80.],
       [80.],
       [80.],
       [80.],
       [80.],
       [80.],
       [80.],
       [80.],
       [80.],
       [80.],
       [80.],
       [80.],
       [80.],
       [80.],
       [80.],
       [80.],
       [80.],
       [80.],
       [80.],
       [80.],
       [80.],
       [80.],
       [80.],
       [80.],
       [80.],
       [80.],
       [80.],
       [80.],
       [80.],
       [80.],
       [80.],
       [80.],
       [80.],
       [80.],
       [80.],
       [80.],
       [80.],
       [80.],
       [80.],
       [80.],
       [80.],
       [80.],
       [80.],
       [80.],
       [80.],
       [80.],
       [80.],
       [80.],
       [80.],
       [80.],
       [80.],
       [80.],
       [80.],
       [80.],
       [80.],
       [80.],
       [80.],
       [80.],
       [80.],
       [80.],
       [80.],
       [80.],
       [80.],
       [80.],
       [80.],
       [80.],
       [80.],
       [80.],
       [80.],
       [80.],
       [80.],
       [80.],
       [80.],
       [80.],
       [80.],
       [80.],
       [80.],
       [80.],
       [80.],
       [80.],
       [80.],
       [80.],
       [80.],
       [80.],
       [80.],
       [80.],
       [80.],
       [80.],
       [80.],
       [80.],
       [80.],
       [80.],
       [80.],
       [80.],
       [80.],
       [80.],
       [80.],
       [80.],
       [80.],
       [80.],
       [80.],
       [80.],
       [80.],
       [80.],
       [80.],
       [80.],
       [80.],
       [80.],
       [80.],
       [80.],
       [80.],
       [80.],
       [80.],
       [80.],
       [80.],
       [80.],
       [80.],
       [80.],
       [80.],
       [80.],
       [80.],
       [80.],
       [80.],
       [80.],
       [80.],
       [80.],
       [80.],
       [80.],
       [80.],
       [80.],
       [80.],
       [80.],
       [80.],
       [80.],
       [80.],
       [80.],
       [80.],
       [80.],
       [80.],
       [80.],
       [80.],
       [80.],
       [80.],
       [80.],
       [80.],
       [80.],
       [80.],
       [80.],
       [80.],
       [80.],
       [80.],
       [80.],
       [80.],
       [80.],
       [80.],
       [80.],
       [80.],
       [80.],
       [80.],
       [80.],
       [80.],
       [80.],
       [80.],
       [80.],
       [80.],
       [80.],
       [80.],
       [80.],
       [80.],
       [80.],
       [80.],
       [80.],
       [80.],
       [80.],
       [80.],
       [80.],
       [80.],
       [80.],
       [80.],
       [80.],
       [80.],
       [80.],
       [80.],
       [80.],
       [80.],
       [80.],
       [80.],
       [80.],
       [80.],
       [80.],
       [80.],
       [80.],
       [80.],
       [80.],
       [80.],
       [80.],
       [80.],
       [80.],
       [80.],
       [80.],
       [80.],
       [80.],
       [80.],
       [80.],
       [80.],
       [80.],
       [80.],
       [80.],
       [80.],
       [80.],
       [80.],
       [80.],
       [80.]]), 'dt': 0.01, 'N': 400, 'l': 1e-05}","{'Q': 394.7368421052631, 'gbar': 6.315789473684211, 'T': 10000, 'supervisor': array([[-1.89214982e-17],
       [ 4.44288287e-04],
       [ 8.88576529e-04],
       ...,
       [-1.33286468e-03],
       [-8.88576529e-04],
       [-4.44288287e-04]]), 'BIAS': array([[80.],
       [80.],
       [80.],
       [80.],
       [80.],
       [80.],
       [80.],
       [80.],
       [80.],
       [80.],
       [80.],
       [80.],
       [80.],
       [80.],
       [80.],
       [80.],
       [80.],
       [80.],
       [80.],
       [80.],
       [80.],
       [80.],
       [80.],
       [80.],
       [80.],
       [80.],
       [80.],
       [80.],
       [80.],
       [80.],
       [80.],
       [80.],
       [80.],
       [80.],
       [80.],
       [80.],
       [80.],
       [80.],
       [80.],
       [80.],
       [80.],
       [80.],
       [80.],
       [80.],
       [80.],
       [80.],
       [80.],
       [80.],
       [80.],
       [80.],
       [80.],
       [80.],
       [80.],
       [80.],
       [80.],
       [80.],
       [80.],
       [80.],
       [80.],
       [80.],
       [80.],
       [80.],
       [80.],
       [80.],
       [80.],
       [80.],
       [80.],
       [80.],
       [80.],
       [80.],
       [80.],
       [80.],
       [80.],
       [80.],
       [80.],
       [80.],
       [80.],
       [80.],
       [80.],
       [80.],
       [80.],
       [80.],
       [80.],
       [80.],
       [80.],
       [80.],
       [80.],
       [80.],
       [80.],
       [80.],
       [80.],
       [80.],
       [80.],
       [80.],
       [80.],
       [80.],
       [80.],
       [80.],
       [80.],
       [80.],
       [80.],
       [80.],
       [80.],
       [80.],
       [80.],
       [80.],
       [80.],
       [80.],
       [80.],
       [80.],
       [80.],
       [80.],
       [80.],
       [80.],
       [80.],
       [80.],
       [80.],
       [80.],
       [80.],
       [80.],
       [80.],
       [80.],
       [80.],
       [80.],
       [80.],
       [80.],
       [80.],
       [80.],
       [80.],
       [80.],
       [80.],
       [80.],
       [80.],
       [80.],
       [80.],
       [80.],
       [80.],
       [80.],
       [80.],
       [80.],
       [80.],
       [80.],
       [80.],
       [80.],
       [80.],
       [80.],
       [80.],
       [80.],
       [80.],
       [80.],
       [80.],
       [80.],
       [80.],
       [80.],
       [80.],
       [80.],
       [80.],
       [80.],
       [80.],
       [80.],
       [80.],
       [80.],
       [80.],
       [80.],
       [80.],
       [80.],
       [80.],
       [80.],
       [80.],
       [80.],
       [80.],
       [80.],
       [80.],
       [80.],
       [80.],
       [80.],
       [80.],
       [80.],
       [80.],
       [80.],
       [80.],
       [80.],
       [80.],
       [80.],
       [80.],
       [80.],
       [80.],
       [80.],
       [80.],
       [80.],
       [80.],
       [80.],
       [80.],
       [80.],
       [80.],
       [80.],
       [80.],
       [80.],
       [80.],
       [80.],
       [80.],
       [80.],
       [80.],
       [80.],
       [80.],
       [80.],
       [80.],
       [80.],
       [80.],
       [80.],
       [80.],
       [80.],
       [80.],
       [80.],
       [80.],
       [80.],
       [80.],
       [80.],
       [80.],
       [80.],
       [80.],
       [80.],
       [80.],
       [80.],
       [80.],
       [80.],
       [80.],
       [80.],
       [80.],
       [80.],
       [80.],
       [80.],
       [80.],
       [80.],
       [80.],
       [80.],
       [80.],
       [80.],
       [80.],
       [80.],
       [80.],
       [80.],
       [80.],
       [80.],
       [80.],
       [80.],
       [80.],
       [80.],
       [80.],
       [80.],
       [80.],
       [80.],
       [80.],
       [80.],
       [80.],
       [80.],
       [80.],
       [80.],
       [80.],
       [80.],
       [80.],
       [80.],
       [80.],
       [80.],
       [80.],
       [80.],
       [80.],
       [80.],
       [80.],
       [80.],
       [80.],
       [80.],
       [80.],
       [80.],
       [80.],
       [80.],
       [80.],
       [80.],
       [80.],
       [80.],
       [80.],
       [80.],
       [80.],
       [80.],
       [80.],
       [80.],
       [80.],
       [80.],
       [80.],
       [80.],
       [80.],
       [80.],
       [80.],
       [80.],
       [80.],
       [80.],
       [80.],
       [80.],
       [80.],
       [80.],
       [80.],
       [80.],
       [80.],
       [80.],
       [80.],
       [80.],
       [80.],
       [80.],
       [80.],
       [80.],
       [80.],
       [80.],
       [80.],
       [80.],
       [80.],
       [80.],
       [80.],
       [80.],
       [80.],
       [80.],
       [80.],
       [80.],
       [80.],
       [80.],
       [80.],
       [80.],
       [80.],
       [80.],
       [80.],
       [80.],
       [80.],
       [80.],
       [80.],
       [80.],
       [80.],
       [80.],
       [80.],
       [80.],
       [80.],
       [80.],
       [80.],
       [80.],
       [80.],
       [80.],
       [80.],
       [80.],
       [80.],
       [80.],
       [80.],
       [80.],
       [80.],
       [80.],
       [80.],
       [80.],
       [80.],
       [80.],
       [80.],
       [80.],
       [80.],
       [80.],
       [80.],
       [80.],
       [80.],
       [80.],
       [80.],
       [80.],
       [80.],
       [80.],
       [80.],
       [80.],
       [80.],
       [80.],
       [80.],
       [80.],
       [80.],
       [80.],
       [80.],
       [80.],
       [80.],
       [80.],
       [80.],
       [80.],
       [80.],
       [80.],
       [80.],
       [80.],
       [80.],
       [80.],
       [80.],
       [80.],
       [80.],
       [80.],
       [80.],
       [80.],
       [80.],
       [80.],
       [80.],
       [80.],
       [80.],
       [80.]]), 'dt': 0.01, 'N': 400, 'l': 1e-05}","{'Q': 394.7368421052631, 'gbar': 7.368421052631579, 'T': 10000, 'supervisor': array([[-1.89214982e-17],
       [ 4.44288287e-04],
       [ 8.88576529e-04],
       ...,
       [-1.33286468e-03],
       [-8.88576529e-04],
       [-4.44288287e-04]]), 'BIAS': array([[80.],
       [80.],
       [80.],
       [80.],
       [80.],
       [80.],
       [80.],
       [80.],
       [80.],
       [80.],
       [80.],
       [80.],
       [80.],
       [80.],
       [80.],
       [80.],
       [80.],
       [80.],
       [80.],
       [80.],
       [80.],
       [80.],
       [80.],
       [80.],
       [80.],
       [80.],
       [80.],
       [80.],
       [80.],
       [80.],
       [80.],
       [80.],
       [80.],
       [80.],
       [80.],
       [80.],
       [80.],
       [80.],
       [80.],
       [80.],
       [80.],
       [80.],
       [80.],
       [80.],
       [80.],
       [80.],
       [80.],
       [80.],
       [80.],
       [80.],
       [80.],
       [80.],
       [80.],
       [80.],
       [80.],
       [80.],
       [80.],
       [80.],
       [80.],
       [80.],
       [80.],
       [80.],
       [80.],
       [80.],
       [80.],
       [80.],
       [80.],
       [80.],
       [80.],
       [80.],
       [80.],
       [80.],
       [80.],
       [80.],
       [80.],
       [80.],
       [80.],
       [80.],
       [80.],
       [80.],
       [80.],
       [80.],
       [80.],
       [80.],
       [80.],
       [80.],
       [80.],
       [80.],
       [80.],
       [80.],
       [80.],
       [80.],
       [80.],
       [80.],
       [80.],
       [80.],
       [80.],
       [80.],
       [80.],
       [80.],
       [80.],
       [80.],
       [80.],
       [80.],
       [80.],
       [80.],
       [80.],
       [80.],
       [80.],
       [80.],
       [80.],
       [80.],
       [80.],
       [80.],
       [80.],
       [80.],
       [80.],
       [80.],
       [80.],
       [80.],
       [80.],
       [80.],
       [80.],
       [80.],
       [80.],
       [80.],
       [80.],
       [80.],
       [80.],
       [80.],
       [80.],
       [80.],
       [80.],
       [80.],
       [80.],
       [80.],
       [80.],
       [80.],
       [80.],
       [80.],
       [80.],
       [80.],
       [80.],
       [80.],
       [80.],
       [80.],
       [80.],
       [80.],
       [80.],
       [80.],
       [80.],
       [80.],
       [80.],
       [80.],
       [80.],
       [80.],
       [80.],
       [80.],
       [80.],
       [80.],
       [80.],
       [80.],
       [80.],
       [80.],
       [80.],
       [80.],
       [80.],
       [80.],
       [80.],
       [80.],
       [80.],
       [80.],
       [80.],
       [80.],
       [80.],
       [80.],
       [80.],
       [80.],
       [80.],
       [80.],
       [80.],
       [80.],
       [80.],
       [80.],
       [80.],
       [80.],
       [80.],
       [80.],
       [80.],
       [80.],
       [80.],
       [80.],
       [80.],
       [80.],
       [80.],
       [80.],
       [80.],
       [80.],
       [80.],
       [80.],
       [80.],
       [80.],
       [80.],
       [80.],
       [80.],
       [80.],
       [80.],
       [80.],
       [80.],
       [80.],
       [80.],
       [80.],
       [80.],
       [80.],
       [80.],
       [80.],
       [80.],
       [80.],
       [80.],
       [80.],
       [80.],
       [80.],
       [80.],
       [80.],
       [80.],
       [80.],
       [80.],
       [80.],
       [80.],
       [80.],
       [80.],
       [80.],
       [80.],
       [80.],
       [80.],
       [80.],
       [80.],
       [80.],
       [80.],
       [80.],
       [80.],
       [80.],
       [80.],
       [80.],
       [80.],
       [80.],
       [80.],
       [80.],
       [80.],
       [80.],
       [80.],
       [80.],
       [80.],
       [80.],
       [80.],
       [80.],
       [80.],
       [80.],
       [80.],
       [80.],
       [80.],
       [80.],
       [80.],
       [80.],
       [80.],
       [80.],
       [80.],
       [80.],
       [80.],
       [80.],
       [80.],
       [80.],
       [80.],
       [80.],
       [80.],
       [80.],
       [80.],
       [80.],
       [80.],
       [80.],
       [80.],
       [80.],
       [80.],
       [80.],
       [80.],
       [80.],
       [80.],
       [80.],
       [80.],
       [80.],
       [80.],
       [80.],
       [80.],
       [80.],
       [80.],
       [80.],
       [80.],
       [80.],
       [80.],
       [80.],
       [80.],
       [80.],
       [80.],
       [80.],
       [80.],
       [80.],
       [80.],
       [80.],
       [80.],
       [80.],
       [80.],
       [80.],
       [80.],
       [80.],
       [80.],
       [80.],
       [80.],
       [80.],
       [80.],
       [80.],
       [80.],
       [80.],
       [80.],
       [80.],
       [80.],
       [80.],
       [80.],
       [80.],
       [80.],
       [80.],
       [80.],
       [80.],
       [80.],
       [80.],
       [80.],
       [80.],
       [80.],
       [80.],
       [80.],
       [80.],
       [80.],
       [80.],
       [80.],
       [80.],
       [80.],
       [80.],
       [80.],
       [80.],
       [80.],
       [80.],
       [80.],
       [80.],
       [80.],
       [80.],
       [80.],
       [80.],
       [80.],
       [80.],
       [80.],
       [80.],
       [80.],
       [80.],
       [80.],
       [80.],
       [80.],
       [80.],
       [80.],
       [80.],
       [80.],
       [80.],
       [80.],
       [80.],
       [80.],
       [80.],
       [80.],
       [80.],
       [80.],
       [80.],
       [80.],
       [80.],
       [80.],
       [80.],
       [80.],
       [80.],
       [80.],
       [80.],
       [80.],
       [80.],
       [80.],
       [80.],
       [80.],
       [80.],
       [80.],
       [80.],
       [80.],
       [80.],
       [80.],
       [80.],
       [80.],
       [80.]]), 'dt': 0.01, 'N': 400, 'l': 1e-05}","{'Q': 394.7368421052631, 'gbar': 8.421052631578947, 'T': 10000, 'supervisor': array([[-1.89214982e-17],
       [ 4.44288287e-04],
       [ 8.88576529e-04],
       ...,
       [-1.33286468e-03],
       [-8.88576529e-04],
       [-4.44288287e-04]]), 'BIAS': array([[80.],
       [80.],
       [80.],
       [80.],
       [80.],
       [80.],
       [80.],
       [80.],
       [80.],
       [80.],
       [80.],
       [80.],
       [80.],
       [80.],
       [80.],
       [80.],
       [80.],
       [80.],
       [80.],
       [80.],
       [80.],
       [80.],
       [80.],
       [80.],
       [80.],
       [80.],
       [80.],
       [80.],
       [80.],
       [80.],
       [80.],
       [80.],
       [80.],
       [80.],
       [80.],
       [80.],
       [80.],
       [80.],
       [80.],
       [80.],
       [80.],
       [80.],
       [80.],
       [80.],
       [80.],
       [80.],
       [80.],
       [80.],
       [80.],
       [80.],
       [80.],
       [80.],
       [80.],
       [80.],
       [80.],
       [80.],
       [80.],
       [80.],
       [80.],
       [80.],
       [80.],
       [80.],
       [80.],
       [80.],
       [80.],
       [80.],
       [80.],
       [80.],
       [80.],
       [80.],
       [80.],
       [80.],
       [80.],
       [80.],
       [80.],
       [80.],
       [80.],
       [80.],
       [80.],
       [80.],
       [80.],
       [80.],
       [80.],
       [80.],
       [80.],
       [80.],
       [80.],
       [80.],
       [80.],
       [80.],
       [80.],
       [80.],
       [80.],
       [80.],
       [80.],
       [80.],
       [80.],
       [80.],
       [80.],
       [80.],
       [80.],
       [80.],
       [80.],
       [80.],
       [80.],
       [80.],
       [80.],
       [80.],
       [80.],
       [80.],
       [80.],
       [80.],
       [80.],
       [80.],
       [80.],
       [80.],
       [80.],
       [80.],
       [80.],
       [80.],
       [80.],
       [80.],
       [80.],
       [80.],
       [80.],
       [80.],
       [80.],
       [80.],
       [80.],
       [80.],
       [80.],
       [80.],
       [80.],
       [80.],
       [80.],
       [80.],
       [80.],
       [80.],
       [80.],
       [80.],
       [80.],
       [80.],
       [80.],
       [80.],
       [80.],
       [80.],
       [80.],
       [80.],
       [80.],
       [80.],
       [80.],
       [80.],
       [80.],
       [80.],
       [80.],
       [80.],
       [80.],
       [80.],
       [80.],
       [80.],
       [80.],
       [80.],
       [80.],
       [80.],
       [80.],
       [80.],
       [80.],
       [80.],
       [80.],
       [80.],
       [80.],
       [80.],
       [80.],
       [80.],
       [80.],
       [80.],
       [80.],
       [80.],
       [80.],
       [80.],
       [80.],
       [80.],
       [80.],
       [80.],
       [80.],
       [80.],
       [80.],
       [80.],
       [80.],
       [80.],
       [80.],
       [80.],
       [80.],
       [80.],
       [80.],
       [80.],
       [80.],
       [80.],
       [80.],
       [80.],
       [80.],
       [80.],
       [80.],
       [80.],
       [80.],
       [80.],
       [80.],
       [80.],
       [80.],
       [80.],
       [80.],
       [80.],
       [80.],
       [80.],
       [80.],
       [80.],
       [80.],
       [80.],
       [80.],
       [80.],
       [80.],
       [80.],
       [80.],
       [80.],
       [80.],
       [80.],
       [80.],
       [80.],
       [80.],
       [80.],
       [80.],
       [80.],
       [80.],
       [80.],
       [80.],
       [80.],
       [80.],
       [80.],
       [80.],
       [80.],
       [80.],
       [80.],
       [80.],
       [80.],
       [80.],
       [80.],
       [80.],
       [80.],
       [80.],
       [80.],
       [80.],
       [80.],
       [80.],
       [80.],
       [80.],
       [80.],
       [80.],
       [80.],
       [80.],
       [80.],
       [80.],
       [80.],
       [80.],
       [80.],
       [80.],
       [80.],
       [80.],
       [80.],
       [80.],
       [80.],
       [80.],
       [80.],
       [80.],
       [80.],
       [80.],
       [80.],
       [80.],
       [80.],
       [80.],
       [80.],
       [80.],
       [80.],
       [80.],
       [80.],
       [80.],
       [80.],
       [80.],
       [80.],
       [80.],
       [80.],
       [80.],
       [80.],
       [80.],
       [80.],
       [80.],
       [80.],
       [80.],
       [80.],
       [80.],
       [80.],
       [80.],
       [80.],
       [80.],
       [80.],
       [80.],
       [80.],
       [80.],
       [80.],
       [80.],
       [80.],
       [80.],
       [80.],
       [80.],
       [80.],
       [80.],
       [80.],
       [80.],
       [80.],
       [80.],
       [80.],
       [80.],
       [80.],
       [80.],
       [80.],
       [80.],
       [80.],
       [80.],
       [80.],
       [80.],
       [80.],
       [80.],
       [80.],
       [80.],
       [80.],
       [80.],
       [80.],
       [80.],
       [80.],
       [80.],
       [80.],
       [80.],
       [80.],
       [80.],
       [80.],
       [80.],
       [80.],
       [80.],
       [80.],
       [80.],
       [80.],
       [80.],
       [80.],
       [80.],
       [80.],
       [80.],
       [80.],
       [80.],
       [80.],
       [80.],
       [80.],
       [80.],
       [80.],
       [80.],
       [80.],
       [80.],
       [80.],
       [80.],
       [80.],
       [80.],
       [80.],
       [80.],
       [80.],
       [80.],
       [80.],
       [80.],
       [80.],
       [80.],
       [80.],
       [80.],
       [80.],
       [80.],
       [80.],
       [80.],
       [80.],
       [80.],
       [80.],
       [80.],
       [80.],
       [80.],
       [80.],
       [80.],
       [80.],
       [80.],
       [80.],
       [80.],
       [80.],
       [80.],
       [80.],
       [80.],
       [80.]]), 'dt': 0.01, 'N': 400, 'l': 1e-05}","{'Q': 394.7368421052631, 'gbar': 9.473684210526315, 'T': 10000, 'supervisor': array([[-1.89214982e-17],
       [ 4.44288287e-04],
       [ 8.88576529e-04],
       ...,
       [-1.33286468e-03],
       [-8.88576529e-04],
       [-4.44288287e-04]]), 'BIAS': array([[80.],
       [80.],
       [80.],
       [80.],
       [80.],
       [80.],
       [80.],
       [80.],
       [80.],
       [80.],
       [80.],
       [80.],
       [80.],
       [80.],
       [80.],
       [80.],
       [80.],
       [80.],
       [80.],
       [80.],
       [80.],
       [80.],
       [80.],
       [80.],
       [80.],
       [80.],
       [80.],
       [80.],
       [80.],
       [80.],
       [80.],
       [80.],
       [80.],
       [80.],
       [80.],
       [80.],
       [80.],
       [80.],
       [80.],
       [80.],
       [80.],
       [80.],
       [80.],
       [80.],
       [80.],
       [80.],
       [80.],
       [80.],
       [80.],
       [80.],
       [80.],
       [80.],
       [80.],
       [80.],
       [80.],
       [80.],
       [80.],
       [80.],
       [80.],
       [80.],
       [80.],
       [80.],
       [80.],
       [80.],
       [80.],
       [80.],
       [80.],
       [80.],
       [80.],
       [80.],
       [80.],
       [80.],
       [80.],
       [80.],
       [80.],
       [80.],
       [80.],
       [80.],
       [80.],
       [80.],
       [80.],
       [80.],
       [80.],
       [80.],
       [80.],
       [80.],
       [80.],
       [80.],
       [80.],
       [80.],
       [80.],
       [80.],
       [80.],
       [80.],
       [80.],
       [80.],
       [80.],
       [80.],
       [80.],
       [80.],
       [80.],
       [80.],
       [80.],
       [80.],
       [80.],
       [80.],
       [80.],
       [80.],
       [80.],
       [80.],
       [80.],
       [80.],
       [80.],
       [80.],
       [80.],
       [80.],
       [80.],
       [80.],
       [80.],
       [80.],
       [80.],
       [80.],
       [80.],
       [80.],
       [80.],
       [80.],
       [80.],
       [80.],
       [80.],
       [80.],
       [80.],
       [80.],
       [80.],
       [80.],
       [80.],
       [80.],
       [80.],
       [80.],
       [80.],
       [80.],
       [80.],
       [80.],
       [80.],
       [80.],
       [80.],
       [80.],
       [80.],
       [80.],
       [80.],
       [80.],
       [80.],
       [80.],
       [80.],
       [80.],
       [80.],
       [80.],
       [80.],
       [80.],
       [80.],
       [80.],
       [80.],
       [80.],
       [80.],
       [80.],
       [80.],
       [80.],
       [80.],
       [80.],
       [80.],
       [80.],
       [80.],
       [80.],
       [80.],
       [80.],
       [80.],
       [80.],
       [80.],
       [80.],
       [80.],
       [80.],
       [80.],
       [80.],
       [80.],
       [80.],
       [80.],
       [80.],
       [80.],
       [80.],
       [80.],
       [80.],
       [80.],
       [80.],
       [80.],
       [80.],
       [80.],
       [80.],
       [80.],
       [80.],
       [80.],
       [80.],
       [80.],
       [80.],
       [80.],
       [80.],
       [80.],
       [80.],
       [80.],
       [80.],
       [80.],
       [80.],
       [80.],
       [80.],
       [80.],
       [80.],
       [80.],
       [80.],
       [80.],
       [80.],
       [80.],
       [80.],
       [80.],
       [80.],
       [80.],
       [80.],
       [80.],
       [80.],
       [80.],
       [80.],
       [80.],
       [80.],
       [80.],
       [80.],
       [80.],
       [80.],
       [80.],
       [80.],
       [80.],
       [80.],
       [80.],
       [80.],
       [80.],
       [80.],
       [80.],
       [80.],
       [80.],
       [80.],
       [80.],
       [80.],
       [80.],
       [80.],
       [80.],
       [80.],
       [80.],
       [80.],
       [80.],
       [80.],
       [80.],
       [80.],
       [80.],
       [80.],
       [80.],
       [80.],
       [80.],
       [80.],
       [80.],
       [80.],
       [80.],
       [80.],
       [80.],
       [80.],
       [80.],
       [80.],
       [80.],
       [80.],
       [80.],
       [80.],
       [80.],
       [80.],
       [80.],
       [80.],
       [80.],
       [80.],
       [80.],
       [80.],
       [80.],
       [80.],
       [80.],
       [80.],
       [80.],
       [80.],
       [80.],
       [80.],
       [80.],
       [80.],
       [80.],
       [80.],
       [80.],
       [80.],
       [80.],
       [80.],
       [80.],
       [80.],
       [80.],
       [80.],
       [80.],
       [80.],
       [80.],
       [80.],
       [80.],
       [80.],
       [80.],
       [80.],
       [80.],
       [80.],
       [80.],
       [80.],
       [80.],
       [80.],
       [80.],
       [80.],
       [80.],
       [80.],
       [80.],
       [80.],
       [80.],
       [80.],
       [80.],
       [80.],
       [80.],
       [80.],
       [80.],
       [80.],
       [80.],
       [80.],
       [80.],
       [80.],
       [80.],
       [80.],
       [80.],
       [80.],
       [80.],
       [80.],
       [80.],
       [80.],
       [80.],
       [80.],
       [80.],
       [80.],
       [80.],
       [80.],
       [80.],
       [80.],
       [80.],
       [80.],
       [80.],
       [80.],
       [80.],
       [80.],
       [80.],
       [80.],
       [80.],
       [80.],
       [80.],
       [80.],
       [80.],
       [80.],
       [80.],
       [80.],
       [80.],
       [80.],
       [80.],
       [80.],
       [80.],
       [80.],
       [80.],
       [80.],
       [80.],
       [80.],
       [80.],
       [80.],
       [80.],
       [80.],
       [80.],
       [80.],
       [80.],
       [80.],
       [80.],
       [80.],
       [80.],
       [80.],
       [80.],
       [80.],
       [80.],
       [80.],
       [80.],
       [80.],
       [80.],
       [80.],
       [80.],
       [80.]]), 'dt': 0.01, 'N': 400, 'l': 1e-05}","{'Q': 394.7368421052631, 'gbar': 10.526315789473683, 'T': 10000, 'supervisor': array([[-1.89214982e-17],
       [ 4.44288287e-04],
       [ 8.88576529e-04],
       ...,
       [-1.33286468e-03],
       [-8.88576529e-04],
       [-4.44288287e-04]]), 'BIAS': array([[80.],
       [80.],
       [80.],
       [80.],
       [80.],
       [80.],
       [80.],
       [80.],
       [80.],
       [80.],
       [80.],
       [80.],
       [80.],
       [80.],
       [80.],
       [80.],
       [80.],
       [80.],
       [80.],
       [80.],
       [80.],
       [80.],
       [80.],
       [80.],
       [80.],
       [80.],
       [80.],
       [80.],
       [80.],
       [80.],
       [80.],
       [80.],
       [80.],
       [80.],
       [80.],
       [80.],
       [80.],
       [80.],
       [80.],
       [80.],
       [80.],
       [80.],
       [80.],
       [80.],
       [80.],
       [80.],
       [80.],
       [80.],
       [80.],
       [80.],
       [80.],
       [80.],
       [80.],
       [80.],
       [80.],
       [80.],
       [80.],
       [80.],
       [80.],
       [80.],
       [80.],
       [80.],
       [80.],
       [80.],
       [80.],
       [80.],
       [80.],
       [80.],
       [80.],
       [80.],
       [80.],
       [80.],
       [80.],
       [80.],
       [80.],
       [80.],
       [80.],
       [80.],
       [80.],
       [80.],
       [80.],
       [80.],
       [80.],
       [80.],
       [80.],
       [80.],
       [80.],
       [80.],
       [80.],
       [80.],
       [80.],
       [80.],
       [80.],
       [80.],
       [80.],
       [80.],
       [80.],
       [80.],
       [80.],
       [80.],
       [80.],
       [80.],
       [80.],
       [80.],
       [80.],
       [80.],
       [80.],
       [80.],
       [80.],
       [80.],
       [80.],
       [80.],
       [80.],
       [80.],
       [80.],
       [80.],
       [80.],
       [80.],
       [80.],
       [80.],
       [80.],
       [80.],
       [80.],
       [80.],
       [80.],
       [80.],
       [80.],
       [80.],
       [80.],
       [80.],
       [80.],
       [80.],
       [80.],
       [80.],
       [80.],
       [80.],
       [80.],
       [80.],
       [80.],
       [80.],
       [80.],
       [80.],
       [80.],
       [80.],
       [80.],
       [80.],
       [80.],
       [80.],
       [80.],
       [80.],
       [80.],
       [80.],
       [80.],
       [80.],
       [80.],
       [80.],
       [80.],
       [80.],
       [80.],
       [80.],
       [80.],
       [80.],
       [80.],
       [80.],
       [80.],
       [80.],
       [80.],
       [80.],
       [80.],
       [80.],
       [80.],
       [80.],
       [80.],
       [80.],
       [80.],
       [80.],
       [80.],
       [80.],
       [80.],
       [80.],
       [80.],
       [80.],
       [80.],
       [80.],
       [80.],
       [80.],
       [80.],
       [80.],
       [80.],
       [80.],
       [80.],
       [80.],
       [80.],
       [80.],
       [80.],
       [80.],
       [80.],
       [80.],
       [80.],
       [80.],
       [80.],
       [80.],
       [80.],
       [80.],
       [80.],
       [80.],
       [80.],
       [80.],
       [80.],
       [80.],
       [80.],
       [80.],
       [80.],
       [80.],
       [80.],
       [80.],
       [80.],
       [80.],
       [80.],
       [80.],
       [80.],
       [80.],
       [80.],
       [80.],
       [80.],
       [80.],
       [80.],
       [80.],
       [80.],
       [80.],
       [80.],
       [80.],
       [80.],
       [80.],
       [80.],
       [80.],
       [80.],
       [80.],
       [80.],
       [80.],
       [80.],
       [80.],
       [80.],
       [80.],
       [80.],
       [80.],
       [80.],
       [80.],
       [80.],
       [80.],
       [80.],
       [80.],
       [80.],
       [80.],
       [80.],
       [80.],
       [80.],
       [80.],
       [80.],
       [80.],
       [80.],
       [80.],
       [80.],
       [80.],
       [80.],
       [80.],
       [80.],
       [80.],
       [80.],
       [80.],
       [80.],
       [80.],
       [80.],
       [80.],
       [80.],
       [80.],
       [80.],
       [80.],
       [80.],
       [80.],
       [80.],
       [80.],
       [80.],
       [80.],
       [80.],
       [80.],
       [80.],
       [80.],
       [80.],
       [80.],
       [80.],
       [80.],
       [80.],
       [80.],
       [80.],
       [80.],
       [80.],
       [80.],
       [80.],
       [80.],
       [80.],
       [80.],
       [80.],
       [80.],
       [80.],
       [80.],
       [80.],
       [80.],
       [80.],
       [80.],
       [80.],
       [80.],
       [80.],
       [80.],
       [80.],
       [80.],
       [80.],
       [80.],
       [80.],
       [80.],
       [80.],
       [80.],
       [80.],
       [80.],
       [80.],
       [80.],
       [80.],
       [80.],
       [80.],
       [80.],
       [80.],
       [80.],
       [80.],
       [80.],
       [80.],
       [80.],
       [80.],
       [80.],
       [80.],
       [80.],
       [80.],
       [80.],
       [80.],
       [80.],
       [80.],
       [80.],
       [80.],
       [80.],
       [80.],
       [80.],
       [80.],
       [80.],
       [80.],
       [80.],
       [80.],
       [80.],
       [80.],
       [80.],
       [80.],
       [80.],
       [80.],
       [80.],
       [80.],
       [80.],
       [80.],
       [80.],
       [80.],
       [80.],
       [80.],
       [80.],
       [80.],
       [80.],
       [80.],
       [80.],
       [80.],
       [80.],
       [80.],
       [80.],
       [80.],
       [80.],
       [80.],
       [80.],
       [80.],
       [80.],
       [80.],
       [80.],
       [80.],
       [80.],
       [80.],
       [80.],
       [80.],
       [80.],
       [80.],
       [80.],
       [80.],
       [80.],
       [80.],
       [80.],
       [80.],
       [80.]]), 'dt': 0.01, 'N': 400, 'l': 1e-05}","{'Q': 394.7368421052631, 'gbar': 11.578947368421051, 'T': 10000, 'supervisor': array([[-1.89214982e-17],
       [ 4.44288287e-04],
       [ 8.88576529e-04],
       ...,
       [-1.33286468e-03],
       [-8.88576529e-04],
       [-4.44288287e-04]]), 'BIAS': array([[80.],
       [80.],
       [80.],
       [80.],
       [80.],
       [80.],
       [80.],
       [80.],
       [80.],
       [80.],
       [80.],
       [80.],
       [80.],
       [80.],
       [80.],
       [80.],
       [80.],
       [80.],
       [80.],
       [80.],
       [80.],
       [80.],
       [80.],
       [80.],
       [80.],
       [80.],
       [80.],
       [80.],
       [80.],
       [80.],
       [80.],
       [80.],
       [80.],
       [80.],
       [80.],
       [80.],
       [80.],
       [80.],
       [80.],
       [80.],
       [80.],
       [80.],
       [80.],
       [80.],
       [80.],
       [80.],
       [80.],
       [80.],
       [80.],
       [80.],
       [80.],
       [80.],
       [80.],
       [80.],
       [80.],
       [80.],
       [80.],
       [80.],
       [80.],
       [80.],
       [80.],
       [80.],
       [80.],
       [80.],
       [80.],
       [80.],
       [80.],
       [80.],
       [80.],
       [80.],
       [80.],
       [80.],
       [80.],
       [80.],
       [80.],
       [80.],
       [80.],
       [80.],
       [80.],
       [80.],
       [80.],
       [80.],
       [80.],
       [80.],
       [80.],
       [80.],
       [80.],
       [80.],
       [80.],
       [80.],
       [80.],
       [80.],
       [80.],
       [80.],
       [80.],
       [80.],
       [80.],
       [80.],
       [80.],
       [80.],
       [80.],
       [80.],
       [80.],
       [80.],
       [80.],
       [80.],
       [80.],
       [80.],
       [80.],
       [80.],
       [80.],
       [80.],
       [80.],
       [80.],
       [80.],
       [80.],
       [80.],
       [80.],
       [80.],
       [80.],
       [80.],
       [80.],
       [80.],
       [80.],
       [80.],
       [80.],
       [80.],
       [80.],
       [80.],
       [80.],
       [80.],
       [80.],
       [80.],
       [80.],
       [80.],
       [80.],
       [80.],
       [80.],
       [80.],
       [80.],
       [80.],
       [80.],
       [80.],
       [80.],
       [80.],
       [80.],
       [80.],
       [80.],
       [80.],
       [80.],
       [80.],
       [80.],
       [80.],
       [80.],
       [80.],
       [80.],
       [80.],
       [80.],
       [80.],
       [80.],
       [80.],
       [80.],
       [80.],
       [80.],
       [80.],
       [80.],
       [80.],
       [80.],
       [80.],
       [80.],
       [80.],
       [80.],
       [80.],
       [80.],
       [80.],
       [80.],
       [80.],
       [80.],
       [80.],
       [80.],
       [80.],
       [80.],
       [80.],
       [80.],
       [80.],
       [80.],
       [80.],
       [80.],
       [80.],
       [80.],
       [80.],
       [80.],
       [80.],
       [80.],
       [80.],
       [80.],
       [80.],
       [80.],
       [80.],
       [80.],
       [80.],
       [80.],
       [80.],
       [80.],
       [80.],
       [80.],
       [80.],
       [80.],
       [80.],
       [80.],
       [80.],
       [80.],
       [80.],
       [80.],
       [80.],
       [80.],
       [80.],
       [80.],
       [80.],
       [80.],
       [80.],
       [80.],
       [80.],
       [80.],
       [80.],
       [80.],
       [80.],
       [80.],
       [80.],
       [80.],
       [80.],
       [80.],
       [80.],
       [80.],
       [80.],
       [80.],
       [80.],
       [80.],
       [80.],
       [80.],
       [80.],
       [80.],
       [80.],
       [80.],
       [80.],
       [80.],
       [80.],
       [80.],
       [80.],
       [80.],
       [80.],
       [80.],
       [80.],
       [80.],
       [80.],
       [80.],
       [80.],
       [80.],
       [80.],
       [80.],
       [80.],
       [80.],
       [80.],
       [80.],
       [80.],
       [80.],
       [80.],
       [80.],
       [80.],
       [80.],
       [80.],
       [80.],
       [80.],
       [80.],
       [80.],
       [80.],
       [80.],
       [80.],
       [80.],
       [80.],
       [80.],
       [80.],
       [80.],
       [80.],
       [80.],
       [80.],
       [80.],
       [80.],
       [80.],
       [80.],
       [80.],
       [80.],
       [80.],
       [80.],
       [80.],
       [80.],
       [80.],
       [80.],
       [80.],
       [80.],
       [80.],
       [80.],
       [80.],
       [80.],
       [80.],
       [80.],
       [80.],
       [80.],
       [80.],
       [80.],
       [80.],
       [80.],
       [80.],
       [80.],
       [80.],
       [80.],
       [80.],
       [80.],
       [80.],
       [80.],
       [80.],
       [80.],
       [80.],
       [80.],
       [80.],
       [80.],
       [80.],
       [80.],
       [80.],
       [80.],
       [80.],
       [80.],
       [80.],
       [80.],
       [80.],
       [80.],
       [80.],
       [80.],
       [80.],
       [80.],
       [80.],
       [80.],
       [80.],
       [80.],
       [80.],
       [80.],
       [80.],
       [80.],
       [80.],
       [80.],
       [80.],
       [80.],
       [80.],
       [80.],
       [80.],
       [80.],
       [80.],
       [80.],
       [80.],
       [80.],
       [80.],
       [80.],
       [80.],
       [80.],
       [80.],
       [80.],
       [80.],
       [80.],
       [80.],
       [80.],
       [80.],
       [80.],
       [80.],
       [80.],
       [80.],
       [80.],
       [80.],
       [80.],
       [80.],
       [80.],
       [80.],
       [80.],
       [80.],
       [80.],
       [80.],
       [80.],
       [80.],
       [80.],
       [80.],
       [80.],
       [80.],
       [80.],
       [80.],
       [80.],
       [80.],
       [80.],
       [80.],
       [80.],
       [80.],
       [80.]]), 'dt': 0.01, 'N': 400, 'l': 1e-05}","{'Q': 394.7368421052631, 'gbar': 12.631578947368421, 'T': 10000, 'supervisor': array([[-1.89214982e-17],
       [ 4.44288287e-04],
       [ 8.88576529e-04],
       ...,
       [-1.33286468e-03],
       [-8.88576529e-04],
       [-4.44288287e-04]]), 'BIAS': array([[80.],
       [80.],
       [80.],
       [80.],
       [80.],
       [80.],
       [80.],
       [80.],
       [80.],
       [80.],
       [80.],
       [80.],
       [80.],
       [80.],
       [80.],
       [80.],
       [80.],
       [80.],
       [80.],
       [80.],
       [80.],
       [80.],
       [80.],
       [80.],
       [80.],
       [80.],
       [80.],
       [80.],
       [80.],
       [80.],
       [80.],
       [80.],
       [80.],
       [80.],
       [80.],
       [80.],
       [80.],
       [80.],
       [80.],
       [80.],
       [80.],
       [80.],
       [80.],
       [80.],
       [80.],
       [80.],
       [80.],
       [80.],
       [80.],
       [80.],
       [80.],
       [80.],
       [80.],
       [80.],
       [80.],
       [80.],
       [80.],
       [80.],
       [80.],
       [80.],
       [80.],
       [80.],
       [80.],
       [80.],
       [80.],
       [80.],
       [80.],
       [80.],
       [80.],
       [80.],
       [80.],
       [80.],
       [80.],
       [80.],
       [80.],
       [80.],
       [80.],
       [80.],
       [80.],
       [80.],
       [80.],
       [80.],
       [80.],
       [80.],
       [80.],
       [80.],
       [80.],
       [80.],
       [80.],
       [80.],
       [80.],
       [80.],
       [80.],
       [80.],
       [80.],
       [80.],
       [80.],
       [80.],
       [80.],
       [80.],
       [80.],
       [80.],
       [80.],
       [80.],
       [80.],
       [80.],
       [80.],
       [80.],
       [80.],
       [80.],
       [80.],
       [80.],
       [80.],
       [80.],
       [80.],
       [80.],
       [80.],
       [80.],
       [80.],
       [80.],
       [80.],
       [80.],
       [80.],
       [80.],
       [80.],
       [80.],
       [80.],
       [80.],
       [80.],
       [80.],
       [80.],
       [80.],
       [80.],
       [80.],
       [80.],
       [80.],
       [80.],
       [80.],
       [80.],
       [80.],
       [80.],
       [80.],
       [80.],
       [80.],
       [80.],
       [80.],
       [80.],
       [80.],
       [80.],
       [80.],
       [80.],
       [80.],
       [80.],
       [80.],
       [80.],
       [80.],
       [80.],
       [80.],
       [80.],
       [80.],
       [80.],
       [80.],
       [80.],
       [80.],
       [80.],
       [80.],
       [80.],
       [80.],
       [80.],
       [80.],
       [80.],
       [80.],
       [80.],
       [80.],
       [80.],
       [80.],
       [80.],
       [80.],
       [80.],
       [80.],
       [80.],
       [80.],
       [80.],
       [80.],
       [80.],
       [80.],
       [80.],
       [80.],
       [80.],
       [80.],
       [80.],
       [80.],
       [80.],
       [80.],
       [80.],
       [80.],
       [80.],
       [80.],
       [80.],
       [80.],
       [80.],
       [80.],
       [80.],
       [80.],
       [80.],
       [80.],
       [80.],
       [80.],
       [80.],
       [80.],
       [80.],
       [80.],
       [80.],
       [80.],
       [80.],
       [80.],
       [80.],
       [80.],
       [80.],
       [80.],
       [80.],
       [80.],
       [80.],
       [80.],
       [80.],
       [80.],
       [80.],
       [80.],
       [80.],
       [80.],
       [80.],
       [80.],
       [80.],
       [80.],
       [80.],
       [80.],
       [80.],
       [80.],
       [80.],
       [80.],
       [80.],
       [80.],
       [80.],
       [80.],
       [80.],
       [80.],
       [80.],
       [80.],
       [80.],
       [80.],
       [80.],
       [80.],
       [80.],
       [80.],
       [80.],
       [80.],
       [80.],
       [80.],
       [80.],
       [80.],
       [80.],
       [80.],
       [80.],
       [80.],
       [80.],
       [80.],
       [80.],
       [80.],
       [80.],
       [80.],
       [80.],
       [80.],
       [80.],
       [80.],
       [80.],
       [80.],
       [80.],
       [80.],
       [80.],
       [80.],
       [80.],
       [80.],
       [80.],
       [80.],
       [80.],
       [80.],
       [80.],
       [80.],
       [80.],
       [80.],
       [80.],
       [80.],
       [80.],
       [80.],
       [80.],
       [80.],
       [80.],
       [80.],
       [80.],
       [80.],
       [80.],
       [80.],
       [80.],
       [80.],
       [80.],
       [80.],
       [80.],
       [80.],
       [80.],
       [80.],
       [80.],
       [80.],
       [80.],
       [80.],
       [80.],
       [80.],
       [80.],
       [80.],
       [80.],
       [80.],
       [80.],
       [80.],
       [80.],
       [80.],
       [80.],
       [80.],
       [80.],
       [80.],
       [80.],
       [80.],
       [80.],
       [80.],
       [80.],
       [80.],
       [80.],
       [80.],
       [80.],
       [80.],
       [80.],
       [80.],
       [80.],
       [80.],
       [80.],
       [80.],
       [80.],
       [80.],
       [80.],
       [80.],
       [80.],
       [80.],
       [80.],
       [80.],
       [80.],
       [80.],
       [80.],
       [80.],
       [80.],
       [80.],
       [80.],
       [80.],
       [80.],
       [80.],
       [80.],
       [80.],
       [80.],
       [80.],
       [80.],
       [80.],
       [80.],
       [80.],
       [80.],
       [80.],
       [80.],
       [80.],
       [80.],
       [80.],
       [80.],
       [80.],
       [80.],
       [80.],
       [80.],
       [80.],
       [80.],
       [80.],
       [80.],
       [80.],
       [80.],
       [80.],
       [80.],
       [80.],
       [80.],
       [80.],
       [80.],
       [80.],
       [80.],
       [80.],
       [80.],
       [80.],
       [80.],
       [80.]]), 'dt': 0.01, 'N': 400, 'l': 1e-05}","{'Q': 394.7368421052631, 'gbar': 13.68421052631579, 'T': 10000, 'supervisor': array([[-1.89214982e-17],
       [ 4.44288287e-04],
       [ 8.88576529e-04],
       ...,
       [-1.33286468e-03],
       [-8.88576529e-04],
       [-4.44288287e-04]]), 'BIAS': array([[80.],
       [80.],
       [80.],
       [80.],
       [80.],
       [80.],
       [80.],
       [80.],
       [80.],
       [80.],
       [80.],
       [80.],
       [80.],
       [80.],
       [80.],
       [80.],
       [80.],
       [80.],
       [80.],
       [80.],
       [80.],
       [80.],
       [80.],
       [80.],
       [80.],
       [80.],
       [80.],
       [80.],
       [80.],
       [80.],
       [80.],
       [80.],
       [80.],
       [80.],
       [80.],
       [80.],
       [80.],
       [80.],
       [80.],
       [80.],
       [80.],
       [80.],
       [80.],
       [80.],
       [80.],
       [80.],
       [80.],
       [80.],
       [80.],
       [80.],
       [80.],
       [80.],
       [80.],
       [80.],
       [80.],
       [80.],
       [80.],
       [80.],
       [80.],
       [80.],
       [80.],
       [80.],
       [80.],
       [80.],
       [80.],
       [80.],
       [80.],
       [80.],
       [80.],
       [80.],
       [80.],
       [80.],
       [80.],
       [80.],
       [80.],
       [80.],
       [80.],
       [80.],
       [80.],
       [80.],
       [80.],
       [80.],
       [80.],
       [80.],
       [80.],
       [80.],
       [80.],
       [80.],
       [80.],
       [80.],
       [80.],
       [80.],
       [80.],
       [80.],
       [80.],
       [80.],
       [80.],
       [80.],
       [80.],
       [80.],
       [80.],
       [80.],
       [80.],
       [80.],
       [80.],
       [80.],
       [80.],
       [80.],
       [80.],
       [80.],
       [80.],
       [80.],
       [80.],
       [80.],
       [80.],
       [80.],
       [80.],
       [80.],
       [80.],
       [80.],
       [80.],
       [80.],
       [80.],
       [80.],
       [80.],
       [80.],
       [80.],
       [80.],
       [80.],
       [80.],
       [80.],
       [80.],
       [80.],
       [80.],
       [80.],
       [80.],
       [80.],
       [80.],
       [80.],
       [80.],
       [80.],
       [80.],
       [80.],
       [80.],
       [80.],
       [80.],
       [80.],
       [80.],
       [80.],
       [80.],
       [80.],
       [80.],
       [80.],
       [80.],
       [80.],
       [80.],
       [80.],
       [80.],
       [80.],
       [80.],
       [80.],
       [80.],
       [80.],
       [80.],
       [80.],
       [80.],
       [80.],
       [80.],
       [80.],
       [80.],
       [80.],
       [80.],
       [80.],
       [80.],
       [80.],
       [80.],
       [80.],
       [80.],
       [80.],
       [80.],
       [80.],
       [80.],
       [80.],
       [80.],
       [80.],
       [80.],
       [80.],
       [80.],
       [80.],
       [80.],
       [80.],
       [80.],
       [80.],
       [80.],
       [80.],
       [80.],
       [80.],
       [80.],
       [80.],
       [80.],
       [80.],
       [80.],
       [80.],
       [80.],
       [80.],
       [80.],
       [80.],
       [80.],
       [80.],
       [80.],
       [80.],
       [80.],
       [80.],
       [80.],
       [80.],
       [80.],
       [80.],
       [80.],
       [80.],
       [80.],
       [80.],
       [80.],
       [80.],
       [80.],
       [80.],
       [80.],
       [80.],
       [80.],
       [80.],
       [80.],
       [80.],
       [80.],
       [80.],
       [80.],
       [80.],
       [80.],
       [80.],
       [80.],
       [80.],
       [80.],
       [80.],
       [80.],
       [80.],
       [80.],
       [80.],
       [80.],
       [80.],
       [80.],
       [80.],
       [80.],
       [80.],
       [80.],
       [80.],
       [80.],
       [80.],
       [80.],
       [80.],
       [80.],
       [80.],
       [80.],
       [80.],
       [80.],
       [80.],
       [80.],
       [80.],
       [80.],
       [80.],
       [80.],
       [80.],
       [80.],
       [80.],
       [80.],
       [80.],
       [80.],
       [80.],
       [80.],
       [80.],
       [80.],
       [80.],
       [80.],
       [80.],
       [80.],
       [80.],
       [80.],
       [80.],
       [80.],
       [80.],
       [80.],
       [80.],
       [80.],
       [80.],
       [80.],
       [80.],
       [80.],
       [80.],
       [80.],
       [80.],
       [80.],
       [80.],
       [80.],
       [80.],
       [80.],
       [80.],
       [80.],
       [80.],
       [80.],
       [80.],
       [80.],
       [80.],
       [80.],
       [80.],
       [80.],
       [80.],
       [80.],
       [80.],
       [80.],
       [80.],
       [80.],
       [80.],
       [80.],
       [80.],
       [80.],
       [80.],
       [80.],
       [80.],
       [80.],
       [80.],
       [80.],
       [80.],
       [80.],
       [80.],
       [80.],
       [80.],
       [80.],
       [80.],
       [80.],
       [80.],
       [80.],
       [80.],
       [80.],
       [80.],
       [80.],
       [80.],
       [80.],
       [80.],
       [80.],
       [80.],
       [80.],
       [80.],
       [80.],
       [80.],
       [80.],
       [80.],
       [80.],
       [80.],
       [80.],
       [80.],
       [80.],
       [80.],
       [80.],
       [80.],
       [80.],
       [80.],
       [80.],
       [80.],
       [80.],
       [80.],
       [80.],
       [80.],
       [80.],
       [80.],
       [80.],
       [80.],
       [80.],
       [80.],
       [80.],
       [80.],
       [80.],
       [80.],
       [80.],
       [80.],
       [80.],
       [80.],
       [80.],
       [80.],
       [80.],
       [80.],
       [80.],
       [80.],
       [80.],
       [80.],
       [80.],
       [80.],
       [80.],
       [80.],
       [80.],
       [80.],
       [80.],
       [80.],
       [80.]]), 'dt': 0.01, 'N': 400, 'l': 1e-05}","{'Q': 394.7368421052631, 'gbar': 14.736842105263158, 'T': 10000, 'supervisor': array([[-1.89214982e-17],
       [ 4.44288287e-04],
       [ 8.88576529e-04],
       ...,
       [-1.33286468e-03],
       [-8.88576529e-04],
       [-4.44288287e-04]]), 'BIAS': array([[80.],
       [80.],
       [80.],
       [80.],
       [80.],
       [80.],
       [80.],
       [80.],
       [80.],
       [80.],
       [80.],
       [80.],
       [80.],
       [80.],
       [80.],
       [80.],
       [80.],
       [80.],
       [80.],
       [80.],
       [80.],
       [80.],
       [80.],
       [80.],
       [80.],
       [80.],
       [80.],
       [80.],
       [80.],
       [80.],
       [80.],
       [80.],
       [80.],
       [80.],
       [80.],
       [80.],
       [80.],
       [80.],
       [80.],
       [80.],
       [80.],
       [80.],
       [80.],
       [80.],
       [80.],
       [80.],
       [80.],
       [80.],
       [80.],
       [80.],
       [80.],
       [80.],
       [80.],
       [80.],
       [80.],
       [80.],
       [80.],
       [80.],
       [80.],
       [80.],
       [80.],
       [80.],
       [80.],
       [80.],
       [80.],
       [80.],
       [80.],
       [80.],
       [80.],
       [80.],
       [80.],
       [80.],
       [80.],
       [80.],
       [80.],
       [80.],
       [80.],
       [80.],
       [80.],
       [80.],
       [80.],
       [80.],
       [80.],
       [80.],
       [80.],
       [80.],
       [80.],
       [80.],
       [80.],
       [80.],
       [80.],
       [80.],
       [80.],
       [80.],
       [80.],
       [80.],
       [80.],
       [80.],
       [80.],
       [80.],
       [80.],
       [80.],
       [80.],
       [80.],
       [80.],
       [80.],
       [80.],
       [80.],
       [80.],
       [80.],
       [80.],
       [80.],
       [80.],
       [80.],
       [80.],
       [80.],
       [80.],
       [80.],
       [80.],
       [80.],
       [80.],
       [80.],
       [80.],
       [80.],
       [80.],
       [80.],
       [80.],
       [80.],
       [80.],
       [80.],
       [80.],
       [80.],
       [80.],
       [80.],
       [80.],
       [80.],
       [80.],
       [80.],
       [80.],
       [80.],
       [80.],
       [80.],
       [80.],
       [80.],
       [80.],
       [80.],
       [80.],
       [80.],
       [80.],
       [80.],
       [80.],
       [80.],
       [80.],
       [80.],
       [80.],
       [80.],
       [80.],
       [80.],
       [80.],
       [80.],
       [80.],
       [80.],
       [80.],
       [80.],
       [80.],
       [80.],
       [80.],
       [80.],
       [80.],
       [80.],
       [80.],
       [80.],
       [80.],
       [80.],
       [80.],
       [80.],
       [80.],
       [80.],
       [80.],
       [80.],
       [80.],
       [80.],
       [80.],
       [80.],
       [80.],
       [80.],
       [80.],
       [80.],
       [80.],
       [80.],
       [80.],
       [80.],
       [80.],
       [80.],
       [80.],
       [80.],
       [80.],
       [80.],
       [80.],
       [80.],
       [80.],
       [80.],
       [80.],
       [80.],
       [80.],
       [80.],
       [80.],
       [80.],
       [80.],
       [80.],
       [80.],
       [80.],
       [80.],
       [80.],
       [80.],
       [80.],
       [80.],
       [80.],
       [80.],
       [80.],
       [80.],
       [80.],
       [80.],
       [80.],
       [80.],
       [80.],
       [80.],
       [80.],
       [80.],
       [80.],
       [80.],
       [80.],
       [80.],
       [80.],
       [80.],
       [80.],
       [80.],
       [80.],
       [80.],
       [80.],
       [80.],
       [80.],
       [80.],
       [80.],
       [80.],
       [80.],
       [80.],
       [80.],
       [80.],
       [80.],
       [80.],
       [80.],
       [80.],
       [80.],
       [80.],
       [80.],
       [80.],
       [80.],
       [80.],
       [80.],
       [80.],
       [80.],
       [80.],
       [80.],
       [80.],
       [80.],
       [80.],
       [80.],
       [80.],
       [80.],
       [80.],
       [80.],
       [80.],
       [80.],
       [80.],
       [80.],
       [80.],
       [80.],
       [80.],
       [80.],
       [80.],
       [80.],
       [80.],
       [80.],
       [80.],
       [80.],
       [80.],
       [80.],
       [80.],
       [80.],
       [80.],
       [80.],
       [80.],
       [80.],
       [80.],
       [80.],
       [80.],
       [80.],
       [80.],
       [80.],
       [80.],
       [80.],
       [80.],
       [80.],
       [80.],
       [80.],
       [80.],
       [80.],
       [80.],
       [80.],
       [80.],
       [80.],
       [80.],
       [80.],
       [80.],
       [80.],
       [80.],
       [80.],
       [80.],
       [80.],
       [80.],
       [80.],
       [80.],
       [80.],
       [80.],
       [80.],
       [80.],
       [80.],
       [80.],
       [80.],
       [80.],
       [80.],
       [80.],
       [80.],
       [80.],
       [80.],
       [80.],
       [80.],
       [80.],
       [80.],
       [80.],
       [80.],
       [80.],
       [80.],
       [80.],
       [80.],
       [80.],
       [80.],
       [80.],
       [80.],
       [80.],
       [80.],
       [80.],
       [80.],
       [80.],
       [80.],
       [80.],
       [80.],
       [80.],
       [80.],
       [80.],
       [80.],
       [80.],
       [80.],
       [80.],
       [80.],
       [80.],
       [80.],
       [80.],
       [80.],
       [80.],
       [80.],
       [80.],
       [80.],
       [80.],
       [80.],
       [80.],
       [80.],
       [80.],
       [80.],
       [80.],
       [80.],
       [80.],
       [80.],
       [80.],
       [80.],
       [80.],
       [80.],
       [80.],
       [80.],
       [80.],
       [80.],
       [80.],
       [80.],
       [80.],
       [80.],
       [80.],
       [80.],
       [80.],
       [80.]]), 'dt': 0.01, 'N': 400, 'l': 1e-05}","{'Q': 394.7368421052631, 'gbar': 15.789473684210526, 'T': 10000, 'supervisor': array([[-1.89214982e-17],
       [ 4.44288287e-04],
       [ 8.88576529e-04],
       ...,
       [-1.33286468e-03],
       [-8.88576529e-04],
       [-4.44288287e-04]]), 'BIAS': array([[80.],
       [80.],
       [80.],
       [80.],
       [80.],
       [80.],
       [80.],
       [80.],
       [80.],
       [80.],
       [80.],
       [80.],
       [80.],
       [80.],
       [80.],
       [80.],
       [80.],
       [80.],
       [80.],
       [80.],
       [80.],
       [80.],
       [80.],
       [80.],
       [80.],
       [80.],
       [80.],
       [80.],
       [80.],
       [80.],
       [80.],
       [80.],
       [80.],
       [80.],
       [80.],
       [80.],
       [80.],
       [80.],
       [80.],
       [80.],
       [80.],
       [80.],
       [80.],
       [80.],
       [80.],
       [80.],
       [80.],
       [80.],
       [80.],
       [80.],
       [80.],
       [80.],
       [80.],
       [80.],
       [80.],
       [80.],
       [80.],
       [80.],
       [80.],
       [80.],
       [80.],
       [80.],
       [80.],
       [80.],
       [80.],
       [80.],
       [80.],
       [80.],
       [80.],
       [80.],
       [80.],
       [80.],
       [80.],
       [80.],
       [80.],
       [80.],
       [80.],
       [80.],
       [80.],
       [80.],
       [80.],
       [80.],
       [80.],
       [80.],
       [80.],
       [80.],
       [80.],
       [80.],
       [80.],
       [80.],
       [80.],
       [80.],
       [80.],
       [80.],
       [80.],
       [80.],
       [80.],
       [80.],
       [80.],
       [80.],
       [80.],
       [80.],
       [80.],
       [80.],
       [80.],
       [80.],
       [80.],
       [80.],
       [80.],
       [80.],
       [80.],
       [80.],
       [80.],
       [80.],
       [80.],
       [80.],
       [80.],
       [80.],
       [80.],
       [80.],
       [80.],
       [80.],
       [80.],
       [80.],
       [80.],
       [80.],
       [80.],
       [80.],
       [80.],
       [80.],
       [80.],
       [80.],
       [80.],
       [80.],
       [80.],
       [80.],
       [80.],
       [80.],
       [80.],
       [80.],
       [80.],
       [80.],
       [80.],
       [80.],
       [80.],
       [80.],
       [80.],
       [80.],
       [80.],
       [80.],
       [80.],
       [80.],
       [80.],
       [80.],
       [80.],
       [80.],
       [80.],
       [80.],
       [80.],
       [80.],
       [80.],
       [80.],
       [80.],
       [80.],
       [80.],
       [80.],
       [80.],
       [80.],
       [80.],
       [80.],
       [80.],
       [80.],
       [80.],
       [80.],
       [80.],
       [80.],
       [80.],
       [80.],
       [80.],
       [80.],
       [80.],
       [80.],
       [80.],
       [80.],
       [80.],
       [80.],
       [80.],
       [80.],
       [80.],
       [80.],
       [80.],
       [80.],
       [80.],
       [80.],
       [80.],
       [80.],
       [80.],
       [80.],
       [80.],
       [80.],
       [80.],
       [80.],
       [80.],
       [80.],
       [80.],
       [80.],
       [80.],
       [80.],
       [80.],
       [80.],
       [80.],
       [80.],
       [80.],
       [80.],
       [80.],
       [80.],
       [80.],
       [80.],
       [80.],
       [80.],
       [80.],
       [80.],
       [80.],
       [80.],
       [80.],
       [80.],
       [80.],
       [80.],
       [80.],
       [80.],
       [80.],
       [80.],
       [80.],
       [80.],
       [80.],
       [80.],
       [80.],
       [80.],
       [80.],
       [80.],
       [80.],
       [80.],
       [80.],
       [80.],
       [80.],
       [80.],
       [80.],
       [80.],
       [80.],
       [80.],
       [80.],
       [80.],
       [80.],
       [80.],
       [80.],
       [80.],
       [80.],
       [80.],
       [80.],
       [80.],
       [80.],
       [80.],
       [80.],
       [80.],
       [80.],
       [80.],
       [80.],
       [80.],
       [80.],
       [80.],
       [80.],
       [80.],
       [80.],
       [80.],
       [80.],
       [80.],
       [80.],
       [80.],
       [80.],
       [80.],
       [80.],
       [80.],
       [80.],
       [80.],
       [80.],
       [80.],
       [80.],
       [80.],
       [80.],
       [80.],
       [80.],
       [80.],
       [80.],
       [80.],
       [80.],
       [80.],
       [80.],
       [80.],
       [80.],
       [80.],
       [80.],
       [80.],
       [80.],
       [80.],
       [80.],
       [80.],
       [80.],
       [80.],
       [80.],
       [80.],
       [80.],
       [80.],
       [80.],
       [80.],
       [80.],
       [80.],
       [80.],
       [80.],
       [80.],
       [80.],
       [80.],
       [80.],
       [80.],
       [80.],
       [80.],
       [80.],
       [80.],
       [80.],
       [80.],
       [80.],
       [80.],
       [80.],
       [80.],
       [80.],
       [80.],
       [80.],
       [80.],
       [80.],
       [80.],
       [80.],
       [80.],
       [80.],
       [80.],
       [80.],
       [80.],
       [80.],
       [80.],
       [80.],
       [80.],
       [80.],
       [80.],
       [80.],
       [80.],
       [80.],
       [80.],
       [80.],
       [80.],
       [80.],
       [80.],
       [80.],
       [80.],
       [80.],
       [80.],
       [80.],
       [80.],
       [80.],
       [80.],
       [80.],
       [80.],
       [80.],
       [80.],
       [80.],
       [80.],
       [80.],
       [80.],
       [80.],
       [80.],
       [80.],
       [80.],
       [80.],
       [80.],
       [80.],
       [80.],
       [80.],
       [80.],
       [80.],
       [80.],
       [80.],
       [80.],
       [80.],
       [80.],
       [80.],
       [80.],
       [80.],
       [80.],
       [80.],
       [80.],
       [80.],
       [80.],
       [80.]]), 'dt': 0.01, 'N': 400, 'l': 1e-05}","{'Q': 394.7368421052631, 'gbar': 16.842105263157894, 'T': 10000, 'supervisor': array([[-1.89214982e-17],
       [ 4.44288287e-04],
       [ 8.88576529e-04],
       ...,
       [-1.33286468e-03],
       [-8.88576529e-04],
       [-4.44288287e-04]]), 'BIAS': array([[80.],
       [80.],
       [80.],
       [80.],
       [80.],
       [80.],
       [80.],
       [80.],
       [80.],
       [80.],
       [80.],
       [80.],
       [80.],
       [80.],
       [80.],
       [80.],
       [80.],
       [80.],
       [80.],
       [80.],
       [80.],
       [80.],
       [80.],
       [80.],
       [80.],
       [80.],
       [80.],
       [80.],
       [80.],
       [80.],
       [80.],
       [80.],
       [80.],
       [80.],
       [80.],
       [80.],
       [80.],
       [80.],
       [80.],
       [80.],
       [80.],
       [80.],
       [80.],
       [80.],
       [80.],
       [80.],
       [80.],
       [80.],
       [80.],
       [80.],
       [80.],
       [80.],
       [80.],
       [80.],
       [80.],
       [80.],
       [80.],
       [80.],
       [80.],
       [80.],
       [80.],
       [80.],
       [80.],
       [80.],
       [80.],
       [80.],
       [80.],
       [80.],
       [80.],
       [80.],
       [80.],
       [80.],
       [80.],
       [80.],
       [80.],
       [80.],
       [80.],
       [80.],
       [80.],
       [80.],
       [80.],
       [80.],
       [80.],
       [80.],
       [80.],
       [80.],
       [80.],
       [80.],
       [80.],
       [80.],
       [80.],
       [80.],
       [80.],
       [80.],
       [80.],
       [80.],
       [80.],
       [80.],
       [80.],
       [80.],
       [80.],
       [80.],
       [80.],
       [80.],
       [80.],
       [80.],
       [80.],
       [80.],
       [80.],
       [80.],
       [80.],
       [80.],
       [80.],
       [80.],
       [80.],
       [80.],
       [80.],
       [80.],
       [80.],
       [80.],
       [80.],
       [80.],
       [80.],
       [80.],
       [80.],
       [80.],
       [80.],
       [80.],
       [80.],
       [80.],
       [80.],
       [80.],
       [80.],
       [80.],
       [80.],
       [80.],
       [80.],
       [80.],
       [80.],
       [80.],
       [80.],
       [80.],
       [80.],
       [80.],
       [80.],
       [80.],
       [80.],
       [80.],
       [80.],
       [80.],
       [80.],
       [80.],
       [80.],
       [80.],
       [80.],
       [80.],
       [80.],
       [80.],
       [80.],
       [80.],
       [80.],
       [80.],
       [80.],
       [80.],
       [80.],
       [80.],
       [80.],
       [80.],
       [80.],
       [80.],
       [80.],
       [80.],
       [80.],
       [80.],
       [80.],
       [80.],
       [80.],
       [80.],
       [80.],
       [80.],
       [80.],
       [80.],
       [80.],
       [80.],
       [80.],
       [80.],
       [80.],
       [80.],
       [80.],
       [80.],
       [80.],
       [80.],
       [80.],
       [80.],
       [80.],
       [80.],
       [80.],
       [80.],
       [80.],
       [80.],
       [80.],
       [80.],
       [80.],
       [80.],
       [80.],
       [80.],
       [80.],
       [80.],
       [80.],
       [80.],
       [80.],
       [80.],
       [80.],
       [80.],
       [80.],
       [80.],
       [80.],
       [80.],
       [80.],
       [80.],
       [80.],
       [80.],
       [80.],
       [80.],
       [80.],
       [80.],
       [80.],
       [80.],
       [80.],
       [80.],
       [80.],
       [80.],
       [80.],
       [80.],
       [80.],
       [80.],
       [80.],
       [80.],
       [80.],
       [80.],
       [80.],
       [80.],
       [80.],
       [80.],
       [80.],
       [80.],
       [80.],
       [80.],
       [80.],
       [80.],
       [80.],
       [80.],
       [80.],
       [80.],
       [80.],
       [80.],
       [80.],
       [80.],
       [80.],
       [80.],
       [80.],
       [80.],
       [80.],
       [80.],
       [80.],
       [80.],
       [80.],
       [80.],
       [80.],
       [80.],
       [80.],
       [80.],
       [80.],
       [80.],
       [80.],
       [80.],
       [80.],
       [80.],
       [80.],
       [80.],
       [80.],
       [80.],
       [80.],
       [80.],
       [80.],
       [80.],
       [80.],
       [80.],
       [80.],
       [80.],
       [80.],
       [80.],
       [80.],
       [80.],
       [80.],
       [80.],
       [80.],
       [80.],
       [80.],
       [80.],
       [80.],
       [80.],
       [80.],
       [80.],
       [80.],
       [80.],
       [80.],
       [80.],
       [80.],
       [80.],
       [80.],
       [80.],
       [80.],
       [80.],
       [80.],
       [80.],
       [80.],
       [80.],
       [80.],
       [80.],
       [80.],
       [80.],
       [80.],
       [80.],
       [80.],
       [80.],
       [80.],
       [80.],
       [80.],
       [80.],
       [80.],
       [80.],
       [80.],
       [80.],
       [80.],
       [80.],
       [80.],
       [80.],
       [80.],
       [80.],
       [80.],
       [80.],
       [80.],
       [80.],
       [80.],
       [80.],
       [80.],
       [80.],
       [80.],
       [80.],
       [80.],
       [80.],
       [80.],
       [80.],
       [80.],
       [80.],
       [80.],
       [80.],
       [80.],
       [80.],
       [80.],
       [80.],
       [80.],
       [80.],
       [80.],
       [80.],
       [80.],
       [80.],
       [80.],
       [80.],
       [80.],
       [80.],
       [80.],
       [80.],
       [80.],
       [80.],
       [80.],
       [80.],
       [80.],
       [80.],
       [80.],
       [80.],
       [80.],
       [80.],
       [80.],
       [80.],
       [80.],
       [80.],
       [80.],
       [80.],
       [80.],
       [80.],
       [80.],
       [80.],
       [80.],
       [80.],
       [80.],
       [80.],
       [80.],
       [80.]]), 'dt': 0.01, 'N': 400, 'l': 1e-05}","{'Q': 394.7368421052631, 'gbar': 17.894736842105264, 'T': 10000, 'supervisor': array([[-1.89214982e-17],
       [ 4.44288287e-04],
       [ 8.88576529e-04],
       ...,
       [-1.33286468e-03],
       [-8.88576529e-04],
       [-4.44288287e-04]]), 'BIAS': array([[80.],
       [80.],
       [80.],
       [80.],
       [80.],
       [80.],
       [80.],
       [80.],
       [80.],
       [80.],
       [80.],
       [80.],
       [80.],
       [80.],
       [80.],
       [80.],
       [80.],
       [80.],
       [80.],
       [80.],
       [80.],
       [80.],
       [80.],
       [80.],
       [80.],
       [80.],
       [80.],
       [80.],
       [80.],
       [80.],
       [80.],
       [80.],
       [80.],
       [80.],
       [80.],
       [80.],
       [80.],
       [80.],
       [80.],
       [80.],
       [80.],
       [80.],
       [80.],
       [80.],
       [80.],
       [80.],
       [80.],
       [80.],
       [80.],
       [80.],
       [80.],
       [80.],
       [80.],
       [80.],
       [80.],
       [80.],
       [80.],
       [80.],
       [80.],
       [80.],
       [80.],
       [80.],
       [80.],
       [80.],
       [80.],
       [80.],
       [80.],
       [80.],
       [80.],
       [80.],
       [80.],
       [80.],
       [80.],
       [80.],
       [80.],
       [80.],
       [80.],
       [80.],
       [80.],
       [80.],
       [80.],
       [80.],
       [80.],
       [80.],
       [80.],
       [80.],
       [80.],
       [80.],
       [80.],
       [80.],
       [80.],
       [80.],
       [80.],
       [80.],
       [80.],
       [80.],
       [80.],
       [80.],
       [80.],
       [80.],
       [80.],
       [80.],
       [80.],
       [80.],
       [80.],
       [80.],
       [80.],
       [80.],
       [80.],
       [80.],
       [80.],
       [80.],
       [80.],
       [80.],
       [80.],
       [80.],
       [80.],
       [80.],
       [80.],
       [80.],
       [80.],
       [80.],
       [80.],
       [80.],
       [80.],
       [80.],
       [80.],
       [80.],
       [80.],
       [80.],
       [80.],
       [80.],
       [80.],
       [80.],
       [80.],
       [80.],
       [80.],
       [80.],
       [80.],
       [80.],
       [80.],
       [80.],
       [80.],
       [80.],
       [80.],
       [80.],
       [80.],
       [80.],
       [80.],
       [80.],
       [80.],
       [80.],
       [80.],
       [80.],
       [80.],
       [80.],
       [80.],
       [80.],
       [80.],
       [80.],
       [80.],
       [80.],
       [80.],
       [80.],
       [80.],
       [80.],
       [80.],
       [80.],
       [80.],
       [80.],
       [80.],
       [80.],
       [80.],
       [80.],
       [80.],
       [80.],
       [80.],
       [80.],
       [80.],
       [80.],
       [80.],
       [80.],
       [80.],
       [80.],
       [80.],
       [80.],
       [80.],
       [80.],
       [80.],
       [80.],
       [80.],
       [80.],
       [80.],
       [80.],
       [80.],
       [80.],
       [80.],
       [80.],
       [80.],
       [80.],
       [80.],
       [80.],
       [80.],
       [80.],
       [80.],
       [80.],
       [80.],
       [80.],
       [80.],
       [80.],
       [80.],
       [80.],
       [80.],
       [80.],
       [80.],
       [80.],
       [80.],
       [80.],
       [80.],
       [80.],
       [80.],
       [80.],
       [80.],
       [80.],
       [80.],
       [80.],
       [80.],
       [80.],
       [80.],
       [80.],
       [80.],
       [80.],
       [80.],
       [80.],
       [80.],
       [80.],
       [80.],
       [80.],
       [80.],
       [80.],
       [80.],
       [80.],
       [80.],
       [80.],
       [80.],
       [80.],
       [80.],
       [80.],
       [80.],
       [80.],
       [80.],
       [80.],
       [80.],
       [80.],
       [80.],
       [80.],
       [80.],
       [80.],
       [80.],
       [80.],
       [80.],
       [80.],
       [80.],
       [80.],
       [80.],
       [80.],
       [80.],
       [80.],
       [80.],
       [80.],
       [80.],
       [80.],
       [80.],
       [80.],
       [80.],
       [80.],
       [80.],
       [80.],
       [80.],
       [80.],
       [80.],
       [80.],
       [80.],
       [80.],
       [80.],
       [80.],
       [80.],
       [80.],
       [80.],
       [80.],
       [80.],
       [80.],
       [80.],
       [80.],
       [80.],
       [80.],
       [80.],
       [80.],
       [80.],
       [80.],
       [80.],
       [80.],
       [80.],
       [80.],
       [80.],
       [80.],
       [80.],
       [80.],
       [80.],
       [80.],
       [80.],
       [80.],
       [80.],
       [80.],
       [80.],
       [80.],
       [80.],
       [80.],
       [80.],
       [80.],
       [80.],
       [80.],
       [80.],
       [80.],
       [80.],
       [80.],
       [80.],
       [80.],
       [80.],
       [80.],
       [80.],
       [80.],
       [80.],
       [80.],
       [80.],
       [80.],
       [80.],
       [80.],
       [80.],
       [80.],
       [80.],
       [80.],
       [80.],
       [80.],
       [80.],
       [80.],
       [80.],
       [80.],
       [80.],
       [80.],
       [80.],
       [80.],
       [80.],
       [80.],
       [80.],
       [80.],
       [80.],
       [80.],
       [80.],
       [80.],
       [80.],
       [80.],
       [80.],
       [80.],
       [80.],
       [80.],
       [80.],
       [80.],
       [80.],
       [80.],
       [80.],
       [80.],
       [80.],
       [80.],
       [80.],
       [80.],
       [80.],
       [80.],
       [80.],
       [80.],
       [80.],
       [80.],
       [80.],
       [80.],
       [80.],
       [80.],
       [80.],
       [80.],
       [80.],
       [80.],
       [80.],
       [80.],
       [80.],
       [80.],
       [80.],
       [80.],
       [80.],
       [80.],
       [80.],
       [80.]]), 'dt': 0.01, 'N': 400, 'l': 1e-05}","{'Q': 394.7368421052631, 'gbar': 18.94736842105263, 'T': 10000, 'supervisor': array([[-1.89214982e-17],
       [ 4.44288287e-04],
       [ 8.88576529e-04],
       ...,
       [-1.33286468e-03],
       [-8.88576529e-04],
       [-4.44288287e-04]]), 'BIAS': array([[80.],
       [80.],
       [80.],
       [80.],
       [80.],
       [80.],
       [80.],
       [80.],
       [80.],
       [80.],
       [80.],
       [80.],
       [80.],
       [80.],
       [80.],
       [80.],
       [80.],
       [80.],
       [80.],
       [80.],
       [80.],
       [80.],
       [80.],
       [80.],
       [80.],
       [80.],
       [80.],
       [80.],
       [80.],
       [80.],
       [80.],
       [80.],
       [80.],
       [80.],
       [80.],
       [80.],
       [80.],
       [80.],
       [80.],
       [80.],
       [80.],
       [80.],
       [80.],
       [80.],
       [80.],
       [80.],
       [80.],
       [80.],
       [80.],
       [80.],
       [80.],
       [80.],
       [80.],
       [80.],
       [80.],
       [80.],
       [80.],
       [80.],
       [80.],
       [80.],
       [80.],
       [80.],
       [80.],
       [80.],
       [80.],
       [80.],
       [80.],
       [80.],
       [80.],
       [80.],
       [80.],
       [80.],
       [80.],
       [80.],
       [80.],
       [80.],
       [80.],
       [80.],
       [80.],
       [80.],
       [80.],
       [80.],
       [80.],
       [80.],
       [80.],
       [80.],
       [80.],
       [80.],
       [80.],
       [80.],
       [80.],
       [80.],
       [80.],
       [80.],
       [80.],
       [80.],
       [80.],
       [80.],
       [80.],
       [80.],
       [80.],
       [80.],
       [80.],
       [80.],
       [80.],
       [80.],
       [80.],
       [80.],
       [80.],
       [80.],
       [80.],
       [80.],
       [80.],
       [80.],
       [80.],
       [80.],
       [80.],
       [80.],
       [80.],
       [80.],
       [80.],
       [80.],
       [80.],
       [80.],
       [80.],
       [80.],
       [80.],
       [80.],
       [80.],
       [80.],
       [80.],
       [80.],
       [80.],
       [80.],
       [80.],
       [80.],
       [80.],
       [80.],
       [80.],
       [80.],
       [80.],
       [80.],
       [80.],
       [80.],
       [80.],
       [80.],
       [80.],
       [80.],
       [80.],
       [80.],
       [80.],
       [80.],
       [80.],
       [80.],
       [80.],
       [80.],
       [80.],
       [80.],
       [80.],
       [80.],
       [80.],
       [80.],
       [80.],
       [80.],
       [80.],
       [80.],
       [80.],
       [80.],
       [80.],
       [80.],
       [80.],
       [80.],
       [80.],
       [80.],
       [80.],
       [80.],
       [80.],
       [80.],
       [80.],
       [80.],
       [80.],
       [80.],
       [80.],
       [80.],
       [80.],
       [80.],
       [80.],
       [80.],
       [80.],
       [80.],
       [80.],
       [80.],
       [80.],
       [80.],
       [80.],
       [80.],
       [80.],
       [80.],
       [80.],
       [80.],
       [80.],
       [80.],
       [80.],
       [80.],
       [80.],
       [80.],
       [80.],
       [80.],
       [80.],
       [80.],
       [80.],
       [80.],
       [80.],
       [80.],
       [80.],
       [80.],
       [80.],
       [80.],
       [80.],
       [80.],
       [80.],
       [80.],
       [80.],
       [80.],
       [80.],
       [80.],
       [80.],
       [80.],
       [80.],
       [80.],
       [80.],
       [80.],
       [80.],
       [80.],
       [80.],
       [80.],
       [80.],
       [80.],
       [80.],
       [80.],
       [80.],
       [80.],
       [80.],
       [80.],
       [80.],
       [80.],
       [80.],
       [80.],
       [80.],
       [80.],
       [80.],
       [80.],
       [80.],
       [80.],
       [80.],
       [80.],
       [80.],
       [80.],
       [80.],
       [80.],
       [80.],
       [80.],
       [80.],
       [80.],
       [80.],
       [80.],
       [80.],
       [80.],
       [80.],
       [80.],
       [80.],
       [80.],
       [80.],
       [80.],
       [80.],
       [80.],
       [80.],
       [80.],
       [80.],
       [80.],
       [80.],
       [80.],
       [80.],
       [80.],
       [80.],
       [80.],
       [80.],
       [80.],
       [80.],
       [80.],
       [80.],
       [80.],
       [80.],
       [80.],
       [80.],
       [80.],
       [80.],
       [80.],
       [80.],
       [80.],
       [80.],
       [80.],
       [80.],
       [80.],
       [80.],
       [80.],
       [80.],
       [80.],
       [80.],
       [80.],
       [80.],
       [80.],
       [80.],
       [80.],
       [80.],
       [80.],
       [80.],
       [80.],
       [80.],
       [80.],
       [80.],
       [80.],
       [80.],
       [80.],
       [80.],
       [80.],
       [80.],
       [80.],
       [80.],
       [80.],
       [80.],
       [80.],
       [80.],
       [80.],
       [80.],
       [80.],
       [80.],
       [80.],
       [80.],
       [80.],
       [80.],
       [80.],
       [80.],
       [80.],
       [80.],
       [80.],
       [80.],
       [80.],
       [80.],
       [80.],
       [80.],
       [80.],
       [80.],
       [80.],
       [80.],
       [80.],
       [80.],
       [80.],
       [80.],
       [80.],
       [80.],
       [80.],
       [80.],
       [80.],
       [80.],
       [80.],
       [80.],
       [80.],
       [80.],
       [80.],
       [80.],
       [80.],
       [80.],
       [80.],
       [80.],
       [80.],
       [80.],
       [80.],
       [80.],
       [80.],
       [80.],
       [80.],
       [80.],
       [80.],
       [80.],
       [80.],
       [80.],
       [80.],
       [80.],
       [80.],
       [80.],
       [80.],
       [80.],
       [80.],
       [80.],
       [80.],
       [80.],
       [80.],
       [80.],
       [80.]]), 'dt': 0.01, 'N': 400, 'l': 1e-05}","{'Q': 394.7368421052631, 'gbar': 20.0, 'T': 10000, 'supervisor': array([[-1.89214982e-17],
       [ 4.44288287e-04],
       [ 8.88576529e-04],
       ...,
       [-1.33286468e-03],
       [-8.88576529e-04],
       [-4.44288287e-04]]), 'BIAS': array([[80.],
       [80.],
       [80.],
       [80.],
       [80.],
       [80.],
       [80.],
       [80.],
       [80.],
       [80.],
       [80.],
       [80.],
       [80.],
       [80.],
       [80.],
       [80.],
       [80.],
       [80.],
       [80.],
       [80.],
       [80.],
       [80.],
       [80.],
       [80.],
       [80.],
       [80.],
       [80.],
       [80.],
       [80.],
       [80.],
       [80.],
       [80.],
       [80.],
       [80.],
       [80.],
       [80.],
       [80.],
       [80.],
       [80.],
       [80.],
       [80.],
       [80.],
       [80.],
       [80.],
       [80.],
       [80.],
       [80.],
       [80.],
       [80.],
       [80.],
       [80.],
       [80.],
       [80.],
       [80.],
       [80.],
       [80.],
       [80.],
       [80.],
       [80.],
       [80.],
       [80.],
       [80.],
       [80.],
       [80.],
       [80.],
       [80.],
       [80.],
       [80.],
       [80.],
       [80.],
       [80.],
       [80.],
       [80.],
       [80.],
       [80.],
       [80.],
       [80.],
       [80.],
       [80.],
       [80.],
       [80.],
       [80.],
       [80.],
       [80.],
       [80.],
       [80.],
       [80.],
       [80.],
       [80.],
       [80.],
       [80.],
       [80.],
       [80.],
       [80.],
       [80.],
       [80.],
       [80.],
       [80.],
       [80.],
       [80.],
       [80.],
       [80.],
       [80.],
       [80.],
       [80.],
       [80.],
       [80.],
       [80.],
       [80.],
       [80.],
       [80.],
       [80.],
       [80.],
       [80.],
       [80.],
       [80.],
       [80.],
       [80.],
       [80.],
       [80.],
       [80.],
       [80.],
       [80.],
       [80.],
       [80.],
       [80.],
       [80.],
       [80.],
       [80.],
       [80.],
       [80.],
       [80.],
       [80.],
       [80.],
       [80.],
       [80.],
       [80.],
       [80.],
       [80.],
       [80.],
       [80.],
       [80.],
       [80.],
       [80.],
       [80.],
       [80.],
       [80.],
       [80.],
       [80.],
       [80.],
       [80.],
       [80.],
       [80.],
       [80.],
       [80.],
       [80.],
       [80.],
       [80.],
       [80.],
       [80.],
       [80.],
       [80.],
       [80.],
       [80.],
       [80.],
       [80.],
       [80.],
       [80.],
       [80.],
       [80.],
       [80.],
       [80.],
       [80.],
       [80.],
       [80.],
       [80.],
       [80.],
       [80.],
       [80.],
       [80.],
       [80.],
       [80.],
       [80.],
       [80.],
       [80.],
       [80.],
       [80.],
       [80.],
       [80.],
       [80.],
       [80.],
       [80.],
       [80.],
       [80.],
       [80.],
       [80.],
       [80.],
       [80.],
       [80.],
       [80.],
       [80.],
       [80.],
       [80.],
       [80.],
       [80.],
       [80.],
       [80.],
       [80.],
       [80.],
       [80.],
       [80.],
       [80.],
       [80.],
       [80.],
       [80.],
       [80.],
       [80.],
       [80.],
       [80.],
       [80.],
       [80.],
       [80.],
       [80.],
       [80.],
       [80.],
       [80.],
       [80.],
       [80.],
       [80.],
       [80.],
       [80.],
       [80.],
       [80.],
       [80.],
       [80.],
       [80.],
       [80.],
       [80.],
       [80.],
       [80.],
       [80.],
       [80.],
       [80.],
       [80.],
       [80.],
       [80.],
       [80.],
       [80.],
       [80.],
       [80.],
       [80.],
       [80.],
       [80.],
       [80.],
       [80.],
       [80.],
       [80.],
       [80.],
       [80.],
       [80.],
       [80.],
       [80.],
       [80.],
       [80.],
       [80.],
       [80.],
       [80.],
       [80.],
       [80.],
       [80.],
       [80.],
       [80.],
       [80.],
       [80.],
       [80.],
       [80.],
       [80.],
       [80.],
       [80.],
       [80.],
       [80.],
       [80.],
       [80.],
       [80.],
       [80.],
       [80.],
       [80.],
       [80.],
       [80.],
       [80.],
       [80.],
       [80.],
       [80.],
       [80.],
       [80.],
       [80.],
       [80.],
       [80.],
       [80.],
       [80.],
       [80.],
       [80.],
       [80.],
       [80.],
       [80.],
       [80.],
       [80.],
       [80.],
       [80.],
       [80.],
       [80.],
       [80.],
       [80.],
       [80.],
       [80.],
       [80.],
       [80.],
       [80.],
       [80.],
       [80.],
       [80.],
       [80.],
       [80.],
       [80.],
       [80.],
       [80.],
       [80.],
       [80.],
       [80.],
       [80.],
       [80.],
       [80.],
       [80.],
       [80.],
       [80.],
       [80.],
       [80.],
       [80.],
       [80.],
       [80.],
       [80.],
       [80.],
       [80.],
       [80.],
       [80.],
       [80.],
       [80.],
       [80.],
       [80.],
       [80.],
       [80.],
       [80.],
       [80.],
       [80.],
       [80.],
       [80.],
       [80.],
       [80.],
       [80.],
       [80.],
       [80.],
       [80.],
       [80.],
       [80.],
       [80.],
       [80.],
       [80.],
       [80.],
       [80.],
       [80.],
       [80.],
       [80.],
       [80.],
       [80.],
       [80.],
       [80.],
       [80.],
       [80.],
       [80.],
       [80.],
       [80.],
       [80.],
       [80.],
       [80.],
       [80.],
       [80.],
       [80.],
       [80.],
       [80.],
       [80.],
       [80.],
       [80.],
       [80.],
       [80.],
       [80.],
       [80.],
       [80.],
       [80.],
       [80.],
       [80.]]), 'dt': 0.01, 'N': 400, 'l': 1e-05}"
"{'Q': 421.05263157894734, 'gbar': 0.0, 'T': 10000, 'supervisor': array([[-1.89214982e-17],
       [ 4.44288287e-04],
       [ 8.88576529e-04],
       ...,
       [-1.33286468e-03],
       [-8.88576529e-04],
       [-4.44288287e-04]]), 'BIAS': array([[80.],
       [80.],
       [80.],
       [80.],
       [80.],
       [80.],
       [80.],
       [80.],
       [80.],
       [80.],
       [80.],
       [80.],
       [80.],
       [80.],
       [80.],
       [80.],
       [80.],
       [80.],
       [80.],
       [80.],
       [80.],
       [80.],
       [80.],
       [80.],
       [80.],
       [80.],
       [80.],
       [80.],
       [80.],
       [80.],
       [80.],
       [80.],
       [80.],
       [80.],
       [80.],
       [80.],
       [80.],
       [80.],
       [80.],
       [80.],
       [80.],
       [80.],
       [80.],
       [80.],
       [80.],
       [80.],
       [80.],
       [80.],
       [80.],
       [80.],
       [80.],
       [80.],
       [80.],
       [80.],
       [80.],
       [80.],
       [80.],
       [80.],
       [80.],
       [80.],
       [80.],
       [80.],
       [80.],
       [80.],
       [80.],
       [80.],
       [80.],
       [80.],
       [80.],
       [80.],
       [80.],
       [80.],
       [80.],
       [80.],
       [80.],
       [80.],
       [80.],
       [80.],
       [80.],
       [80.],
       [80.],
       [80.],
       [80.],
       [80.],
       [80.],
       [80.],
       [80.],
       [80.],
       [80.],
       [80.],
       [80.],
       [80.],
       [80.],
       [80.],
       [80.],
       [80.],
       [80.],
       [80.],
       [80.],
       [80.],
       [80.],
       [80.],
       [80.],
       [80.],
       [80.],
       [80.],
       [80.],
       [80.],
       [80.],
       [80.],
       [80.],
       [80.],
       [80.],
       [80.],
       [80.],
       [80.],
       [80.],
       [80.],
       [80.],
       [80.],
       [80.],
       [80.],
       [80.],
       [80.],
       [80.],
       [80.],
       [80.],
       [80.],
       [80.],
       [80.],
       [80.],
       [80.],
       [80.],
       [80.],
       [80.],
       [80.],
       [80.],
       [80.],
       [80.],
       [80.],
       [80.],
       [80.],
       [80.],
       [80.],
       [80.],
       [80.],
       [80.],
       [80.],
       [80.],
       [80.],
       [80.],
       [80.],
       [80.],
       [80.],
       [80.],
       [80.],
       [80.],
       [80.],
       [80.],
       [80.],
       [80.],
       [80.],
       [80.],
       [80.],
       [80.],
       [80.],
       [80.],
       [80.],
       [80.],
       [80.],
       [80.],
       [80.],
       [80.],
       [80.],
       [80.],
       [80.],
       [80.],
       [80.],
       [80.],
       [80.],
       [80.],
       [80.],
       [80.],
       [80.],
       [80.],
       [80.],
       [80.],
       [80.],
       [80.],
       [80.],
       [80.],
       [80.],
       [80.],
       [80.],
       [80.],
       [80.],
       [80.],
       [80.],
       [80.],
       [80.],
       [80.],
       [80.],
       [80.],
       [80.],
       [80.],
       [80.],
       [80.],
       [80.],
       [80.],
       [80.],
       [80.],
       [80.],
       [80.],
       [80.],
       [80.],
       [80.],
       [80.],
       [80.],
       [80.],
       [80.],
       [80.],
       [80.],
       [80.],
       [80.],
       [80.],
       [80.],
       [80.],
       [80.],
       [80.],
       [80.],
       [80.],
       [80.],
       [80.],
       [80.],
       [80.],
       [80.],
       [80.],
       [80.],
       [80.],
       [80.],
       [80.],
       [80.],
       [80.],
       [80.],
       [80.],
       [80.],
       [80.],
       [80.],
       [80.],
       [80.],
       [80.],
       [80.],
       [80.],
       [80.],
       [80.],
       [80.],
       [80.],
       [80.],
       [80.],
       [80.],
       [80.],
       [80.],
       [80.],
       [80.],
       [80.],
       [80.],
       [80.],
       [80.],
       [80.],
       [80.],
       [80.],
       [80.],
       [80.],
       [80.],
       [80.],
       [80.],
       [80.],
       [80.],
       [80.],
       [80.],
       [80.],
       [80.],
       [80.],
       [80.],
       [80.],
       [80.],
       [80.],
       [80.],
       [80.],
       [80.],
       [80.],
       [80.],
       [80.],
       [80.],
       [80.],
       [80.],
       [80.],
       [80.],
       [80.],
       [80.],
       [80.],
       [80.],
       [80.],
       [80.],
       [80.],
       [80.],
       [80.],
       [80.],
       [80.],
       [80.],
       [80.],
       [80.],
       [80.],
       [80.],
       [80.],
       [80.],
       [80.],
       [80.],
       [80.],
       [80.],
       [80.],
       [80.],
       [80.],
       [80.],
       [80.],
       [80.],
       [80.],
       [80.],
       [80.],
       [80.],
       [80.],
       [80.],
       [80.],
       [80.],
       [80.],
       [80.],
       [80.],
       [80.],
       [80.],
       [80.],
       [80.],
       [80.],
       [80.],
       [80.],
       [80.],
       [80.],
       [80.],
       [80.],
       [80.],
       [80.],
       [80.],
       [80.],
       [80.],
       [80.],
       [80.],
       [80.],
       [80.],
       [80.],
       [80.],
       [80.],
       [80.],
       [80.],
       [80.],
       [80.],
       [80.],
       [80.],
       [80.],
       [80.],
       [80.],
       [80.],
       [80.],
       [80.],
       [80.],
       [80.],
       [80.],
       [80.],
       [80.],
       [80.],
       [80.],
       [80.],
       [80.],
       [80.],
       [80.],
       [80.],
       [80.],
       [80.],
       [80.],
       [80.],
       [80.],
       [80.],
       [80.],
       [80.],
       [80.],
       [80.],
       [80.],
       [80.],
       [80.],
       [80.],
       [80.],
       [80.]]), 'dt': 0.01, 'N': 400, 'l': 1e-05}","{'Q': 421.05263157894734, 'gbar': 1.0526315789473684, 'T': 10000, 'supervisor': array([[-1.89214982e-17],
       [ 4.44288287e-04],
       [ 8.88576529e-04],
       ...,
       [-1.33286468e-03],
       [-8.88576529e-04],
       [-4.44288287e-04]]), 'BIAS': array([[80.],
       [80.],
       [80.],
       [80.],
       [80.],
       [80.],
       [80.],
       [80.],
       [80.],
       [80.],
       [80.],
       [80.],
       [80.],
       [80.],
       [80.],
       [80.],
       [80.],
       [80.],
       [80.],
       [80.],
       [80.],
       [80.],
       [80.],
       [80.],
       [80.],
       [80.],
       [80.],
       [80.],
       [80.],
       [80.],
       [80.],
       [80.],
       [80.],
       [80.],
       [80.],
       [80.],
       [80.],
       [80.],
       [80.],
       [80.],
       [80.],
       [80.],
       [80.],
       [80.],
       [80.],
       [80.],
       [80.],
       [80.],
       [80.],
       [80.],
       [80.],
       [80.],
       [80.],
       [80.],
       [80.],
       [80.],
       [80.],
       [80.],
       [80.],
       [80.],
       [80.],
       [80.],
       [80.],
       [80.],
       [80.],
       [80.],
       [80.],
       [80.],
       [80.],
       [80.],
       [80.],
       [80.],
       [80.],
       [80.],
       [80.],
       [80.],
       [80.],
       [80.],
       [80.],
       [80.],
       [80.],
       [80.],
       [80.],
       [80.],
       [80.],
       [80.],
       [80.],
       [80.],
       [80.],
       [80.],
       [80.],
       [80.],
       [80.],
       [80.],
       [80.],
       [80.],
       [80.],
       [80.],
       [80.],
       [80.],
       [80.],
       [80.],
       [80.],
       [80.],
       [80.],
       [80.],
       [80.],
       [80.],
       [80.],
       [80.],
       [80.],
       [80.],
       [80.],
       [80.],
       [80.],
       [80.],
       [80.],
       [80.],
       [80.],
       [80.],
       [80.],
       [80.],
       [80.],
       [80.],
       [80.],
       [80.],
       [80.],
       [80.],
       [80.],
       [80.],
       [80.],
       [80.],
       [80.],
       [80.],
       [80.],
       [80.],
       [80.],
       [80.],
       [80.],
       [80.],
       [80.],
       [80.],
       [80.],
       [80.],
       [80.],
       [80.],
       [80.],
       [80.],
       [80.],
       [80.],
       [80.],
       [80.],
       [80.],
       [80.],
       [80.],
       [80.],
       [80.],
       [80.],
       [80.],
       [80.],
       [80.],
       [80.],
       [80.],
       [80.],
       [80.],
       [80.],
       [80.],
       [80.],
       [80.],
       [80.],
       [80.],
       [80.],
       [80.],
       [80.],
       [80.],
       [80.],
       [80.],
       [80.],
       [80.],
       [80.],
       [80.],
       [80.],
       [80.],
       [80.],
       [80.],
       [80.],
       [80.],
       [80.],
       [80.],
       [80.],
       [80.],
       [80.],
       [80.],
       [80.],
       [80.],
       [80.],
       [80.],
       [80.],
       [80.],
       [80.],
       [80.],
       [80.],
       [80.],
       [80.],
       [80.],
       [80.],
       [80.],
       [80.],
       [80.],
       [80.],
       [80.],
       [80.],
       [80.],
       [80.],
       [80.],
       [80.],
       [80.],
       [80.],
       [80.],
       [80.],
       [80.],
       [80.],
       [80.],
       [80.],
       [80.],
       [80.],
       [80.],
       [80.],
       [80.],
       [80.],
       [80.],
       [80.],
       [80.],
       [80.],
       [80.],
       [80.],
       [80.],
       [80.],
       [80.],
       [80.],
       [80.],
       [80.],
       [80.],
       [80.],
       [80.],
       [80.],
       [80.],
       [80.],
       [80.],
       [80.],
       [80.],
       [80.],
       [80.],
       [80.],
       [80.],
       [80.],
       [80.],
       [80.],
       [80.],
       [80.],
       [80.],
       [80.],
       [80.],
       [80.],
       [80.],
       [80.],
       [80.],
       [80.],
       [80.],
       [80.],
       [80.],
       [80.],
       [80.],
       [80.],
       [80.],
       [80.],
       [80.],
       [80.],
       [80.],
       [80.],
       [80.],
       [80.],
       [80.],
       [80.],
       [80.],
       [80.],
       [80.],
       [80.],
       [80.],
       [80.],
       [80.],
       [80.],
       [80.],
       [80.],
       [80.],
       [80.],
       [80.],
       [80.],
       [80.],
       [80.],
       [80.],
       [80.],
       [80.],
       [80.],
       [80.],
       [80.],
       [80.],
       [80.],
       [80.],
       [80.],
       [80.],
       [80.],
       [80.],
       [80.],
       [80.],
       [80.],
       [80.],
       [80.],
       [80.],
       [80.],
       [80.],
       [80.],
       [80.],
       [80.],
       [80.],
       [80.],
       [80.],
       [80.],
       [80.],
       [80.],
       [80.],
       [80.],
       [80.],
       [80.],
       [80.],
       [80.],
       [80.],
       [80.],
       [80.],
       [80.],
       [80.],
       [80.],
       [80.],
       [80.],
       [80.],
       [80.],
       [80.],
       [80.],
       [80.],
       [80.],
       [80.],
       [80.],
       [80.],
       [80.],
       [80.],
       [80.],
       [80.],
       [80.],
       [80.],
       [80.],
       [80.],
       [80.],
       [80.],
       [80.],
       [80.],
       [80.],
       [80.],
       [80.],
       [80.],
       [80.],
       [80.],
       [80.],
       [80.],
       [80.],
       [80.],
       [80.],
       [80.],
       [80.],
       [80.],
       [80.],
       [80.],
       [80.],
       [80.],
       [80.],
       [80.],
       [80.],
       [80.],
       [80.],
       [80.],
       [80.],
       [80.],
       [80.],
       [80.],
       [80.],
       [80.],
       [80.],
       [80.],
       [80.],
       [80.],
       [80.]]), 'dt': 0.01, 'N': 400, 'l': 1e-05}","{'Q': 421.05263157894734, 'gbar': 2.1052631578947367, 'T': 10000, 'supervisor': array([[-1.89214982e-17],
       [ 4.44288287e-04],
       [ 8.88576529e-04],
       ...,
       [-1.33286468e-03],
       [-8.88576529e-04],
       [-4.44288287e-04]]), 'BIAS': array([[80.],
       [80.],
       [80.],
       [80.],
       [80.],
       [80.],
       [80.],
       [80.],
       [80.],
       [80.],
       [80.],
       [80.],
       [80.],
       [80.],
       [80.],
       [80.],
       [80.],
       [80.],
       [80.],
       [80.],
       [80.],
       [80.],
       [80.],
       [80.],
       [80.],
       [80.],
       [80.],
       [80.],
       [80.],
       [80.],
       [80.],
       [80.],
       [80.],
       [80.],
       [80.],
       [80.],
       [80.],
       [80.],
       [80.],
       [80.],
       [80.],
       [80.],
       [80.],
       [80.],
       [80.],
       [80.],
       [80.],
       [80.],
       [80.],
       [80.],
       [80.],
       [80.],
       [80.],
       [80.],
       [80.],
       [80.],
       [80.],
       [80.],
       [80.],
       [80.],
       [80.],
       [80.],
       [80.],
       [80.],
       [80.],
       [80.],
       [80.],
       [80.],
       [80.],
       [80.],
       [80.],
       [80.],
       [80.],
       [80.],
       [80.],
       [80.],
       [80.],
       [80.],
       [80.],
       [80.],
       [80.],
       [80.],
       [80.],
       [80.],
       [80.],
       [80.],
       [80.],
       [80.],
       [80.],
       [80.],
       [80.],
       [80.],
       [80.],
       [80.],
       [80.],
       [80.],
       [80.],
       [80.],
       [80.],
       [80.],
       [80.],
       [80.],
       [80.],
       [80.],
       [80.],
       [80.],
       [80.],
       [80.],
       [80.],
       [80.],
       [80.],
       [80.],
       [80.],
       [80.],
       [80.],
       [80.],
       [80.],
       [80.],
       [80.],
       [80.],
       [80.],
       [80.],
       [80.],
       [80.],
       [80.],
       [80.],
       [80.],
       [80.],
       [80.],
       [80.],
       [80.],
       [80.],
       [80.],
       [80.],
       [80.],
       [80.],
       [80.],
       [80.],
       [80.],
       [80.],
       [80.],
       [80.],
       [80.],
       [80.],
       [80.],
       [80.],
       [80.],
       [80.],
       [80.],
       [80.],
       [80.],
       [80.],
       [80.],
       [80.],
       [80.],
       [80.],
       [80.],
       [80.],
       [80.],
       [80.],
       [80.],
       [80.],
       [80.],
       [80.],
       [80.],
       [80.],
       [80.],
       [80.],
       [80.],
       [80.],
       [80.],
       [80.],
       [80.],
       [80.],
       [80.],
       [80.],
       [80.],
       [80.],
       [80.],
       [80.],
       [80.],
       [80.],
       [80.],
       [80.],
       [80.],
       [80.],
       [80.],
       [80.],
       [80.],
       [80.],
       [80.],
       [80.],
       [80.],
       [80.],
       [80.],
       [80.],
       [80.],
       [80.],
       [80.],
       [80.],
       [80.],
       [80.],
       [80.],
       [80.],
       [80.],
       [80.],
       [80.],
       [80.],
       [80.],
       [80.],
       [80.],
       [80.],
       [80.],
       [80.],
       [80.],
       [80.],
       [80.],
       [80.],
       [80.],
       [80.],
       [80.],
       [80.],
       [80.],
       [80.],
       [80.],
       [80.],
       [80.],
       [80.],
       [80.],
       [80.],
       [80.],
       [80.],
       [80.],
       [80.],
       [80.],
       [80.],
       [80.],
       [80.],
       [80.],
       [80.],
       [80.],
       [80.],
       [80.],
       [80.],
       [80.],
       [80.],
       [80.],
       [80.],
       [80.],
       [80.],
       [80.],
       [80.],
       [80.],
       [80.],
       [80.],
       [80.],
       [80.],
       [80.],
       [80.],
       [80.],
       [80.],
       [80.],
       [80.],
       [80.],
       [80.],
       [80.],
       [80.],
       [80.],
       [80.],
       [80.],
       [80.],
       [80.],
       [80.],
       [80.],
       [80.],
       [80.],
       [80.],
       [80.],
       [80.],
       [80.],
       [80.],
       [80.],
       [80.],
       [80.],
       [80.],
       [80.],
       [80.],
       [80.],
       [80.],
       [80.],
       [80.],
       [80.],
       [80.],
       [80.],
       [80.],
       [80.],
       [80.],
       [80.],
       [80.],
       [80.],
       [80.],
       [80.],
       [80.],
       [80.],
       [80.],
       [80.],
       [80.],
       [80.],
       [80.],
       [80.],
       [80.],
       [80.],
       [80.],
       [80.],
       [80.],
       [80.],
       [80.],
       [80.],
       [80.],
       [80.],
       [80.],
       [80.],
       [80.],
       [80.],
       [80.],
       [80.],
       [80.],
       [80.],
       [80.],
       [80.],
       [80.],
       [80.],
       [80.],
       [80.],
       [80.],
       [80.],
       [80.],
       [80.],
       [80.],
       [80.],
       [80.],
       [80.],
       [80.],
       [80.],
       [80.],
       [80.],
       [80.],
       [80.],
       [80.],
       [80.],
       [80.],
       [80.],
       [80.],
       [80.],
       [80.],
       [80.],
       [80.],
       [80.],
       [80.],
       [80.],
       [80.],
       [80.],
       [80.],
       [80.],
       [80.],
       [80.],
       [80.],
       [80.],
       [80.],
       [80.],
       [80.],
       [80.],
       [80.],
       [80.],
       [80.],
       [80.],
       [80.],
       [80.],
       [80.],
       [80.],
       [80.],
       [80.],
       [80.],
       [80.],
       [80.],
       [80.],
       [80.],
       [80.],
       [80.],
       [80.],
       [80.],
       [80.],
       [80.],
       [80.],
       [80.],
       [80.],
       [80.],
       [80.],
       [80.],
       [80.]]), 'dt': 0.01, 'N': 400, 'l': 1e-05}","{'Q': 421.05263157894734, 'gbar': 3.1578947368421053, 'T': 10000, 'supervisor': array([[-1.89214982e-17],
       [ 4.44288287e-04],
       [ 8.88576529e-04],
       ...,
       [-1.33286468e-03],
       [-8.88576529e-04],
       [-4.44288287e-04]]), 'BIAS': array([[80.],
       [80.],
       [80.],
       [80.],
       [80.],
       [80.],
       [80.],
       [80.],
       [80.],
       [80.],
       [80.],
       [80.],
       [80.],
       [80.],
       [80.],
       [80.],
       [80.],
       [80.],
       [80.],
       [80.],
       [80.],
       [80.],
       [80.],
       [80.],
       [80.],
       [80.],
       [80.],
       [80.],
       [80.],
       [80.],
       [80.],
       [80.],
       [80.],
       [80.],
       [80.],
       [80.],
       [80.],
       [80.],
       [80.],
       [80.],
       [80.],
       [80.],
       [80.],
       [80.],
       [80.],
       [80.],
       [80.],
       [80.],
       [80.],
       [80.],
       [80.],
       [80.],
       [80.],
       [80.],
       [80.],
       [80.],
       [80.],
       [80.],
       [80.],
       [80.],
       [80.],
       [80.],
       [80.],
       [80.],
       [80.],
       [80.],
       [80.],
       [80.],
       [80.],
       [80.],
       [80.],
       [80.],
       [80.],
       [80.],
       [80.],
       [80.],
       [80.],
       [80.],
       [80.],
       [80.],
       [80.],
       [80.],
       [80.],
       [80.],
       [80.],
       [80.],
       [80.],
       [80.],
       [80.],
       [80.],
       [80.],
       [80.],
       [80.],
       [80.],
       [80.],
       [80.],
       [80.],
       [80.],
       [80.],
       [80.],
       [80.],
       [80.],
       [80.],
       [80.],
       [80.],
       [80.],
       [80.],
       [80.],
       [80.],
       [80.],
       [80.],
       [80.],
       [80.],
       [80.],
       [80.],
       [80.],
       [80.],
       [80.],
       [80.],
       [80.],
       [80.],
       [80.],
       [80.],
       [80.],
       [80.],
       [80.],
       [80.],
       [80.],
       [80.],
       [80.],
       [80.],
       [80.],
       [80.],
       [80.],
       [80.],
       [80.],
       [80.],
       [80.],
       [80.],
       [80.],
       [80.],
       [80.],
       [80.],
       [80.],
       [80.],
       [80.],
       [80.],
       [80.],
       [80.],
       [80.],
       [80.],
       [80.],
       [80.],
       [80.],
       [80.],
       [80.],
       [80.],
       [80.],
       [80.],
       [80.],
       [80.],
       [80.],
       [80.],
       [80.],
       [80.],
       [80.],
       [80.],
       [80.],
       [80.],
       [80.],
       [80.],
       [80.],
       [80.],
       [80.],
       [80.],
       [80.],
       [80.],
       [80.],
       [80.],
       [80.],
       [80.],
       [80.],
       [80.],
       [80.],
       [80.],
       [80.],
       [80.],
       [80.],
       [80.],
       [80.],
       [80.],
       [80.],
       [80.],
       [80.],
       [80.],
       [80.],
       [80.],
       [80.],
       [80.],
       [80.],
       [80.],
       [80.],
       [80.],
       [80.],
       [80.],
       [80.],
       [80.],
       [80.],
       [80.],
       [80.],
       [80.],
       [80.],
       [80.],
       [80.],
       [80.],
       [80.],
       [80.],
       [80.],
       [80.],
       [80.],
       [80.],
       [80.],
       [80.],
       [80.],
       [80.],
       [80.],
       [80.],
       [80.],
       [80.],
       [80.],
       [80.],
       [80.],
       [80.],
       [80.],
       [80.],
       [80.],
       [80.],
       [80.],
       [80.],
       [80.],
       [80.],
       [80.],
       [80.],
       [80.],
       [80.],
       [80.],
       [80.],
       [80.],
       [80.],
       [80.],
       [80.],
       [80.],
       [80.],
       [80.],
       [80.],
       [80.],
       [80.],
       [80.],
       [80.],
       [80.],
       [80.],
       [80.],
       [80.],
       [80.],
       [80.],
       [80.],
       [80.],
       [80.],
       [80.],
       [80.],
       [80.],
       [80.],
       [80.],
       [80.],
       [80.],
       [80.],
       [80.],
       [80.],
       [80.],
       [80.],
       [80.],
       [80.],
       [80.],
       [80.],
       [80.],
       [80.],
       [80.],
       [80.],
       [80.],
       [80.],
       [80.],
       [80.],
       [80.],
       [80.],
       [80.],
       [80.],
       [80.],
       [80.],
       [80.],
       [80.],
       [80.],
       [80.],
       [80.],
       [80.],
       [80.],
       [80.],
       [80.],
       [80.],
       [80.],
       [80.],
       [80.],
       [80.],
       [80.],
       [80.],
       [80.],
       [80.],
       [80.],
       [80.],
       [80.],
       [80.],
       [80.],
       [80.],
       [80.],
       [80.],
       [80.],
       [80.],
       [80.],
       [80.],
       [80.],
       [80.],
       [80.],
       [80.],
       [80.],
       [80.],
       [80.],
       [80.],
       [80.],
       [80.],
       [80.],
       [80.],
       [80.],
       [80.],
       [80.],
       [80.],
       [80.],
       [80.],
       [80.],
       [80.],
       [80.],
       [80.],
       [80.],
       [80.],
       [80.],
       [80.],
       [80.],
       [80.],
       [80.],
       [80.],
       [80.],
       [80.],
       [80.],
       [80.],
       [80.],
       [80.],
       [80.],
       [80.],
       [80.],
       [80.],
       [80.],
       [80.],
       [80.],
       [80.],
       [80.],
       [80.],
       [80.],
       [80.],
       [80.],
       [80.],
       [80.],
       [80.],
       [80.],
       [80.],
       [80.],
       [80.],
       [80.],
       [80.],
       [80.],
       [80.],
       [80.],
       [80.],
       [80.],
       [80.],
       [80.],
       [80.],
       [80.],
       [80.],
       [80.],
       [80.],
       [80.],
       [80.]]), 'dt': 0.01, 'N': 400, 'l': 1e-05}","{'Q': 421.05263157894734, 'gbar': 4.2105263157894735, 'T': 10000, 'supervisor': array([[-1.89214982e-17],
       [ 4.44288287e-04],
       [ 8.88576529e-04],
       ...,
       [-1.33286468e-03],
       [-8.88576529e-04],
       [-4.44288287e-04]]), 'BIAS': array([[80.],
       [80.],
       [80.],
       [80.],
       [80.],
       [80.],
       [80.],
       [80.],
       [80.],
       [80.],
       [80.],
       [80.],
       [80.],
       [80.],
       [80.],
       [80.],
       [80.],
       [80.],
       [80.],
       [80.],
       [80.],
       [80.],
       [80.],
       [80.],
       [80.],
       [80.],
       [80.],
       [80.],
       [80.],
       [80.],
       [80.],
       [80.],
       [80.],
       [80.],
       [80.],
       [80.],
       [80.],
       [80.],
       [80.],
       [80.],
       [80.],
       [80.],
       [80.],
       [80.],
       [80.],
       [80.],
       [80.],
       [80.],
       [80.],
       [80.],
       [80.],
       [80.],
       [80.],
       [80.],
       [80.],
       [80.],
       [80.],
       [80.],
       [80.],
       [80.],
       [80.],
       [80.],
       [80.],
       [80.],
       [80.],
       [80.],
       [80.],
       [80.],
       [80.],
       [80.],
       [80.],
       [80.],
       [80.],
       [80.],
       [80.],
       [80.],
       [80.],
       [80.],
       [80.],
       [80.],
       [80.],
       [80.],
       [80.],
       [80.],
       [80.],
       [80.],
       [80.],
       [80.],
       [80.],
       [80.],
       [80.],
       [80.],
       [80.],
       [80.],
       [80.],
       [80.],
       [80.],
       [80.],
       [80.],
       [80.],
       [80.],
       [80.],
       [80.],
       [80.],
       [80.],
       [80.],
       [80.],
       [80.],
       [80.],
       [80.],
       [80.],
       [80.],
       [80.],
       [80.],
       [80.],
       [80.],
       [80.],
       [80.],
       [80.],
       [80.],
       [80.],
       [80.],
       [80.],
       [80.],
       [80.],
       [80.],
       [80.],
       [80.],
       [80.],
       [80.],
       [80.],
       [80.],
       [80.],
       [80.],
       [80.],
       [80.],
       [80.],
       [80.],
       [80.],
       [80.],
       [80.],
       [80.],
       [80.],
       [80.],
       [80.],
       [80.],
       [80.],
       [80.],
       [80.],
       [80.],
       [80.],
       [80.],
       [80.],
       [80.],
       [80.],
       [80.],
       [80.],
       [80.],
       [80.],
       [80.],
       [80.],
       [80.],
       [80.],
       [80.],
       [80.],
       [80.],
       [80.],
       [80.],
       [80.],
       [80.],
       [80.],
       [80.],
       [80.],
       [80.],
       [80.],
       [80.],
       [80.],
       [80.],
       [80.],
       [80.],
       [80.],
       [80.],
       [80.],
       [80.],
       [80.],
       [80.],
       [80.],
       [80.],
       [80.],
       [80.],
       [80.],
       [80.],
       [80.],
       [80.],
       [80.],
       [80.],
       [80.],
       [80.],
       [80.],
       [80.],
       [80.],
       [80.],
       [80.],
       [80.],
       [80.],
       [80.],
       [80.],
       [80.],
       [80.],
       [80.],
       [80.],
       [80.],
       [80.],
       [80.],
       [80.],
       [80.],
       [80.],
       [80.],
       [80.],
       [80.],
       [80.],
       [80.],
       [80.],
       [80.],
       [80.],
       [80.],
       [80.],
       [80.],
       [80.],
       [80.],
       [80.],
       [80.],
       [80.],
       [80.],
       [80.],
       [80.],
       [80.],
       [80.],
       [80.],
       [80.],
       [80.],
       [80.],
       [80.],
       [80.],
       [80.],
       [80.],
       [80.],
       [80.],
       [80.],
       [80.],
       [80.],
       [80.],
       [80.],
       [80.],
       [80.],
       [80.],
       [80.],
       [80.],
       [80.],
       [80.],
       [80.],
       [80.],
       [80.],
       [80.],
       [80.],
       [80.],
       [80.],
       [80.],
       [80.],
       [80.],
       [80.],
       [80.],
       [80.],
       [80.],
       [80.],
       [80.],
       [80.],
       [80.],
       [80.],
       [80.],
       [80.],
       [80.],
       [80.],
       [80.],
       [80.],
       [80.],
       [80.],
       [80.],
       [80.],
       [80.],
       [80.],
       [80.],
       [80.],
       [80.],
       [80.],
       [80.],
       [80.],
       [80.],
       [80.],
       [80.],
       [80.],
       [80.],
       [80.],
       [80.],
       [80.],
       [80.],
       [80.],
       [80.],
       [80.],
       [80.],
       [80.],
       [80.],
       [80.],
       [80.],
       [80.],
       [80.],
       [80.],
       [80.],
       [80.],
       [80.],
       [80.],
       [80.],
       [80.],
       [80.],
       [80.],
       [80.],
       [80.],
       [80.],
       [80.],
       [80.],
       [80.],
       [80.],
       [80.],
       [80.],
       [80.],
       [80.],
       [80.],
       [80.],
       [80.],
       [80.],
       [80.],
       [80.],
       [80.],
       [80.],
       [80.],
       [80.],
       [80.],
       [80.],
       [80.],
       [80.],
       [80.],
       [80.],
       [80.],
       [80.],
       [80.],
       [80.],
       [80.],
       [80.],
       [80.],
       [80.],
       [80.],
       [80.],
       [80.],
       [80.],
       [80.],
       [80.],
       [80.],
       [80.],
       [80.],
       [80.],
       [80.],
       [80.],
       [80.],
       [80.],
       [80.],
       [80.],
       [80.],
       [80.],
       [80.],
       [80.],
       [80.],
       [80.],
       [80.],
       [80.],
       [80.],
       [80.],
       [80.],
       [80.],
       [80.],
       [80.],
       [80.],
       [80.],
       [80.],
       [80.],
       [80.],
       [80.],
       [80.],
       [80.],
       [80.],
       [80.]]), 'dt': 0.01, 'N': 400, 'l': 1e-05}","{'Q': 421.05263157894734, 'gbar': 5.263157894736842, 'T': 10000, 'supervisor': array([[-1.89214982e-17],
       [ 4.44288287e-04],
       [ 8.88576529e-04],
       ...,
       [-1.33286468e-03],
       [-8.88576529e-04],
       [-4.44288287e-04]]), 'BIAS': array([[80.],
       [80.],
       [80.],
       [80.],
       [80.],
       [80.],
       [80.],
       [80.],
       [80.],
       [80.],
       [80.],
       [80.],
       [80.],
       [80.],
       [80.],
       [80.],
       [80.],
       [80.],
       [80.],
       [80.],
       [80.],
       [80.],
       [80.],
       [80.],
       [80.],
       [80.],
       [80.],
       [80.],
       [80.],
       [80.],
       [80.],
       [80.],
       [80.],
       [80.],
       [80.],
       [80.],
       [80.],
       [80.],
       [80.],
       [80.],
       [80.],
       [80.],
       [80.],
       [80.],
       [80.],
       [80.],
       [80.],
       [80.],
       [80.],
       [80.],
       [80.],
       [80.],
       [80.],
       [80.],
       [80.],
       [80.],
       [80.],
       [80.],
       [80.],
       [80.],
       [80.],
       [80.],
       [80.],
       [80.],
       [80.],
       [80.],
       [80.],
       [80.],
       [80.],
       [80.],
       [80.],
       [80.],
       [80.],
       [80.],
       [80.],
       [80.],
       [80.],
       [80.],
       [80.],
       [80.],
       [80.],
       [80.],
       [80.],
       [80.],
       [80.],
       [80.],
       [80.],
       [80.],
       [80.],
       [80.],
       [80.],
       [80.],
       [80.],
       [80.],
       [80.],
       [80.],
       [80.],
       [80.],
       [80.],
       [80.],
       [80.],
       [80.],
       [80.],
       [80.],
       [80.],
       [80.],
       [80.],
       [80.],
       [80.],
       [80.],
       [80.],
       [80.],
       [80.],
       [80.],
       [80.],
       [80.],
       [80.],
       [80.],
       [80.],
       [80.],
       [80.],
       [80.],
       [80.],
       [80.],
       [80.],
       [80.],
       [80.],
       [80.],
       [80.],
       [80.],
       [80.],
       [80.],
       [80.],
       [80.],
       [80.],
       [80.],
       [80.],
       [80.],
       [80.],
       [80.],
       [80.],
       [80.],
       [80.],
       [80.],
       [80.],
       [80.],
       [80.],
       [80.],
       [80.],
       [80.],
       [80.],
       [80.],
       [80.],
       [80.],
       [80.],
       [80.],
       [80.],
       [80.],
       [80.],
       [80.],
       [80.],
       [80.],
       [80.],
       [80.],
       [80.],
       [80.],
       [80.],
       [80.],
       [80.],
       [80.],
       [80.],
       [80.],
       [80.],
       [80.],
       [80.],
       [80.],
       [80.],
       [80.],
       [80.],
       [80.],
       [80.],
       [80.],
       [80.],
       [80.],
       [80.],
       [80.],
       [80.],
       [80.],
       [80.],
       [80.],
       [80.],
       [80.],
       [80.],
       [80.],
       [80.],
       [80.],
       [80.],
       [80.],
       [80.],
       [80.],
       [80.],
       [80.],
       [80.],
       [80.],
       [80.],
       [80.],
       [80.],
       [80.],
       [80.],
       [80.],
       [80.],
       [80.],
       [80.],
       [80.],
       [80.],
       [80.],
       [80.],
       [80.],
       [80.],
       [80.],
       [80.],
       [80.],
       [80.],
       [80.],
       [80.],
       [80.],
       [80.],
       [80.],
       [80.],
       [80.],
       [80.],
       [80.],
       [80.],
       [80.],
       [80.],
       [80.],
       [80.],
       [80.],
       [80.],
       [80.],
       [80.],
       [80.],
       [80.],
       [80.],
       [80.],
       [80.],
       [80.],
       [80.],
       [80.],
       [80.],
       [80.],
       [80.],
       [80.],
       [80.],
       [80.],
       [80.],
       [80.],
       [80.],
       [80.],
       [80.],
       [80.],
       [80.],
       [80.],
       [80.],
       [80.],
       [80.],
       [80.],
       [80.],
       [80.],
       [80.],
       [80.],
       [80.],
       [80.],
       [80.],
       [80.],
       [80.],
       [80.],
       [80.],
       [80.],
       [80.],
       [80.],
       [80.],
       [80.],
       [80.],
       [80.],
       [80.],
       [80.],
       [80.],
       [80.],
       [80.],
       [80.],
       [80.],
       [80.],
       [80.],
       [80.],
       [80.],
       [80.],
       [80.],
       [80.],
       [80.],
       [80.],
       [80.],
       [80.],
       [80.],
       [80.],
       [80.],
       [80.],
       [80.],
       [80.],
       [80.],
       [80.],
       [80.],
       [80.],
       [80.],
       [80.],
       [80.],
       [80.],
       [80.],
       [80.],
       [80.],
       [80.],
       [80.],
       [80.],
       [80.],
       [80.],
       [80.],
       [80.],
       [80.],
       [80.],
       [80.],
       [80.],
       [80.],
       [80.],
       [80.],
       [80.],
       [80.],
       [80.],
       [80.],
       [80.],
       [80.],
       [80.],
       [80.],
       [80.],
       [80.],
       [80.],
       [80.],
       [80.],
       [80.],
       [80.],
       [80.],
       [80.],
       [80.],
       [80.],
       [80.],
       [80.],
       [80.],
       [80.],
       [80.],
       [80.],
       [80.],
       [80.],
       [80.],
       [80.],
       [80.],
       [80.],
       [80.],
       [80.],
       [80.],
       [80.],
       [80.],
       [80.],
       [80.],
       [80.],
       [80.],
       [80.],
       [80.],
       [80.],
       [80.],
       [80.],
       [80.],
       [80.],
       [80.],
       [80.],
       [80.],
       [80.],
       [80.],
       [80.],
       [80.],
       [80.],
       [80.],
       [80.],
       [80.],
       [80.],
       [80.],
       [80.],
       [80.],
       [80.],
       [80.],
       [80.],
       [80.]]), 'dt': 0.01, 'N': 400, 'l': 1e-05}","{'Q': 421.05263157894734, 'gbar': 6.315789473684211, 'T': 10000, 'supervisor': array([[-1.89214982e-17],
       [ 4.44288287e-04],
       [ 8.88576529e-04],
       ...,
       [-1.33286468e-03],
       [-8.88576529e-04],
       [-4.44288287e-04]]), 'BIAS': array([[80.],
       [80.],
       [80.],
       [80.],
       [80.],
       [80.],
       [80.],
       [80.],
       [80.],
       [80.],
       [80.],
       [80.],
       [80.],
       [80.],
       [80.],
       [80.],
       [80.],
       [80.],
       [80.],
       [80.],
       [80.],
       [80.],
       [80.],
       [80.],
       [80.],
       [80.],
       [80.],
       [80.],
       [80.],
       [80.],
       [80.],
       [80.],
       [80.],
       [80.],
       [80.],
       [80.],
       [80.],
       [80.],
       [80.],
       [80.],
       [80.],
       [80.],
       [80.],
       [80.],
       [80.],
       [80.],
       [80.],
       [80.],
       [80.],
       [80.],
       [80.],
       [80.],
       [80.],
       [80.],
       [80.],
       [80.],
       [80.],
       [80.],
       [80.],
       [80.],
       [80.],
       [80.],
       [80.],
       [80.],
       [80.],
       [80.],
       [80.],
       [80.],
       [80.],
       [80.],
       [80.],
       [80.],
       [80.],
       [80.],
       [80.],
       [80.],
       [80.],
       [80.],
       [80.],
       [80.],
       [80.],
       [80.],
       [80.],
       [80.],
       [80.],
       [80.],
       [80.],
       [80.],
       [80.],
       [80.],
       [80.],
       [80.],
       [80.],
       [80.],
       [80.],
       [80.],
       [80.],
       [80.],
       [80.],
       [80.],
       [80.],
       [80.],
       [80.],
       [80.],
       [80.],
       [80.],
       [80.],
       [80.],
       [80.],
       [80.],
       [80.],
       [80.],
       [80.],
       [80.],
       [80.],
       [80.],
       [80.],
       [80.],
       [80.],
       [80.],
       [80.],
       [80.],
       [80.],
       [80.],
       [80.],
       [80.],
       [80.],
       [80.],
       [80.],
       [80.],
       [80.],
       [80.],
       [80.],
       [80.],
       [80.],
       [80.],
       [80.],
       [80.],
       [80.],
       [80.],
       [80.],
       [80.],
       [80.],
       [80.],
       [80.],
       [80.],
       [80.],
       [80.],
       [80.],
       [80.],
       [80.],
       [80.],
       [80.],
       [80.],
       [80.],
       [80.],
       [80.],
       [80.],
       [80.],
       [80.],
       [80.],
       [80.],
       [80.],
       [80.],
       [80.],
       [80.],
       [80.],
       [80.],
       [80.],
       [80.],
       [80.],
       [80.],
       [80.],
       [80.],
       [80.],
       [80.],
       [80.],
       [80.],
       [80.],
       [80.],
       [80.],
       [80.],
       [80.],
       [80.],
       [80.],
       [80.],
       [80.],
       [80.],
       [80.],
       [80.],
       [80.],
       [80.],
       [80.],
       [80.],
       [80.],
       [80.],
       [80.],
       [80.],
       [80.],
       [80.],
       [80.],
       [80.],
       [80.],
       [80.],
       [80.],
       [80.],
       [80.],
       [80.],
       [80.],
       [80.],
       [80.],
       [80.],
       [80.],
       [80.],
       [80.],
       [80.],
       [80.],
       [80.],
       [80.],
       [80.],
       [80.],
       [80.],
       [80.],
       [80.],
       [80.],
       [80.],
       [80.],
       [80.],
       [80.],
       [80.],
       [80.],
       [80.],
       [80.],
       [80.],
       [80.],
       [80.],
       [80.],
       [80.],
       [80.],
       [80.],
       [80.],
       [80.],
       [80.],
       [80.],
       [80.],
       [80.],
       [80.],
       [80.],
       [80.],
       [80.],
       [80.],
       [80.],
       [80.],
       [80.],
       [80.],
       [80.],
       [80.],
       [80.],
       [80.],
       [80.],
       [80.],
       [80.],
       [80.],
       [80.],
       [80.],
       [80.],
       [80.],
       [80.],
       [80.],
       [80.],
       [80.],
       [80.],
       [80.],
       [80.],
       [80.],
       [80.],
       [80.],
       [80.],
       [80.],
       [80.],
       [80.],
       [80.],
       [80.],
       [80.],
       [80.],
       [80.],
       [80.],
       [80.],
       [80.],
       [80.],
       [80.],
       [80.],
       [80.],
       [80.],
       [80.],
       [80.],
       [80.],
       [80.],
       [80.],
       [80.],
       [80.],
       [80.],
       [80.],
       [80.],
       [80.],
       [80.],
       [80.],
       [80.],
       [80.],
       [80.],
       [80.],
       [80.],
       [80.],
       [80.],
       [80.],
       [80.],
       [80.],
       [80.],
       [80.],
       [80.],
       [80.],
       [80.],
       [80.],
       [80.],
       [80.],
       [80.],
       [80.],
       [80.],
       [80.],
       [80.],
       [80.],
       [80.],
       [80.],
       [80.],
       [80.],
       [80.],
       [80.],
       [80.],
       [80.],
       [80.],
       [80.],
       [80.],
       [80.],
       [80.],
       [80.],
       [80.],
       [80.],
       [80.],
       [80.],
       [80.],
       [80.],
       [80.],
       [80.],
       [80.],
       [80.],
       [80.],
       [80.],
       [80.],
       [80.],
       [80.],
       [80.],
       [80.],
       [80.],
       [80.],
       [80.],
       [80.],
       [80.],
       [80.],
       [80.],
       [80.],
       [80.],
       [80.],
       [80.],
       [80.],
       [80.],
       [80.],
       [80.],
       [80.],
       [80.],
       [80.],
       [80.],
       [80.],
       [80.],
       [80.],
       [80.],
       [80.],
       [80.],
       [80.],
       [80.],
       [80.],
       [80.],
       [80.],
       [80.],
       [80.],
       [80.],
       [80.],
       [80.],
       [80.],
       [80.],
       [80.]]), 'dt': 0.01, 'N': 400, 'l': 1e-05}","{'Q': 421.05263157894734, 'gbar': 7.368421052631579, 'T': 10000, 'supervisor': array([[-1.89214982e-17],
       [ 4.44288287e-04],
       [ 8.88576529e-04],
       ...,
       [-1.33286468e-03],
       [-8.88576529e-04],
       [-4.44288287e-04]]), 'BIAS': array([[80.],
       [80.],
       [80.],
       [80.],
       [80.],
       [80.],
       [80.],
       [80.],
       [80.],
       [80.],
       [80.],
       [80.],
       [80.],
       [80.],
       [80.],
       [80.],
       [80.],
       [80.],
       [80.],
       [80.],
       [80.],
       [80.],
       [80.],
       [80.],
       [80.],
       [80.],
       [80.],
       [80.],
       [80.],
       [80.],
       [80.],
       [80.],
       [80.],
       [80.],
       [80.],
       [80.],
       [80.],
       [80.],
       [80.],
       [80.],
       [80.],
       [80.],
       [80.],
       [80.],
       [80.],
       [80.],
       [80.],
       [80.],
       [80.],
       [80.],
       [80.],
       [80.],
       [80.],
       [80.],
       [80.],
       [80.],
       [80.],
       [80.],
       [80.],
       [80.],
       [80.],
       [80.],
       [80.],
       [80.],
       [80.],
       [80.],
       [80.],
       [80.],
       [80.],
       [80.],
       [80.],
       [80.],
       [80.],
       [80.],
       [80.],
       [80.],
       [80.],
       [80.],
       [80.],
       [80.],
       [80.],
       [80.],
       [80.],
       [80.],
       [80.],
       [80.],
       [80.],
       [80.],
       [80.],
       [80.],
       [80.],
       [80.],
       [80.],
       [80.],
       [80.],
       [80.],
       [80.],
       [80.],
       [80.],
       [80.],
       [80.],
       [80.],
       [80.],
       [80.],
       [80.],
       [80.],
       [80.],
       [80.],
       [80.],
       [80.],
       [80.],
       [80.],
       [80.],
       [80.],
       [80.],
       [80.],
       [80.],
       [80.],
       [80.],
       [80.],
       [80.],
       [80.],
       [80.],
       [80.],
       [80.],
       [80.],
       [80.],
       [80.],
       [80.],
       [80.],
       [80.],
       [80.],
       [80.],
       [80.],
       [80.],
       [80.],
       [80.],
       [80.],
       [80.],
       [80.],
       [80.],
       [80.],
       [80.],
       [80.],
       [80.],
       [80.],
       [80.],
       [80.],
       [80.],
       [80.],
       [80.],
       [80.],
       [80.],
       [80.],
       [80.],
       [80.],
       [80.],
       [80.],
       [80.],
       [80.],
       [80.],
       [80.],
       [80.],
       [80.],
       [80.],
       [80.],
       [80.],
       [80.],
       [80.],
       [80.],
       [80.],
       [80.],
       [80.],
       [80.],
       [80.],
       [80.],
       [80.],
       [80.],
       [80.],
       [80.],
       [80.],
       [80.],
       [80.],
       [80.],
       [80.],
       [80.],
       [80.],
       [80.],
       [80.],
       [80.],
       [80.],
       [80.],
       [80.],
       [80.],
       [80.],
       [80.],
       [80.],
       [80.],
       [80.],
       [80.],
       [80.],
       [80.],
       [80.],
       [80.],
       [80.],
       [80.],
       [80.],
       [80.],
       [80.],
       [80.],
       [80.],
       [80.],
       [80.],
       [80.],
       [80.],
       [80.],
       [80.],
       [80.],
       [80.],
       [80.],
       [80.],
       [80.],
       [80.],
       [80.],
       [80.],
       [80.],
       [80.],
       [80.],
       [80.],
       [80.],
       [80.],
       [80.],
       [80.],
       [80.],
       [80.],
       [80.],
       [80.],
       [80.],
       [80.],
       [80.],
       [80.],
       [80.],
       [80.],
       [80.],
       [80.],
       [80.],
       [80.],
       [80.],
       [80.],
       [80.],
       [80.],
       [80.],
       [80.],
       [80.],
       [80.],
       [80.],
       [80.],
       [80.],
       [80.],
       [80.],
       [80.],
       [80.],
       [80.],
       [80.],
       [80.],
       [80.],
       [80.],
       [80.],
       [80.],
       [80.],
       [80.],
       [80.],
       [80.],
       [80.],
       [80.],
       [80.],
       [80.],
       [80.],
       [80.],
       [80.],
       [80.],
       [80.],
       [80.],
       [80.],
       [80.],
       [80.],
       [80.],
       [80.],
       [80.],
       [80.],
       [80.],
       [80.],
       [80.],
       [80.],
       [80.],
       [80.],
       [80.],
       [80.],
       [80.],
       [80.],
       [80.],
       [80.],
       [80.],
       [80.],
       [80.],
       [80.],
       [80.],
       [80.],
       [80.],
       [80.],
       [80.],
       [80.],
       [80.],
       [80.],
       [80.],
       [80.],
       [80.],
       [80.],
       [80.],
       [80.],
       [80.],
       [80.],
       [80.],
       [80.],
       [80.],
       [80.],
       [80.],
       [80.],
       [80.],
       [80.],
       [80.],
       [80.],
       [80.],
       [80.],
       [80.],
       [80.],
       [80.],
       [80.],
       [80.],
       [80.],
       [80.],
       [80.],
       [80.],
       [80.],
       [80.],
       [80.],
       [80.],
       [80.],
       [80.],
       [80.],
       [80.],
       [80.],
       [80.],
       [80.],
       [80.],
       [80.],
       [80.],
       [80.],
       [80.],
       [80.],
       [80.],
       [80.],
       [80.],
       [80.],
       [80.],
       [80.],
       [80.],
       [80.],
       [80.],
       [80.],
       [80.],
       [80.],
       [80.],
       [80.],
       [80.],
       [80.],
       [80.],
       [80.],
       [80.],
       [80.],
       [80.],
       [80.],
       [80.],
       [80.],
       [80.],
       [80.],
       [80.],
       [80.],
       [80.],
       [80.],
       [80.],
       [80.],
       [80.],
       [80.],
       [80.],
       [80.],
       [80.],
       [80.],
       [80.],
       [80.]]), 'dt': 0.01, 'N': 400, 'l': 1e-05}","{'Q': 421.05263157894734, 'gbar': 8.421052631578947, 'T': 10000, 'supervisor': array([[-1.89214982e-17],
       [ 4.44288287e-04],
       [ 8.88576529e-04],
       ...,
       [-1.33286468e-03],
       [-8.88576529e-04],
       [-4.44288287e-04]]), 'BIAS': array([[80.],
       [80.],
       [80.],
       [80.],
       [80.],
       [80.],
       [80.],
       [80.],
       [80.],
       [80.],
       [80.],
       [80.],
       [80.],
       [80.],
       [80.],
       [80.],
       [80.],
       [80.],
       [80.],
       [80.],
       [80.],
       [80.],
       [80.],
       [80.],
       [80.],
       [80.],
       [80.],
       [80.],
       [80.],
       [80.],
       [80.],
       [80.],
       [80.],
       [80.],
       [80.],
       [80.],
       [80.],
       [80.],
       [80.],
       [80.],
       [80.],
       [80.],
       [80.],
       [80.],
       [80.],
       [80.],
       [80.],
       [80.],
       [80.],
       [80.],
       [80.],
       [80.],
       [80.],
       [80.],
       [80.],
       [80.],
       [80.],
       [80.],
       [80.],
       [80.],
       [80.],
       [80.],
       [80.],
       [80.],
       [80.],
       [80.],
       [80.],
       [80.],
       [80.],
       [80.],
       [80.],
       [80.],
       [80.],
       [80.],
       [80.],
       [80.],
       [80.],
       [80.],
       [80.],
       [80.],
       [80.],
       [80.],
       [80.],
       [80.],
       [80.],
       [80.],
       [80.],
       [80.],
       [80.],
       [80.],
       [80.],
       [80.],
       [80.],
       [80.],
       [80.],
       [80.],
       [80.],
       [80.],
       [80.],
       [80.],
       [80.],
       [80.],
       [80.],
       [80.],
       [80.],
       [80.],
       [80.],
       [80.],
       [80.],
       [80.],
       [80.],
       [80.],
       [80.],
       [80.],
       [80.],
       [80.],
       [80.],
       [80.],
       [80.],
       [80.],
       [80.],
       [80.],
       [80.],
       [80.],
       [80.],
       [80.],
       [80.],
       [80.],
       [80.],
       [80.],
       [80.],
       [80.],
       [80.],
       [80.],
       [80.],
       [80.],
       [80.],
       [80.],
       [80.],
       [80.],
       [80.],
       [80.],
       [80.],
       [80.],
       [80.],
       [80.],
       [80.],
       [80.],
       [80.],
       [80.],
       [80.],
       [80.],
       [80.],
       [80.],
       [80.],
       [80.],
       [80.],
       [80.],
       [80.],
       [80.],
       [80.],
       [80.],
       [80.],
       [80.],
       [80.],
       [80.],
       [80.],
       [80.],
       [80.],
       [80.],
       [80.],
       [80.],
       [80.],
       [80.],
       [80.],
       [80.],
       [80.],
       [80.],
       [80.],
       [80.],
       [80.],
       [80.],
       [80.],
       [80.],
       [80.],
       [80.],
       [80.],
       [80.],
       [80.],
       [80.],
       [80.],
       [80.],
       [80.],
       [80.],
       [80.],
       [80.],
       [80.],
       [80.],
       [80.],
       [80.],
       [80.],
       [80.],
       [80.],
       [80.],
       [80.],
       [80.],
       [80.],
       [80.],
       [80.],
       [80.],
       [80.],
       [80.],
       [80.],
       [80.],
       [80.],
       [80.],
       [80.],
       [80.],
       [80.],
       [80.],
       [80.],
       [80.],
       [80.],
       [80.],
       [80.],
       [80.],
       [80.],
       [80.],
       [80.],
       [80.],
       [80.],
       [80.],
       [80.],
       [80.],
       [80.],
       [80.],
       [80.],
       [80.],
       [80.],
       [80.],
       [80.],
       [80.],
       [80.],
       [80.],
       [80.],
       [80.],
       [80.],
       [80.],
       [80.],
       [80.],
       [80.],
       [80.],
       [80.],
       [80.],
       [80.],
       [80.],
       [80.],
       [80.],
       [80.],
       [80.],
       [80.],
       [80.],
       [80.],
       [80.],
       [80.],
       [80.],
       [80.],
       [80.],
       [80.],
       [80.],
       [80.],
       [80.],
       [80.],
       [80.],
       [80.],
       [80.],
       [80.],
       [80.],
       [80.],
       [80.],
       [80.],
       [80.],
       [80.],
       [80.],
       [80.],
       [80.],
       [80.],
       [80.],
       [80.],
       [80.],
       [80.],
       [80.],
       [80.],
       [80.],
       [80.],
       [80.],
       [80.],
       [80.],
       [80.],
       [80.],
       [80.],
       [80.],
       [80.],
       [80.],
       [80.],
       [80.],
       [80.],
       [80.],
       [80.],
       [80.],
       [80.],
       [80.],
       [80.],
       [80.],
       [80.],
       [80.],
       [80.],
       [80.],
       [80.],
       [80.],
       [80.],
       [80.],
       [80.],
       [80.],
       [80.],
       [80.],
       [80.],
       [80.],
       [80.],
       [80.],
       [80.],
       [80.],
       [80.],
       [80.],
       [80.],
       [80.],
       [80.],
       [80.],
       [80.],
       [80.],
       [80.],
       [80.],
       [80.],
       [80.],
       [80.],
       [80.],
       [80.],
       [80.],
       [80.],
       [80.],
       [80.],
       [80.],
       [80.],
       [80.],
       [80.],
       [80.],
       [80.],
       [80.],
       [80.],
       [80.],
       [80.],
       [80.],
       [80.],
       [80.],
       [80.],
       [80.],
       [80.],
       [80.],
       [80.],
       [80.],
       [80.],
       [80.],
       [80.],
       [80.],
       [80.],
       [80.],
       [80.],
       [80.],
       [80.],
       [80.],
       [80.],
       [80.],
       [80.],
       [80.],
       [80.],
       [80.],
       [80.],
       [80.],
       [80.],
       [80.],
       [80.],
       [80.],
       [80.],
       [80.],
       [80.],
       [80.],
       [80.],
       [80.],
       [80.],
       [80.]]), 'dt': 0.01, 'N': 400, 'l': 1e-05}","{'Q': 421.05263157894734, 'gbar': 9.473684210526315, 'T': 10000, 'supervisor': array([[-1.89214982e-17],
       [ 4.44288287e-04],
       [ 8.88576529e-04],
       ...,
       [-1.33286468e-03],
       [-8.88576529e-04],
       [-4.44288287e-04]]), 'BIAS': array([[80.],
       [80.],
       [80.],
       [80.],
       [80.],
       [80.],
       [80.],
       [80.],
       [80.],
       [80.],
       [80.],
       [80.],
       [80.],
       [80.],
       [80.],
       [80.],
       [80.],
       [80.],
       [80.],
       [80.],
       [80.],
       [80.],
       [80.],
       [80.],
       [80.],
       [80.],
       [80.],
       [80.],
       [80.],
       [80.],
       [80.],
       [80.],
       [80.],
       [80.],
       [80.],
       [80.],
       [80.],
       [80.],
       [80.],
       [80.],
       [80.],
       [80.],
       [80.],
       [80.],
       [80.],
       [80.],
       [80.],
       [80.],
       [80.],
       [80.],
       [80.],
       [80.],
       [80.],
       [80.],
       [80.],
       [80.],
       [80.],
       [80.],
       [80.],
       [80.],
       [80.],
       [80.],
       [80.],
       [80.],
       [80.],
       [80.],
       [80.],
       [80.],
       [80.],
       [80.],
       [80.],
       [80.],
       [80.],
       [80.],
       [80.],
       [80.],
       [80.],
       [80.],
       [80.],
       [80.],
       [80.],
       [80.],
       [80.],
       [80.],
       [80.],
       [80.],
       [80.],
       [80.],
       [80.],
       [80.],
       [80.],
       [80.],
       [80.],
       [80.],
       [80.],
       [80.],
       [80.],
       [80.],
       [80.],
       [80.],
       [80.],
       [80.],
       [80.],
       [80.],
       [80.],
       [80.],
       [80.],
       [80.],
       [80.],
       [80.],
       [80.],
       [80.],
       [80.],
       [80.],
       [80.],
       [80.],
       [80.],
       [80.],
       [80.],
       [80.],
       [80.],
       [80.],
       [80.],
       [80.],
       [80.],
       [80.],
       [80.],
       [80.],
       [80.],
       [80.],
       [80.],
       [80.],
       [80.],
       [80.],
       [80.],
       [80.],
       [80.],
       [80.],
       [80.],
       [80.],
       [80.],
       [80.],
       [80.],
       [80.],
       [80.],
       [80.],
       [80.],
       [80.],
       [80.],
       [80.],
       [80.],
       [80.],
       [80.],
       [80.],
       [80.],
       [80.],
       [80.],
       [80.],
       [80.],
       [80.],
       [80.],
       [80.],
       [80.],
       [80.],
       [80.],
       [80.],
       [80.],
       [80.],
       [80.],
       [80.],
       [80.],
       [80.],
       [80.],
       [80.],
       [80.],
       [80.],
       [80.],
       [80.],
       [80.],
       [80.],
       [80.],
       [80.],
       [80.],
       [80.],
       [80.],
       [80.],
       [80.],
       [80.],
       [80.],
       [80.],
       [80.],
       [80.],
       [80.],
       [80.],
       [80.],
       [80.],
       [80.],
       [80.],
       [80.],
       [80.],
       [80.],
       [80.],
       [80.],
       [80.],
       [80.],
       [80.],
       [80.],
       [80.],
       [80.],
       [80.],
       [80.],
       [80.],
       [80.],
       [80.],
       [80.],
       [80.],
       [80.],
       [80.],
       [80.],
       [80.],
       [80.],
       [80.],
       [80.],
       [80.],
       [80.],
       [80.],
       [80.],
       [80.],
       [80.],
       [80.],
       [80.],
       [80.],
       [80.],
       [80.],
       [80.],
       [80.],
       [80.],
       [80.],
       [80.],
       [80.],
       [80.],
       [80.],
       [80.],
       [80.],
       [80.],
       [80.],
       [80.],
       [80.],
       [80.],
       [80.],
       [80.],
       [80.],
       [80.],
       [80.],
       [80.],
       [80.],
       [80.],
       [80.],
       [80.],
       [80.],
       [80.],
       [80.],
       [80.],
       [80.],
       [80.],
       [80.],
       [80.],
       [80.],
       [80.],
       [80.],
       [80.],
       [80.],
       [80.],
       [80.],
       [80.],
       [80.],
       [80.],
       [80.],
       [80.],
       [80.],
       [80.],
       [80.],
       [80.],
       [80.],
       [80.],
       [80.],
       [80.],
       [80.],
       [80.],
       [80.],
       [80.],
       [80.],
       [80.],
       [80.],
       [80.],
       [80.],
       [80.],
       [80.],
       [80.],
       [80.],
       [80.],
       [80.],
       [80.],
       [80.],
       [80.],
       [80.],
       [80.],
       [80.],
       [80.],
       [80.],
       [80.],
       [80.],
       [80.],
       [80.],
       [80.],
       [80.],
       [80.],
       [80.],
       [80.],
       [80.],
       [80.],
       [80.],
       [80.],
       [80.],
       [80.],
       [80.],
       [80.],
       [80.],
       [80.],
       [80.],
       [80.],
       [80.],
       [80.],
       [80.],
       [80.],
       [80.],
       [80.],
       [80.],
       [80.],
       [80.],
       [80.],
       [80.],
       [80.],
       [80.],
       [80.],
       [80.],
       [80.],
       [80.],
       [80.],
       [80.],
       [80.],
       [80.],
       [80.],
       [80.],
       [80.],
       [80.],
       [80.],
       [80.],
       [80.],
       [80.],
       [80.],
       [80.],
       [80.],
       [80.],
       [80.],
       [80.],
       [80.],
       [80.],
       [80.],
       [80.],
       [80.],
       [80.],
       [80.],
       [80.],
       [80.],
       [80.],
       [80.],
       [80.],
       [80.],
       [80.],
       [80.],
       [80.],
       [80.],
       [80.],
       [80.],
       [80.],
       [80.],
       [80.],
       [80.],
       [80.],
       [80.],
       [80.],
       [80.],
       [80.],
       [80.],
       [80.],
       [80.],
       [80.],
       [80.],
       [80.]]), 'dt': 0.01, 'N': 400, 'l': 1e-05}","{'Q': 421.05263157894734, 'gbar': 10.526315789473683, 'T': 10000, 'supervisor': array([[-1.89214982e-17],
       [ 4.44288287e-04],
       [ 8.88576529e-04],
       ...,
       [-1.33286468e-03],
       [-8.88576529e-04],
       [-4.44288287e-04]]), 'BIAS': array([[80.],
       [80.],
       [80.],
       [80.],
       [80.],
       [80.],
       [80.],
       [80.],
       [80.],
       [80.],
       [80.],
       [80.],
       [80.],
       [80.],
       [80.],
       [80.],
       [80.],
       [80.],
       [80.],
       [80.],
       [80.],
       [80.],
       [80.],
       [80.],
       [80.],
       [80.],
       [80.],
       [80.],
       [80.],
       [80.],
       [80.],
       [80.],
       [80.],
       [80.],
       [80.],
       [80.],
       [80.],
       [80.],
       [80.],
       [80.],
       [80.],
       [80.],
       [80.],
       [80.],
       [80.],
       [80.],
       [80.],
       [80.],
       [80.],
       [80.],
       [80.],
       [80.],
       [80.],
       [80.],
       [80.],
       [80.],
       [80.],
       [80.],
       [80.],
       [80.],
       [80.],
       [80.],
       [80.],
       [80.],
       [80.],
       [80.],
       [80.],
       [80.],
       [80.],
       [80.],
       [80.],
       [80.],
       [80.],
       [80.],
       [80.],
       [80.],
       [80.],
       [80.],
       [80.],
       [80.],
       [80.],
       [80.],
       [80.],
       [80.],
       [80.],
       [80.],
       [80.],
       [80.],
       [80.],
       [80.],
       [80.],
       [80.],
       [80.],
       [80.],
       [80.],
       [80.],
       [80.],
       [80.],
       [80.],
       [80.],
       [80.],
       [80.],
       [80.],
       [80.],
       [80.],
       [80.],
       [80.],
       [80.],
       [80.],
       [80.],
       [80.],
       [80.],
       [80.],
       [80.],
       [80.],
       [80.],
       [80.],
       [80.],
       [80.],
       [80.],
       [80.],
       [80.],
       [80.],
       [80.],
       [80.],
       [80.],
       [80.],
       [80.],
       [80.],
       [80.],
       [80.],
       [80.],
       [80.],
       [80.],
       [80.],
       [80.],
       [80.],
       [80.],
       [80.],
       [80.],
       [80.],
       [80.],
       [80.],
       [80.],
       [80.],
       [80.],
       [80.],
       [80.],
       [80.],
       [80.],
       [80.],
       [80.],
       [80.],
       [80.],
       [80.],
       [80.],
       [80.],
       [80.],
       [80.],
       [80.],
       [80.],
       [80.],
       [80.],
       [80.],
       [80.],
       [80.],
       [80.],
       [80.],
       [80.],
       [80.],
       [80.],
       [80.],
       [80.],
       [80.],
       [80.],
       [80.],
       [80.],
       [80.],
       [80.],
       [80.],
       [80.],
       [80.],
       [80.],
       [80.],
       [80.],
       [80.],
       [80.],
       [80.],
       [80.],
       [80.],
       [80.],
       [80.],
       [80.],
       [80.],
       [80.],
       [80.],
       [80.],
       [80.],
       [80.],
       [80.],
       [80.],
       [80.],
       [80.],
       [80.],
       [80.],
       [80.],
       [80.],
       [80.],
       [80.],
       [80.],
       [80.],
       [80.],
       [80.],
       [80.],
       [80.],
       [80.],
       [80.],
       [80.],
       [80.],
       [80.],
       [80.],
       [80.],
       [80.],
       [80.],
       [80.],
       [80.],
       [80.],
       [80.],
       [80.],
       [80.],
       [80.],
       [80.],
       [80.],
       [80.],
       [80.],
       [80.],
       [80.],
       [80.],
       [80.],
       [80.],
       [80.],
       [80.],
       [80.],
       [80.],
       [80.],
       [80.],
       [80.],
       [80.],
       [80.],
       [80.],
       [80.],
       [80.],
       [80.],
       [80.],
       [80.],
       [80.],
       [80.],
       [80.],
       [80.],
       [80.],
       [80.],
       [80.],
       [80.],
       [80.],
       [80.],
       [80.],
       [80.],
       [80.],
       [80.],
       [80.],
       [80.],
       [80.],
       [80.],
       [80.],
       [80.],
       [80.],
       [80.],
       [80.],
       [80.],
       [80.],
       [80.],
       [80.],
       [80.],
       [80.],
       [80.],
       [80.],
       [80.],
       [80.],
       [80.],
       [80.],
       [80.],
       [80.],
       [80.],
       [80.],
       [80.],
       [80.],
       [80.],
       [80.],
       [80.],
       [80.],
       [80.],
       [80.],
       [80.],
       [80.],
       [80.],
       [80.],
       [80.],
       [80.],
       [80.],
       [80.],
       [80.],
       [80.],
       [80.],
       [80.],
       [80.],
       [80.],
       [80.],
       [80.],
       [80.],
       [80.],
       [80.],
       [80.],
       [80.],
       [80.],
       [80.],
       [80.],
       [80.],
       [80.],
       [80.],
       [80.],
       [80.],
       [80.],
       [80.],
       [80.],
       [80.],
       [80.],
       [80.],
       [80.],
       [80.],
       [80.],
       [80.],
       [80.],
       [80.],
       [80.],
       [80.],
       [80.],
       [80.],
       [80.],
       [80.],
       [80.],
       [80.],
       [80.],
       [80.],
       [80.],
       [80.],
       [80.],
       [80.],
       [80.],
       [80.],
       [80.],
       [80.],
       [80.],
       [80.],
       [80.],
       [80.],
       [80.],
       [80.],
       [80.],
       [80.],
       [80.],
       [80.],
       [80.],
       [80.],
       [80.],
       [80.],
       [80.],
       [80.],
       [80.],
       [80.],
       [80.],
       [80.],
       [80.],
       [80.],
       [80.],
       [80.],
       [80.],
       [80.],
       [80.],
       [80.],
       [80.],
       [80.],
       [80.],
       [80.],
       [80.],
       [80.],
       [80.],
       [80.],
       [80.],
       [80.],
       [80.]]), 'dt': 0.01, 'N': 400, 'l': 1e-05}","{'Q': 421.05263157894734, 'gbar': 11.578947368421051, 'T': 10000, 'supervisor': array([[-1.89214982e-17],
       [ 4.44288287e-04],
       [ 8.88576529e-04],
       ...,
       [-1.33286468e-03],
       [-8.88576529e-04],
       [-4.44288287e-04]]), 'BIAS': array([[80.],
       [80.],
       [80.],
       [80.],
       [80.],
       [80.],
       [80.],
       [80.],
       [80.],
       [80.],
       [80.],
       [80.],
       [80.],
       [80.],
       [80.],
       [80.],
       [80.],
       [80.],
       [80.],
       [80.],
       [80.],
       [80.],
       [80.],
       [80.],
       [80.],
       [80.],
       [80.],
       [80.],
       [80.],
       [80.],
       [80.],
       [80.],
       [80.],
       [80.],
       [80.],
       [80.],
       [80.],
       [80.],
       [80.],
       [80.],
       [80.],
       [80.],
       [80.],
       [80.],
       [80.],
       [80.],
       [80.],
       [80.],
       [80.],
       [80.],
       [80.],
       [80.],
       [80.],
       [80.],
       [80.],
       [80.],
       [80.],
       [80.],
       [80.],
       [80.],
       [80.],
       [80.],
       [80.],
       [80.],
       [80.],
       [80.],
       [80.],
       [80.],
       [80.],
       [80.],
       [80.],
       [80.],
       [80.],
       [80.],
       [80.],
       [80.],
       [80.],
       [80.],
       [80.],
       [80.],
       [80.],
       [80.],
       [80.],
       [80.],
       [80.],
       [80.],
       [80.],
       [80.],
       [80.],
       [80.],
       [80.],
       [80.],
       [80.],
       [80.],
       [80.],
       [80.],
       [80.],
       [80.],
       [80.],
       [80.],
       [80.],
       [80.],
       [80.],
       [80.],
       [80.],
       [80.],
       [80.],
       [80.],
       [80.],
       [80.],
       [80.],
       [80.],
       [80.],
       [80.],
       [80.],
       [80.],
       [80.],
       [80.],
       [80.],
       [80.],
       [80.],
       [80.],
       [80.],
       [80.],
       [80.],
       [80.],
       [80.],
       [80.],
       [80.],
       [80.],
       [80.],
       [80.],
       [80.],
       [80.],
       [80.],
       [80.],
       [80.],
       [80.],
       [80.],
       [80.],
       [80.],
       [80.],
       [80.],
       [80.],
       [80.],
       [80.],
       [80.],
       [80.],
       [80.],
       [80.],
       [80.],
       [80.],
       [80.],
       [80.],
       [80.],
       [80.],
       [80.],
       [80.],
       [80.],
       [80.],
       [80.],
       [80.],
       [80.],
       [80.],
       [80.],
       [80.],
       [80.],
       [80.],
       [80.],
       [80.],
       [80.],
       [80.],
       [80.],
       [80.],
       [80.],
       [80.],
       [80.],
       [80.],
       [80.],
       [80.],
       [80.],
       [80.],
       [80.],
       [80.],
       [80.],
       [80.],
       [80.],
       [80.],
       [80.],
       [80.],
       [80.],
       [80.],
       [80.],
       [80.],
       [80.],
       [80.],
       [80.],
       [80.],
       [80.],
       [80.],
       [80.],
       [80.],
       [80.],
       [80.],
       [80.],
       [80.],
       [80.],
       [80.],
       [80.],
       [80.],
       [80.],
       [80.],
       [80.],
       [80.],
       [80.],
       [80.],
       [80.],
       [80.],
       [80.],
       [80.],
       [80.],
       [80.],
       [80.],
       [80.],
       [80.],
       [80.],
       [80.],
       [80.],
       [80.],
       [80.],
       [80.],
       [80.],
       [80.],
       [80.],
       [80.],
       [80.],
       [80.],
       [80.],
       [80.],
       [80.],
       [80.],
       [80.],
       [80.],
       [80.],
       [80.],
       [80.],
       [80.],
       [80.],
       [80.],
       [80.],
       [80.],
       [80.],
       [80.],
       [80.],
       [80.],
       [80.],
       [80.],
       [80.],
       [80.],
       [80.],
       [80.],
       [80.],
       [80.],
       [80.],
       [80.],
       [80.],
       [80.],
       [80.],
       [80.],
       [80.],
       [80.],
       [80.],
       [80.],
       [80.],
       [80.],
       [80.],
       [80.],
       [80.],
       [80.],
       [80.],
       [80.],
       [80.],
       [80.],
       [80.],
       [80.],
       [80.],
       [80.],
       [80.],
       [80.],
       [80.],
       [80.],
       [80.],
       [80.],
       [80.],
       [80.],
       [80.],
       [80.],
       [80.],
       [80.],
       [80.],
       [80.],
       [80.],
       [80.],
       [80.],
       [80.],
       [80.],
       [80.],
       [80.],
       [80.],
       [80.],
       [80.],
       [80.],
       [80.],
       [80.],
       [80.],
       [80.],
       [80.],
       [80.],
       [80.],
       [80.],
       [80.],
       [80.],
       [80.],
       [80.],
       [80.],
       [80.],
       [80.],
       [80.],
       [80.],
       [80.],
       [80.],
       [80.],
       [80.],
       [80.],
       [80.],
       [80.],
       [80.],
       [80.],
       [80.],
       [80.],
       [80.],
       [80.],
       [80.],
       [80.],
       [80.],
       [80.],
       [80.],
       [80.],
       [80.],
       [80.],
       [80.],
       [80.],
       [80.],
       [80.],
       [80.],
       [80.],
       [80.],
       [80.],
       [80.],
       [80.],
       [80.],
       [80.],
       [80.],
       [80.],
       [80.],
       [80.],
       [80.],
       [80.],
       [80.],
       [80.],
       [80.],
       [80.],
       [80.],
       [80.],
       [80.],
       [80.],
       [80.],
       [80.],
       [80.],
       [80.],
       [80.],
       [80.],
       [80.],
       [80.],
       [80.],
       [80.],
       [80.],
       [80.],
       [80.],
       [80.],
       [80.],
       [80.],
       [80.],
       [80.],
       [80.],
       [80.],
       [80.],
       [80.],
       [80.],
       [80.]]), 'dt': 0.01, 'N': 400, 'l': 1e-05}","{'Q': 421.05263157894734, 'gbar': 12.631578947368421, 'T': 10000, 'supervisor': array([[-1.89214982e-17],
       [ 4.44288287e-04],
       [ 8.88576529e-04],
       ...,
       [-1.33286468e-03],
       [-8.88576529e-04],
       [-4.44288287e-04]]), 'BIAS': array([[80.],
       [80.],
       [80.],
       [80.],
       [80.],
       [80.],
       [80.],
       [80.],
       [80.],
       [80.],
       [80.],
       [80.],
       [80.],
       [80.],
       [80.],
       [80.],
       [80.],
       [80.],
       [80.],
       [80.],
       [80.],
       [80.],
       [80.],
       [80.],
       [80.],
       [80.],
       [80.],
       [80.],
       [80.],
       [80.],
       [80.],
       [80.],
       [80.],
       [80.],
       [80.],
       [80.],
       [80.],
       [80.],
       [80.],
       [80.],
       [80.],
       [80.],
       [80.],
       [80.],
       [80.],
       [80.],
       [80.],
       [80.],
       [80.],
       [80.],
       [80.],
       [80.],
       [80.],
       [80.],
       [80.],
       [80.],
       [80.],
       [80.],
       [80.],
       [80.],
       [80.],
       [80.],
       [80.],
       [80.],
       [80.],
       [80.],
       [80.],
       [80.],
       [80.],
       [80.],
       [80.],
       [80.],
       [80.],
       [80.],
       [80.],
       [80.],
       [80.],
       [80.],
       [80.],
       [80.],
       [80.],
       [80.],
       [80.],
       [80.],
       [80.],
       [80.],
       [80.],
       [80.],
       [80.],
       [80.],
       [80.],
       [80.],
       [80.],
       [80.],
       [80.],
       [80.],
       [80.],
       [80.],
       [80.],
       [80.],
       [80.],
       [80.],
       [80.],
       [80.],
       [80.],
       [80.],
       [80.],
       [80.],
       [80.],
       [80.],
       [80.],
       [80.],
       [80.],
       [80.],
       [80.],
       [80.],
       [80.],
       [80.],
       [80.],
       [80.],
       [80.],
       [80.],
       [80.],
       [80.],
       [80.],
       [80.],
       [80.],
       [80.],
       [80.],
       [80.],
       [80.],
       [80.],
       [80.],
       [80.],
       [80.],
       [80.],
       [80.],
       [80.],
       [80.],
       [80.],
       [80.],
       [80.],
       [80.],
       [80.],
       [80.],
       [80.],
       [80.],
       [80.],
       [80.],
       [80.],
       [80.],
       [80.],
       [80.],
       [80.],
       [80.],
       [80.],
       [80.],
       [80.],
       [80.],
       [80.],
       [80.],
       [80.],
       [80.],
       [80.],
       [80.],
       [80.],
       [80.],
       [80.],
       [80.],
       [80.],
       [80.],
       [80.],
       [80.],
       [80.],
       [80.],
       [80.],
       [80.],
       [80.],
       [80.],
       [80.],
       [80.],
       [80.],
       [80.],
       [80.],
       [80.],
       [80.],
       [80.],
       [80.],
       [80.],
       [80.],
       [80.],
       [80.],
       [80.],
       [80.],
       [80.],
       [80.],
       [80.],
       [80.],
       [80.],
       [80.],
       [80.],
       [80.],
       [80.],
       [80.],
       [80.],
       [80.],
       [80.],
       [80.],
       [80.],
       [80.],
       [80.],
       [80.],
       [80.],
       [80.],
       [80.],
       [80.],
       [80.],
       [80.],
       [80.],
       [80.],
       [80.],
       [80.],
       [80.],
       [80.],
       [80.],
       [80.],
       [80.],
       [80.],
       [80.],
       [80.],
       [80.],
       [80.],
       [80.],
       [80.],
       [80.],
       [80.],
       [80.],
       [80.],
       [80.],
       [80.],
       [80.],
       [80.],
       [80.],
       [80.],
       [80.],
       [80.],
       [80.],
       [80.],
       [80.],
       [80.],
       [80.],
       [80.],
       [80.],
       [80.],
       [80.],
       [80.],
       [80.],
       [80.],
       [80.],
       [80.],
       [80.],
       [80.],
       [80.],
       [80.],
       [80.],
       [80.],
       [80.],
       [80.],
       [80.],
       [80.],
       [80.],
       [80.],
       [80.],
       [80.],
       [80.],
       [80.],
       [80.],
       [80.],
       [80.],
       [80.],
       [80.],
       [80.],
       [80.],
       [80.],
       [80.],
       [80.],
       [80.],
       [80.],
       [80.],
       [80.],
       [80.],
       [80.],
       [80.],
       [80.],
       [80.],
       [80.],
       [80.],
       [80.],
       [80.],
       [80.],
       [80.],
       [80.],
       [80.],
       [80.],
       [80.],
       [80.],
       [80.],
       [80.],
       [80.],
       [80.],
       [80.],
       [80.],
       [80.],
       [80.],
       [80.],
       [80.],
       [80.],
       [80.],
       [80.],
       [80.],
       [80.],
       [80.],
       [80.],
       [80.],
       [80.],
       [80.],
       [80.],
       [80.],
       [80.],
       [80.],
       [80.],
       [80.],
       [80.],
       [80.],
       [80.],
       [80.],
       [80.],
       [80.],
       [80.],
       [80.],
       [80.],
       [80.],
       [80.],
       [80.],
       [80.],
       [80.],
       [80.],
       [80.],
       [80.],
       [80.],
       [80.],
       [80.],
       [80.],
       [80.],
       [80.],
       [80.],
       [80.],
       [80.],
       [80.],
       [80.],
       [80.],
       [80.],
       [80.],
       [80.],
       [80.],
       [80.],
       [80.],
       [80.],
       [80.],
       [80.],
       [80.],
       [80.],
       [80.],
       [80.],
       [80.],
       [80.],
       [80.],
       [80.],
       [80.],
       [80.],
       [80.],
       [80.],
       [80.],
       [80.],
       [80.],
       [80.],
       [80.],
       [80.],
       [80.],
       [80.],
       [80.],
       [80.],
       [80.],
       [80.],
       [80.],
       [80.],
       [80.],
       [80.],
       [80.],
       [80.]]), 'dt': 0.01, 'N': 400, 'l': 1e-05}","{'Q': 421.05263157894734, 'gbar': 13.68421052631579, 'T': 10000, 'supervisor': array([[-1.89214982e-17],
       [ 4.44288287e-04],
       [ 8.88576529e-04],
       ...,
       [-1.33286468e-03],
       [-8.88576529e-04],
       [-4.44288287e-04]]), 'BIAS': array([[80.],
       [80.],
       [80.],
       [80.],
       [80.],
       [80.],
       [80.],
       [80.],
       [80.],
       [80.],
       [80.],
       [80.],
       [80.],
       [80.],
       [80.],
       [80.],
       [80.],
       [80.],
       [80.],
       [80.],
       [80.],
       [80.],
       [80.],
       [80.],
       [80.],
       [80.],
       [80.],
       [80.],
       [80.],
       [80.],
       [80.],
       [80.],
       [80.],
       [80.],
       [80.],
       [80.],
       [80.],
       [80.],
       [80.],
       [80.],
       [80.],
       [80.],
       [80.],
       [80.],
       [80.],
       [80.],
       [80.],
       [80.],
       [80.],
       [80.],
       [80.],
       [80.],
       [80.],
       [80.],
       [80.],
       [80.],
       [80.],
       [80.],
       [80.],
       [80.],
       [80.],
       [80.],
       [80.],
       [80.],
       [80.],
       [80.],
       [80.],
       [80.],
       [80.],
       [80.],
       [80.],
       [80.],
       [80.],
       [80.],
       [80.],
       [80.],
       [80.],
       [80.],
       [80.],
       [80.],
       [80.],
       [80.],
       [80.],
       [80.],
       [80.],
       [80.],
       [80.],
       [80.],
       [80.],
       [80.],
       [80.],
       [80.],
       [80.],
       [80.],
       [80.],
       [80.],
       [80.],
       [80.],
       [80.],
       [80.],
       [80.],
       [80.],
       [80.],
       [80.],
       [80.],
       [80.],
       [80.],
       [80.],
       [80.],
       [80.],
       [80.],
       [80.],
       [80.],
       [80.],
       [80.],
       [80.],
       [80.],
       [80.],
       [80.],
       [80.],
       [80.],
       [80.],
       [80.],
       [80.],
       [80.],
       [80.],
       [80.],
       [80.],
       [80.],
       [80.],
       [80.],
       [80.],
       [80.],
       [80.],
       [80.],
       [80.],
       [80.],
       [80.],
       [80.],
       [80.],
       [80.],
       [80.],
       [80.],
       [80.],
       [80.],
       [80.],
       [80.],
       [80.],
       [80.],
       [80.],
       [80.],
       [80.],
       [80.],
       [80.],
       [80.],
       [80.],
       [80.],
       [80.],
       [80.],
       [80.],
       [80.],
       [80.],
       [80.],
       [80.],
       [80.],
       [80.],
       [80.],
       [80.],
       [80.],
       [80.],
       [80.],
       [80.],
       [80.],
       [80.],
       [80.],
       [80.],
       [80.],
       [80.],
       [80.],
       [80.],
       [80.],
       [80.],
       [80.],
       [80.],
       [80.],
       [80.],
       [80.],
       [80.],
       [80.],
       [80.],
       [80.],
       [80.],
       [80.],
       [80.],
       [80.],
       [80.],
       [80.],
       [80.],
       [80.],
       [80.],
       [80.],
       [80.],
       [80.],
       [80.],
       [80.],
       [80.],
       [80.],
       [80.],
       [80.],
       [80.],
       [80.],
       [80.],
       [80.],
       [80.],
       [80.],
       [80.],
       [80.],
       [80.],
       [80.],
       [80.],
       [80.],
       [80.],
       [80.],
       [80.],
       [80.],
       [80.],
       [80.],
       [80.],
       [80.],
       [80.],
       [80.],
       [80.],
       [80.],
       [80.],
       [80.],
       [80.],
       [80.],
       [80.],
       [80.],
       [80.],
       [80.],
       [80.],
       [80.],
       [80.],
       [80.],
       [80.],
       [80.],
       [80.],
       [80.],
       [80.],
       [80.],
       [80.],
       [80.],
       [80.],
       [80.],
       [80.],
       [80.],
       [80.],
       [80.],
       [80.],
       [80.],
       [80.],
       [80.],
       [80.],
       [80.],
       [80.],
       [80.],
       [80.],
       [80.],
       [80.],
       [80.],
       [80.],
       [80.],
       [80.],
       [80.],
       [80.],
       [80.],
       [80.],
       [80.],
       [80.],
       [80.],
       [80.],
       [80.],
       [80.],
       [80.],
       [80.],
       [80.],
       [80.],
       [80.],
       [80.],
       [80.],
       [80.],
       [80.],
       [80.],
       [80.],
       [80.],
       [80.],
       [80.],
       [80.],
       [80.],
       [80.],
       [80.],
       [80.],
       [80.],
       [80.],
       [80.],
       [80.],
       [80.],
       [80.],
       [80.],
       [80.],
       [80.],
       [80.],
       [80.],
       [80.],
       [80.],
       [80.],
       [80.],
       [80.],
       [80.],
       [80.],
       [80.],
       [80.],
       [80.],
       [80.],
       [80.],
       [80.],
       [80.],
       [80.],
       [80.],
       [80.],
       [80.],
       [80.],
       [80.],
       [80.],
       [80.],
       [80.],
       [80.],
       [80.],
       [80.],
       [80.],
       [80.],
       [80.],
       [80.],
       [80.],
       [80.],
       [80.],
       [80.],
       [80.],
       [80.],
       [80.],
       [80.],
       [80.],
       [80.],
       [80.],
       [80.],
       [80.],
       [80.],
       [80.],
       [80.],
       [80.],
       [80.],
       [80.],
       [80.],
       [80.],
       [80.],
       [80.],
       [80.],
       [80.],
       [80.],
       [80.],
       [80.],
       [80.],
       [80.],
       [80.],
       [80.],
       [80.],
       [80.],
       [80.],
       [80.],
       [80.],
       [80.],
       [80.],
       [80.],
       [80.],
       [80.],
       [80.],
       [80.],
       [80.],
       [80.],
       [80.],
       [80.],
       [80.],
       [80.],
       [80.],
       [80.],
       [80.],
       [80.],
       [80.],
       [80.]]), 'dt': 0.01, 'N': 400, 'l': 1e-05}","{'Q': 421.05263157894734, 'gbar': 14.736842105263158, 'T': 10000, 'supervisor': array([[-1.89214982e-17],
       [ 4.44288287e-04],
       [ 8.88576529e-04],
       ...,
       [-1.33286468e-03],
       [-8.88576529e-04],
       [-4.44288287e-04]]), 'BIAS': array([[80.],
       [80.],
       [80.],
       [80.],
       [80.],
       [80.],
       [80.],
       [80.],
       [80.],
       [80.],
       [80.],
       [80.],
       [80.],
       [80.],
       [80.],
       [80.],
       [80.],
       [80.],
       [80.],
       [80.],
       [80.],
       [80.],
       [80.],
       [80.],
       [80.],
       [80.],
       [80.],
       [80.],
       [80.],
       [80.],
       [80.],
       [80.],
       [80.],
       [80.],
       [80.],
       [80.],
       [80.],
       [80.],
       [80.],
       [80.],
       [80.],
       [80.],
       [80.],
       [80.],
       [80.],
       [80.],
       [80.],
       [80.],
       [80.],
       [80.],
       [80.],
       [80.],
       [80.],
       [80.],
       [80.],
       [80.],
       [80.],
       [80.],
       [80.],
       [80.],
       [80.],
       [80.],
       [80.],
       [80.],
       [80.],
       [80.],
       [80.],
       [80.],
       [80.],
       [80.],
       [80.],
       [80.],
       [80.],
       [80.],
       [80.],
       [80.],
       [80.],
       [80.],
       [80.],
       [80.],
       [80.],
       [80.],
       [80.],
       [80.],
       [80.],
       [80.],
       [80.],
       [80.],
       [80.],
       [80.],
       [80.],
       [80.],
       [80.],
       [80.],
       [80.],
       [80.],
       [80.],
       [80.],
       [80.],
       [80.],
       [80.],
       [80.],
       [80.],
       [80.],
       [80.],
       [80.],
       [80.],
       [80.],
       [80.],
       [80.],
       [80.],
       [80.],
       [80.],
       [80.],
       [80.],
       [80.],
       [80.],
       [80.],
       [80.],
       [80.],
       [80.],
       [80.],
       [80.],
       [80.],
       [80.],
       [80.],
       [80.],
       [80.],
       [80.],
       [80.],
       [80.],
       [80.],
       [80.],
       [80.],
       [80.],
       [80.],
       [80.],
       [80.],
       [80.],
       [80.],
       [80.],
       [80.],
       [80.],
       [80.],
       [80.],
       [80.],
       [80.],
       [80.],
       [80.],
       [80.],
       [80.],
       [80.],
       [80.],
       [80.],
       [80.],
       [80.],
       [80.],
       [80.],
       [80.],
       [80.],
       [80.],
       [80.],
       [80.],
       [80.],
       [80.],
       [80.],
       [80.],
       [80.],
       [80.],
       [80.],
       [80.],
       [80.],
       [80.],
       [80.],
       [80.],
       [80.],
       [80.],
       [80.],
       [80.],
       [80.],
       [80.],
       [80.],
       [80.],
       [80.],
       [80.],
       [80.],
       [80.],
       [80.],
       [80.],
       [80.],
       [80.],
       [80.],
       [80.],
       [80.],
       [80.],
       [80.],
       [80.],
       [80.],
       [80.],
       [80.],
       [80.],
       [80.],
       [80.],
       [80.],
       [80.],
       [80.],
       [80.],
       [80.],
       [80.],
       [80.],
       [80.],
       [80.],
       [80.],
       [80.],
       [80.],
       [80.],
       [80.],
       [80.],
       [80.],
       [80.],
       [80.],
       [80.],
       [80.],
       [80.],
       [80.],
       [80.],
       [80.],
       [80.],
       [80.],
       [80.],
       [80.],
       [80.],
       [80.],
       [80.],
       [80.],
       [80.],
       [80.],
       [80.],
       [80.],
       [80.],
       [80.],
       [80.],
       [80.],
       [80.],
       [80.],
       [80.],
       [80.],
       [80.],
       [80.],
       [80.],
       [80.],
       [80.],
       [80.],
       [80.],
       [80.],
       [80.],
       [80.],
       [80.],
       [80.],
       [80.],
       [80.],
       [80.],
       [80.],
       [80.],
       [80.],
       [80.],
       [80.],
       [80.],
       [80.],
       [80.],
       [80.],
       [80.],
       [80.],
       [80.],
       [80.],
       [80.],
       [80.],
       [80.],
       [80.],
       [80.],
       [80.],
       [80.],
       [80.],
       [80.],
       [80.],
       [80.],
       [80.],
       [80.],
       [80.],
       [80.],
       [80.],
       [80.],
       [80.],
       [80.],
       [80.],
       [80.],
       [80.],
       [80.],
       [80.],
       [80.],
       [80.],
       [80.],
       [80.],
       [80.],
       [80.],
       [80.],
       [80.],
       [80.],
       [80.],
       [80.],
       [80.],
       [80.],
       [80.],
       [80.],
       [80.],
       [80.],
       [80.],
       [80.],
       [80.],
       [80.],
       [80.],
       [80.],
       [80.],
       [80.],
       [80.],
       [80.],
       [80.],
       [80.],
       [80.],
       [80.],
       [80.],
       [80.],
       [80.],
       [80.],
       [80.],
       [80.],
       [80.],
       [80.],
       [80.],
       [80.],
       [80.],
       [80.],
       [80.],
       [80.],
       [80.],
       [80.],
       [80.],
       [80.],
       [80.],
       [80.],
       [80.],
       [80.],
       [80.],
       [80.],
       [80.],
       [80.],
       [80.],
       [80.],
       [80.],
       [80.],
       [80.],
       [80.],
       [80.],
       [80.],
       [80.],
       [80.],
       [80.],
       [80.],
       [80.],
       [80.],
       [80.],
       [80.],
       [80.],
       [80.],
       [80.],
       [80.],
       [80.],
       [80.],
       [80.],
       [80.],
       [80.],
       [80.],
       [80.],
       [80.],
       [80.],
       [80.],
       [80.],
       [80.],
       [80.],
       [80.],
       [80.],
       [80.],
       [80.],
       [80.],
       [80.],
       [80.],
       [80.],
       [80.],
       [80.],
       [80.]]), 'dt': 0.01, 'N': 400, 'l': 1e-05}","{'Q': 421.05263157894734, 'gbar': 15.789473684210526, 'T': 10000, 'supervisor': array([[-1.89214982e-17],
       [ 4.44288287e-04],
       [ 8.88576529e-04],
       ...,
       [-1.33286468e-03],
       [-8.88576529e-04],
       [-4.44288287e-04]]), 'BIAS': array([[80.],
       [80.],
       [80.],
       [80.],
       [80.],
       [80.],
       [80.],
       [80.],
       [80.],
       [80.],
       [80.],
       [80.],
       [80.],
       [80.],
       [80.],
       [80.],
       [80.],
       [80.],
       [80.],
       [80.],
       [80.],
       [80.],
       [80.],
       [80.],
       [80.],
       [80.],
       [80.],
       [80.],
       [80.],
       [80.],
       [80.],
       [80.],
       [80.],
       [80.],
       [80.],
       [80.],
       [80.],
       [80.],
       [80.],
       [80.],
       [80.],
       [80.],
       [80.],
       [80.],
       [80.],
       [80.],
       [80.],
       [80.],
       [80.],
       [80.],
       [80.],
       [80.],
       [80.],
       [80.],
       [80.],
       [80.],
       [80.],
       [80.],
       [80.],
       [80.],
       [80.],
       [80.],
       [80.],
       [80.],
       [80.],
       [80.],
       [80.],
       [80.],
       [80.],
       [80.],
       [80.],
       [80.],
       [80.],
       [80.],
       [80.],
       [80.],
       [80.],
       [80.],
       [80.],
       [80.],
       [80.],
       [80.],
       [80.],
       [80.],
       [80.],
       [80.],
       [80.],
       [80.],
       [80.],
       [80.],
       [80.],
       [80.],
       [80.],
       [80.],
       [80.],
       [80.],
       [80.],
       [80.],
       [80.],
       [80.],
       [80.],
       [80.],
       [80.],
       [80.],
       [80.],
       [80.],
       [80.],
       [80.],
       [80.],
       [80.],
       [80.],
       [80.],
       [80.],
       [80.],
       [80.],
       [80.],
       [80.],
       [80.],
       [80.],
       [80.],
       [80.],
       [80.],
       [80.],
       [80.],
       [80.],
       [80.],
       [80.],
       [80.],
       [80.],
       [80.],
       [80.],
       [80.],
       [80.],
       [80.],
       [80.],
       [80.],
       [80.],
       [80.],
       [80.],
       [80.],
       [80.],
       [80.],
       [80.],
       [80.],
       [80.],
       [80.],
       [80.],
       [80.],
       [80.],
       [80.],
       [80.],
       [80.],
       [80.],
       [80.],
       [80.],
       [80.],
       [80.],
       [80.],
       [80.],
       [80.],
       [80.],
       [80.],
       [80.],
       [80.],
       [80.],
       [80.],
       [80.],
       [80.],
       [80.],
       [80.],
       [80.],
       [80.],
       [80.],
       [80.],
       [80.],
       [80.],
       [80.],
       [80.],
       [80.],
       [80.],
       [80.],
       [80.],
       [80.],
       [80.],
       [80.],
       [80.],
       [80.],
       [80.],
       [80.],
       [80.],
       [80.],
       [80.],
       [80.],
       [80.],
       [80.],
       [80.],
       [80.],
       [80.],
       [80.],
       [80.],
       [80.],
       [80.],
       [80.],
       [80.],
       [80.],
       [80.],
       [80.],
       [80.],
       [80.],
       [80.],
       [80.],
       [80.],
       [80.],
       [80.],
       [80.],
       [80.],
       [80.],
       [80.],
       [80.],
       [80.],
       [80.],
       [80.],
       [80.],
       [80.],
       [80.],
       [80.],
       [80.],
       [80.],
       [80.],
       [80.],
       [80.],
       [80.],
       [80.],
       [80.],
       [80.],
       [80.],
       [80.],
       [80.],
       [80.],
       [80.],
       [80.],
       [80.],
       [80.],
       [80.],
       [80.],
       [80.],
       [80.],
       [80.],
       [80.],
       [80.],
       [80.],
       [80.],
       [80.],
       [80.],
       [80.],
       [80.],
       [80.],
       [80.],
       [80.],
       [80.],
       [80.],
       [80.],
       [80.],
       [80.],
       [80.],
       [80.],
       [80.],
       [80.],
       [80.],
       [80.],
       [80.],
       [80.],
       [80.],
       [80.],
       [80.],
       [80.],
       [80.],
       [80.],
       [80.],
       [80.],
       [80.],
       [80.],
       [80.],
       [80.],
       [80.],
       [80.],
       [80.],
       [80.],
       [80.],
       [80.],
       [80.],
       [80.],
       [80.],
       [80.],
       [80.],
       [80.],
       [80.],
       [80.],
       [80.],
       [80.],
       [80.],
       [80.],
       [80.],
       [80.],
       [80.],
       [80.],
       [80.],
       [80.],
       [80.],
       [80.],
       [80.],
       [80.],
       [80.],
       [80.],
       [80.],
       [80.],
       [80.],
       [80.],
       [80.],
       [80.],
       [80.],
       [80.],
       [80.],
       [80.],
       [80.],
       [80.],
       [80.],
       [80.],
       [80.],
       [80.],
       [80.],
       [80.],
       [80.],
       [80.],
       [80.],
       [80.],
       [80.],
       [80.],
       [80.],
       [80.],
       [80.],
       [80.],
       [80.],
       [80.],
       [80.],
       [80.],
       [80.],
       [80.],
       [80.],
       [80.],
       [80.],
       [80.],
       [80.],
       [80.],
       [80.],
       [80.],
       [80.],
       [80.],
       [80.],
       [80.],
       [80.],
       [80.],
       [80.],
       [80.],
       [80.],
       [80.],
       [80.],
       [80.],
       [80.],
       [80.],
       [80.],
       [80.],
       [80.],
       [80.],
       [80.],
       [80.],
       [80.],
       [80.],
       [80.],
       [80.],
       [80.],
       [80.],
       [80.],
       [80.],
       [80.],
       [80.],
       [80.],
       [80.],
       [80.],
       [80.],
       [80.],
       [80.],
       [80.],
       [80.],
       [80.],
       [80.],
       [80.],
       [80.],
       [80.],
       [80.]]), 'dt': 0.01, 'N': 400, 'l': 1e-05}","{'Q': 421.05263157894734, 'gbar': 16.842105263157894, 'T': 10000, 'supervisor': array([[-1.89214982e-17],
       [ 4.44288287e-04],
       [ 8.88576529e-04],
       ...,
       [-1.33286468e-03],
       [-8.88576529e-04],
       [-4.44288287e-04]]), 'BIAS': array([[80.],
       [80.],
       [80.],
       [80.],
       [80.],
       [80.],
       [80.],
       [80.],
       [80.],
       [80.],
       [80.],
       [80.],
       [80.],
       [80.],
       [80.],
       [80.],
       [80.],
       [80.],
       [80.],
       [80.],
       [80.],
       [80.],
       [80.],
       [80.],
       [80.],
       [80.],
       [80.],
       [80.],
       [80.],
       [80.],
       [80.],
       [80.],
       [80.],
       [80.],
       [80.],
       [80.],
       [80.],
       [80.],
       [80.],
       [80.],
       [80.],
       [80.],
       [80.],
       [80.],
       [80.],
       [80.],
       [80.],
       [80.],
       [80.],
       [80.],
       [80.],
       [80.],
       [80.],
       [80.],
       [80.],
       [80.],
       [80.],
       [80.],
       [80.],
       [80.],
       [80.],
       [80.],
       [80.],
       [80.],
       [80.],
       [80.],
       [80.],
       [80.],
       [80.],
       [80.],
       [80.],
       [80.],
       [80.],
       [80.],
       [80.],
       [80.],
       [80.],
       [80.],
       [80.],
       [80.],
       [80.],
       [80.],
       [80.],
       [80.],
       [80.],
       [80.],
       [80.],
       [80.],
       [80.],
       [80.],
       [80.],
       [80.],
       [80.],
       [80.],
       [80.],
       [80.],
       [80.],
       [80.],
       [80.],
       [80.],
       [80.],
       [80.],
       [80.],
       [80.],
       [80.],
       [80.],
       [80.],
       [80.],
       [80.],
       [80.],
       [80.],
       [80.],
       [80.],
       [80.],
       [80.],
       [80.],
       [80.],
       [80.],
       [80.],
       [80.],
       [80.],
       [80.],
       [80.],
       [80.],
       [80.],
       [80.],
       [80.],
       [80.],
       [80.],
       [80.],
       [80.],
       [80.],
       [80.],
       [80.],
       [80.],
       [80.],
       [80.],
       [80.],
       [80.],
       [80.],
       [80.],
       [80.],
       [80.],
       [80.],
       [80.],
       [80.],
       [80.],
       [80.],
       [80.],
       [80.],
       [80.],
       [80.],
       [80.],
       [80.],
       [80.],
       [80.],
       [80.],
       [80.],
       [80.],
       [80.],
       [80.],
       [80.],
       [80.],
       [80.],
       [80.],
       [80.],
       [80.],
       [80.],
       [80.],
       [80.],
       [80.],
       [80.],
       [80.],
       [80.],
       [80.],
       [80.],
       [80.],
       [80.],
       [80.],
       [80.],
       [80.],
       [80.],
       [80.],
       [80.],
       [80.],
       [80.],
       [80.],
       [80.],
       [80.],
       [80.],
       [80.],
       [80.],
       [80.],
       [80.],
       [80.],
       [80.],
       [80.],
       [80.],
       [80.],
       [80.],
       [80.],
       [80.],
       [80.],
       [80.],
       [80.],
       [80.],
       [80.],
       [80.],
       [80.],
       [80.],
       [80.],
       [80.],
       [80.],
       [80.],
       [80.],
       [80.],
       [80.],
       [80.],
       [80.],
       [80.],
       [80.],
       [80.],
       [80.],
       [80.],
       [80.],
       [80.],
       [80.],
       [80.],
       [80.],
       [80.],
       [80.],
       [80.],
       [80.],
       [80.],
       [80.],
       [80.],
       [80.],
       [80.],
       [80.],
       [80.],
       [80.],
       [80.],
       [80.],
       [80.],
       [80.],
       [80.],
       [80.],
       [80.],
       [80.],
       [80.],
       [80.],
       [80.],
       [80.],
       [80.],
       [80.],
       [80.],
       [80.],
       [80.],
       [80.],
       [80.],
       [80.],
       [80.],
       [80.],
       [80.],
       [80.],
       [80.],
       [80.],
       [80.],
       [80.],
       [80.],
       [80.],
       [80.],
       [80.],
       [80.],
       [80.],
       [80.],
       [80.],
       [80.],
       [80.],
       [80.],
       [80.],
       [80.],
       [80.],
       [80.],
       [80.],
       [80.],
       [80.],
       [80.],
       [80.],
       [80.],
       [80.],
       [80.],
       [80.],
       [80.],
       [80.],
       [80.],
       [80.],
       [80.],
       [80.],
       [80.],
       [80.],
       [80.],
       [80.],
       [80.],
       [80.],
       [80.],
       [80.],
       [80.],
       [80.],
       [80.],
       [80.],
       [80.],
       [80.],
       [80.],
       [80.],
       [80.],
       [80.],
       [80.],
       [80.],
       [80.],
       [80.],
       [80.],
       [80.],
       [80.],
       [80.],
       [80.],
       [80.],
       [80.],
       [80.],
       [80.],
       [80.],
       [80.],
       [80.],
       [80.],
       [80.],
       [80.],
       [80.],
       [80.],
       [80.],
       [80.],
       [80.],
       [80.],
       [80.],
       [80.],
       [80.],
       [80.],
       [80.],
       [80.],
       [80.],
       [80.],
       [80.],
       [80.],
       [80.],
       [80.],
       [80.],
       [80.],
       [80.],
       [80.],
       [80.],
       [80.],
       [80.],
       [80.],
       [80.],
       [80.],
       [80.],
       [80.],
       [80.],
       [80.],
       [80.],
       [80.],
       [80.],
       [80.],
       [80.],
       [80.],
       [80.],
       [80.],
       [80.],
       [80.],
       [80.],
       [80.],
       [80.],
       [80.],
       [80.],
       [80.],
       [80.],
       [80.],
       [80.],
       [80.],
       [80.],
       [80.],
       [80.],
       [80.],
       [80.],
       [80.],
       [80.],
       [80.],
       [80.],
       [80.],
       [80.],
       [80.]]), 'dt': 0.01, 'N': 400, 'l': 1e-05}","{'Q': 421.05263157894734, 'gbar': 17.894736842105264, 'T': 10000, 'supervisor': array([[-1.89214982e-17],
       [ 4.44288287e-04],
       [ 8.88576529e-04],
       ...,
       [-1.33286468e-03],
       [-8.88576529e-04],
       [-4.44288287e-04]]), 'BIAS': array([[80.],
       [80.],
       [80.],
       [80.],
       [80.],
       [80.],
       [80.],
       [80.],
       [80.],
       [80.],
       [80.],
       [80.],
       [80.],
       [80.],
       [80.],
       [80.],
       [80.],
       [80.],
       [80.],
       [80.],
       [80.],
       [80.],
       [80.],
       [80.],
       [80.],
       [80.],
       [80.],
       [80.],
       [80.],
       [80.],
       [80.],
       [80.],
       [80.],
       [80.],
       [80.],
       [80.],
       [80.],
       [80.],
       [80.],
       [80.],
       [80.],
       [80.],
       [80.],
       [80.],
       [80.],
       [80.],
       [80.],
       [80.],
       [80.],
       [80.],
       [80.],
       [80.],
       [80.],
       [80.],
       [80.],
       [80.],
       [80.],
       [80.],
       [80.],
       [80.],
       [80.],
       [80.],
       [80.],
       [80.],
       [80.],
       [80.],
       [80.],
       [80.],
       [80.],
       [80.],
       [80.],
       [80.],
       [80.],
       [80.],
       [80.],
       [80.],
       [80.],
       [80.],
       [80.],
       [80.],
       [80.],
       [80.],
       [80.],
       [80.],
       [80.],
       [80.],
       [80.],
       [80.],
       [80.],
       [80.],
       [80.],
       [80.],
       [80.],
       [80.],
       [80.],
       [80.],
       [80.],
       [80.],
       [80.],
       [80.],
       [80.],
       [80.],
       [80.],
       [80.],
       [80.],
       [80.],
       [80.],
       [80.],
       [80.],
       [80.],
       [80.],
       [80.],
       [80.],
       [80.],
       [80.],
       [80.],
       [80.],
       [80.],
       [80.],
       [80.],
       [80.],
       [80.],
       [80.],
       [80.],
       [80.],
       [80.],
       [80.],
       [80.],
       [80.],
       [80.],
       [80.],
       [80.],
       [80.],
       [80.],
       [80.],
       [80.],
       [80.],
       [80.],
       [80.],
       [80.],
       [80.],
       [80.],
       [80.],
       [80.],
       [80.],
       [80.],
       [80.],
       [80.],
       [80.],
       [80.],
       [80.],
       [80.],
       [80.],
       [80.],
       [80.],
       [80.],
       [80.],
       [80.],
       [80.],
       [80.],
       [80.],
       [80.],
       [80.],
       [80.],
       [80.],
       [80.],
       [80.],
       [80.],
       [80.],
       [80.],
       [80.],
       [80.],
       [80.],
       [80.],
       [80.],
       [80.],
       [80.],
       [80.],
       [80.],
       [80.],
       [80.],
       [80.],
       [80.],
       [80.],
       [80.],
       [80.],
       [80.],
       [80.],
       [80.],
       [80.],
       [80.],
       [80.],
       [80.],
       [80.],
       [80.],
       [80.],
       [80.],
       [80.],
       [80.],
       [80.],
       [80.],
       [80.],
       [80.],
       [80.],
       [80.],
       [80.],
       [80.],
       [80.],
       [80.],
       [80.],
       [80.],
       [80.],
       [80.],
       [80.],
       [80.],
       [80.],
       [80.],
       [80.],
       [80.],
       [80.],
       [80.],
       [80.],
       [80.],
       [80.],
       [80.],
       [80.],
       [80.],
       [80.],
       [80.],
       [80.],
       [80.],
       [80.],
       [80.],
       [80.],
       [80.],
       [80.],
       [80.],
       [80.],
       [80.],
       [80.],
       [80.],
       [80.],
       [80.],
       [80.],
       [80.],
       [80.],
       [80.],
       [80.],
       [80.],
       [80.],
       [80.],
       [80.],
       [80.],
       [80.],
       [80.],
       [80.],
       [80.],
       [80.],
       [80.],
       [80.],
       [80.],
       [80.],
       [80.],
       [80.],
       [80.],
       [80.],
       [80.],
       [80.],
       [80.],
       [80.],
       [80.],
       [80.],
       [80.],
       [80.],
       [80.],
       [80.],
       [80.],
       [80.],
       [80.],
       [80.],
       [80.],
       [80.],
       [80.],
       [80.],
       [80.],
       [80.],
       [80.],
       [80.],
       [80.],
       [80.],
       [80.],
       [80.],
       [80.],
       [80.],
       [80.],
       [80.],
       [80.],
       [80.],
       [80.],
       [80.],
       [80.],
       [80.],
       [80.],
       [80.],
       [80.],
       [80.],
       [80.],
       [80.],
       [80.],
       [80.],
       [80.],
       [80.],
       [80.],
       [80.],
       [80.],
       [80.],
       [80.],
       [80.],
       [80.],
       [80.],
       [80.],
       [80.],
       [80.],
       [80.],
       [80.],
       [80.],
       [80.],
       [80.],
       [80.],
       [80.],
       [80.],
       [80.],
       [80.],
       [80.],
       [80.],
       [80.],
       [80.],
       [80.],
       [80.],
       [80.],
       [80.],
       [80.],
       [80.],
       [80.],
       [80.],
       [80.],
       [80.],
       [80.],
       [80.],
       [80.],
       [80.],
       [80.],
       [80.],
       [80.],
       [80.],
       [80.],
       [80.],
       [80.],
       [80.],
       [80.],
       [80.],
       [80.],
       [80.],
       [80.],
       [80.],
       [80.],
       [80.],
       [80.],
       [80.],
       [80.],
       [80.],
       [80.],
       [80.],
       [80.],
       [80.],
       [80.],
       [80.],
       [80.],
       [80.],
       [80.],
       [80.],
       [80.],
       [80.],
       [80.],
       [80.],
       [80.],
       [80.],
       [80.],
       [80.],
       [80.],
       [80.],
       [80.],
       [80.],
       [80.],
       [80.],
       [80.],
       [80.],
       [80.],
       [80.],
       [80.]]), 'dt': 0.01, 'N': 400, 'l': 1e-05}","{'Q': 421.05263157894734, 'gbar': 18.94736842105263, 'T': 10000, 'supervisor': array([[-1.89214982e-17],
       [ 4.44288287e-04],
       [ 8.88576529e-04],
       ...,
       [-1.33286468e-03],
       [-8.88576529e-04],
       [-4.44288287e-04]]), 'BIAS': array([[80.],
       [80.],
       [80.],
       [80.],
       [80.],
       [80.],
       [80.],
       [80.],
       [80.],
       [80.],
       [80.],
       [80.],
       [80.],
       [80.],
       [80.],
       [80.],
       [80.],
       [80.],
       [80.],
       [80.],
       [80.],
       [80.],
       [80.],
       [80.],
       [80.],
       [80.],
       [80.],
       [80.],
       [80.],
       [80.],
       [80.],
       [80.],
       [80.],
       [80.],
       [80.],
       [80.],
       [80.],
       [80.],
       [80.],
       [80.],
       [80.],
       [80.],
       [80.],
       [80.],
       [80.],
       [80.],
       [80.],
       [80.],
       [80.],
       [80.],
       [80.],
       [80.],
       [80.],
       [80.],
       [80.],
       [80.],
       [80.],
       [80.],
       [80.],
       [80.],
       [80.],
       [80.],
       [80.],
       [80.],
       [80.],
       [80.],
       [80.],
       [80.],
       [80.],
       [80.],
       [80.],
       [80.],
       [80.],
       [80.],
       [80.],
       [80.],
       [80.],
       [80.],
       [80.],
       [80.],
       [80.],
       [80.],
       [80.],
       [80.],
       [80.],
       [80.],
       [80.],
       [80.],
       [80.],
       [80.],
       [80.],
       [80.],
       [80.],
       [80.],
       [80.],
       [80.],
       [80.],
       [80.],
       [80.],
       [80.],
       [80.],
       [80.],
       [80.],
       [80.],
       [80.],
       [80.],
       [80.],
       [80.],
       [80.],
       [80.],
       [80.],
       [80.],
       [80.],
       [80.],
       [80.],
       [80.],
       [80.],
       [80.],
       [80.],
       [80.],
       [80.],
       [80.],
       [80.],
       [80.],
       [80.],
       [80.],
       [80.],
       [80.],
       [80.],
       [80.],
       [80.],
       [80.],
       [80.],
       [80.],
       [80.],
       [80.],
       [80.],
       [80.],
       [80.],
       [80.],
       [80.],
       [80.],
       [80.],
       [80.],
       [80.],
       [80.],
       [80.],
       [80.],
       [80.],
       [80.],
       [80.],
       [80.],
       [80.],
       [80.],
       [80.],
       [80.],
       [80.],
       [80.],
       [80.],
       [80.],
       [80.],
       [80.],
       [80.],
       [80.],
       [80.],
       [80.],
       [80.],
       [80.],
       [80.],
       [80.],
       [80.],
       [80.],
       [80.],
       [80.],
       [80.],
       [80.],
       [80.],
       [80.],
       [80.],
       [80.],
       [80.],
       [80.],
       [80.],
       [80.],
       [80.],
       [80.],
       [80.],
       [80.],
       [80.],
       [80.],
       [80.],
       [80.],
       [80.],
       [80.],
       [80.],
       [80.],
       [80.],
       [80.],
       [80.],
       [80.],
       [80.],
       [80.],
       [80.],
       [80.],
       [80.],
       [80.],
       [80.],
       [80.],
       [80.],
       [80.],
       [80.],
       [80.],
       [80.],
       [80.],
       [80.],
       [80.],
       [80.],
       [80.],
       [80.],
       [80.],
       [80.],
       [80.],
       [80.],
       [80.],
       [80.],
       [80.],
       [80.],
       [80.],
       [80.],
       [80.],
       [80.],
       [80.],
       [80.],
       [80.],
       [80.],
       [80.],
       [80.],
       [80.],
       [80.],
       [80.],
       [80.],
       [80.],
       [80.],
       [80.],
       [80.],
       [80.],
       [80.],
       [80.],
       [80.],
       [80.],
       [80.],
       [80.],
       [80.],
       [80.],
       [80.],
       [80.],
       [80.],
       [80.],
       [80.],
       [80.],
       [80.],
       [80.],
       [80.],
       [80.],
       [80.],
       [80.],
       [80.],
       [80.],
       [80.],
       [80.],
       [80.],
       [80.],
       [80.],
       [80.],
       [80.],
       [80.],
       [80.],
       [80.],
       [80.],
       [80.],
       [80.],
       [80.],
       [80.],
       [80.],
       [80.],
       [80.],
       [80.],
       [80.],
       [80.],
       [80.],
       [80.],
       [80.],
       [80.],
       [80.],
       [80.],
       [80.],
       [80.],
       [80.],
       [80.],
       [80.],
       [80.],
       [80.],
       [80.],
       [80.],
       [80.],
       [80.],
       [80.],
       [80.],
       [80.],
       [80.],
       [80.],
       [80.],
       [80.],
       [80.],
       [80.],
       [80.],
       [80.],
       [80.],
       [80.],
       [80.],
       [80.],
       [80.],
       [80.],
       [80.],
       [80.],
       [80.],
       [80.],
       [80.],
       [80.],
       [80.],
       [80.],
       [80.],
       [80.],
       [80.],
       [80.],
       [80.],
       [80.],
       [80.],
       [80.],
       [80.],
       [80.],
       [80.],
       [80.],
       [80.],
       [80.],
       [80.],
       [80.],
       [80.],
       [80.],
       [80.],
       [80.],
       [80.],
       [80.],
       [80.],
       [80.],
       [80.],
       [80.],
       [80.],
       [80.],
       [80.],
       [80.],
       [80.],
       [80.],
       [80.],
       [80.],
       [80.],
       [80.],
       [80.],
       [80.],
       [80.],
       [80.],
       [80.],
       [80.],
       [80.],
       [80.],
       [80.],
       [80.],
       [80.],
       [80.],
       [80.],
       [80.],
       [80.],
       [80.],
       [80.],
       [80.],
       [80.],
       [80.],
       [80.],
       [80.],
       [80.],
       [80.],
       [80.],
       [80.],
       [80.],
       [80.],
       [80.],
       [80.],
       [80.],
       [80.],
       [80.]]), 'dt': 0.01, 'N': 400, 'l': 1e-05}","{'Q': 421.05263157894734, 'gbar': 20.0, 'T': 10000, 'supervisor': array([[-1.89214982e-17],
       [ 4.44288287e-04],
       [ 8.88576529e-04],
       ...,
       [-1.33286468e-03],
       [-8.88576529e-04],
       [-4.44288287e-04]]), 'BIAS': array([[80.],
       [80.],
       [80.],
       [80.],
       [80.],
       [80.],
       [80.],
       [80.],
       [80.],
       [80.],
       [80.],
       [80.],
       [80.],
       [80.],
       [80.],
       [80.],
       [80.],
       [80.],
       [80.],
       [80.],
       [80.],
       [80.],
       [80.],
       [80.],
       [80.],
       [80.],
       [80.],
       [80.],
       [80.],
       [80.],
       [80.],
       [80.],
       [80.],
       [80.],
       [80.],
       [80.],
       [80.],
       [80.],
       [80.],
       [80.],
       [80.],
       [80.],
       [80.],
       [80.],
       [80.],
       [80.],
       [80.],
       [80.],
       [80.],
       [80.],
       [80.],
       [80.],
       [80.],
       [80.],
       [80.],
       [80.],
       [80.],
       [80.],
       [80.],
       [80.],
       [80.],
       [80.],
       [80.],
       [80.],
       [80.],
       [80.],
       [80.],
       [80.],
       [80.],
       [80.],
       [80.],
       [80.],
       [80.],
       [80.],
       [80.],
       [80.],
       [80.],
       [80.],
       [80.],
       [80.],
       [80.],
       [80.],
       [80.],
       [80.],
       [80.],
       [80.],
       [80.],
       [80.],
       [80.],
       [80.],
       [80.],
       [80.],
       [80.],
       [80.],
       [80.],
       [80.],
       [80.],
       [80.],
       [80.],
       [80.],
       [80.],
       [80.],
       [80.],
       [80.],
       [80.],
       [80.],
       [80.],
       [80.],
       [80.],
       [80.],
       [80.],
       [80.],
       [80.],
       [80.],
       [80.],
       [80.],
       [80.],
       [80.],
       [80.],
       [80.],
       [80.],
       [80.],
       [80.],
       [80.],
       [80.],
       [80.],
       [80.],
       [80.],
       [80.],
       [80.],
       [80.],
       [80.],
       [80.],
       [80.],
       [80.],
       [80.],
       [80.],
       [80.],
       [80.],
       [80.],
       [80.],
       [80.],
       [80.],
       [80.],
       [80.],
       [80.],
       [80.],
       [80.],
       [80.],
       [80.],
       [80.],
       [80.],
       [80.],
       [80.],
       [80.],
       [80.],
       [80.],
       [80.],
       [80.],
       [80.],
       [80.],
       [80.],
       [80.],
       [80.],
       [80.],
       [80.],
       [80.],
       [80.],
       [80.],
       [80.],
       [80.],
       [80.],
       [80.],
       [80.],
       [80.],
       [80.],
       [80.],
       [80.],
       [80.],
       [80.],
       [80.],
       [80.],
       [80.],
       [80.],
       [80.],
       [80.],
       [80.],
       [80.],
       [80.],
       [80.],
       [80.],
       [80.],
       [80.],
       [80.],
       [80.],
       [80.],
       [80.],
       [80.],
       [80.],
       [80.],
       [80.],
       [80.],
       [80.],
       [80.],
       [80.],
       [80.],
       [80.],
       [80.],
       [80.],
       [80.],
       [80.],
       [80.],
       [80.],
       [80.],
       [80.],
       [80.],
       [80.],
       [80.],
       [80.],
       [80.],
       [80.],
       [80.],
       [80.],
       [80.],
       [80.],
       [80.],
       [80.],
       [80.],
       [80.],
       [80.],
       [80.],
       [80.],
       [80.],
       [80.],
       [80.],
       [80.],
       [80.],
       [80.],
       [80.],
       [80.],
       [80.],
       [80.],
       [80.],
       [80.],
       [80.],
       [80.],
       [80.],
       [80.],
       [80.],
       [80.],
       [80.],
       [80.],
       [80.],
       [80.],
       [80.],
       [80.],
       [80.],
       [80.],
       [80.],
       [80.],
       [80.],
       [80.],
       [80.],
       [80.],
       [80.],
       [80.],
       [80.],
       [80.],
       [80.],
       [80.],
       [80.],
       [80.],
       [80.],
       [80.],
       [80.],
       [80.],
       [80.],
       [80.],
       [80.],
       [80.],
       [80.],
       [80.],
       [80.],
       [80.],
       [80.],
       [80.],
       [80.],
       [80.],
       [80.],
       [80.],
       [80.],
       [80.],
       [80.],
       [80.],
       [80.],
       [80.],
       [80.],
       [80.],
       [80.],
       [80.],
       [80.],
       [80.],
       [80.],
       [80.],
       [80.],
       [80.],
       [80.],
       [80.],
       [80.],
       [80.],
       [80.],
       [80.],
       [80.],
       [80.],
       [80.],
       [80.],
       [80.],
       [80.],
       [80.],
       [80.],
       [80.],
       [80.],
       [80.],
       [80.],
       [80.],
       [80.],
       [80.],
       [80.],
       [80.],
       [80.],
       [80.],
       [80.],
       [80.],
       [80.],
       [80.],
       [80.],
       [80.],
       [80.],
       [80.],
       [80.],
       [80.],
       [80.],
       [80.],
       [80.],
       [80.],
       [80.],
       [80.],
       [80.],
       [80.],
       [80.],
       [80.],
       [80.],
       [80.],
       [80.],
       [80.],
       [80.],
       [80.],
       [80.],
       [80.],
       [80.],
       [80.],
       [80.],
       [80.],
       [80.],
       [80.],
       [80.],
       [80.],
       [80.],
       [80.],
       [80.],
       [80.],
       [80.],
       [80.],
       [80.],
       [80.],
       [80.],
       [80.],
       [80.],
       [80.],
       [80.],
       [80.],
       [80.],
       [80.],
       [80.],
       [80.],
       [80.],
       [80.],
       [80.],
       [80.],
       [80.],
       [80.],
       [80.],
       [80.],
       [80.],
       [80.],
       [80.],
       [80.],
       [80.],
       [80.],
       [80.]]), 'dt': 0.01, 'N': 400, 'l': 1e-05}"
"{'Q': 447.36842105263156, 'gbar': 0.0, 'T': 10000, 'supervisor': array([[-1.89214982e-17],
       [ 4.44288287e-04],
       [ 8.88576529e-04],
       ...,
       [-1.33286468e-03],
       [-8.88576529e-04],
       [-4.44288287e-04]]), 'BIAS': array([[80.],
       [80.],
       [80.],
       [80.],
       [80.],
       [80.],
       [80.],
       [80.],
       [80.],
       [80.],
       [80.],
       [80.],
       [80.],
       [80.],
       [80.],
       [80.],
       [80.],
       [80.],
       [80.],
       [80.],
       [80.],
       [80.],
       [80.],
       [80.],
       [80.],
       [80.],
       [80.],
       [80.],
       [80.],
       [80.],
       [80.],
       [80.],
       [80.],
       [80.],
       [80.],
       [80.],
       [80.],
       [80.],
       [80.],
       [80.],
       [80.],
       [80.],
       [80.],
       [80.],
       [80.],
       [80.],
       [80.],
       [80.],
       [80.],
       [80.],
       [80.],
       [80.],
       [80.],
       [80.],
       [80.],
       [80.],
       [80.],
       [80.],
       [80.],
       [80.],
       [80.],
       [80.],
       [80.],
       [80.],
       [80.],
       [80.],
       [80.],
       [80.],
       [80.],
       [80.],
       [80.],
       [80.],
       [80.],
       [80.],
       [80.],
       [80.],
       [80.],
       [80.],
       [80.],
       [80.],
       [80.],
       [80.],
       [80.],
       [80.],
       [80.],
       [80.],
       [80.],
       [80.],
       [80.],
       [80.],
       [80.],
       [80.],
       [80.],
       [80.],
       [80.],
       [80.],
       [80.],
       [80.],
       [80.],
       [80.],
       [80.],
       [80.],
       [80.],
       [80.],
       [80.],
       [80.],
       [80.],
       [80.],
       [80.],
       [80.],
       [80.],
       [80.],
       [80.],
       [80.],
       [80.],
       [80.],
       [80.],
       [80.],
       [80.],
       [80.],
       [80.],
       [80.],
       [80.],
       [80.],
       [80.],
       [80.],
       [80.],
       [80.],
       [80.],
       [80.],
       [80.],
       [80.],
       [80.],
       [80.],
       [80.],
       [80.],
       [80.],
       [80.],
       [80.],
       [80.],
       [80.],
       [80.],
       [80.],
       [80.],
       [80.],
       [80.],
       [80.],
       [80.],
       [80.],
       [80.],
       [80.],
       [80.],
       [80.],
       [80.],
       [80.],
       [80.],
       [80.],
       [80.],
       [80.],
       [80.],
       [80.],
       [80.],
       [80.],
       [80.],
       [80.],
       [80.],
       [80.],
       [80.],
       [80.],
       [80.],
       [80.],
       [80.],
       [80.],
       [80.],
       [80.],
       [80.],
       [80.],
       [80.],
       [80.],
       [80.],
       [80.],
       [80.],
       [80.],
       [80.],
       [80.],
       [80.],
       [80.],
       [80.],
       [80.],
       [80.],
       [80.],
       [80.],
       [80.],
       [80.],
       [80.],
       [80.],
       [80.],
       [80.],
       [80.],
       [80.],
       [80.],
       [80.],
       [80.],
       [80.],
       [80.],
       [80.],
       [80.],
       [80.],
       [80.],
       [80.],
       [80.],
       [80.],
       [80.],
       [80.],
       [80.],
       [80.],
       [80.],
       [80.],
       [80.],
       [80.],
       [80.],
       [80.],
       [80.],
       [80.],
       [80.],
       [80.],
       [80.],
       [80.],
       [80.],
       [80.],
       [80.],
       [80.],
       [80.],
       [80.],
       [80.],
       [80.],
       [80.],
       [80.],
       [80.],
       [80.],
       [80.],
       [80.],
       [80.],
       [80.],
       [80.],
       [80.],
       [80.],
       [80.],
       [80.],
       [80.],
       [80.],
       [80.],
       [80.],
       [80.],
       [80.],
       [80.],
       [80.],
       [80.],
       [80.],
       [80.],
       [80.],
       [80.],
       [80.],
       [80.],
       [80.],
       [80.],
       [80.],
       [80.],
       [80.],
       [80.],
       [80.],
       [80.],
       [80.],
       [80.],
       [80.],
       [80.],
       [80.],
       [80.],
       [80.],
       [80.],
       [80.],
       [80.],
       [80.],
       [80.],
       [80.],
       [80.],
       [80.],
       [80.],
       [80.],
       [80.],
       [80.],
       [80.],
       [80.],
       [80.],
       [80.],
       [80.],
       [80.],
       [80.],
       [80.],
       [80.],
       [80.],
       [80.],
       [80.],
       [80.],
       [80.],
       [80.],
       [80.],
       [80.],
       [80.],
       [80.],
       [80.],
       [80.],
       [80.],
       [80.],
       [80.],
       [80.],
       [80.],
       [80.],
       [80.],
       [80.],
       [80.],
       [80.],
       [80.],
       [80.],
       [80.],
       [80.],
       [80.],
       [80.],
       [80.],
       [80.],
       [80.],
       [80.],
       [80.],
       [80.],
       [80.],
       [80.],
       [80.],
       [80.],
       [80.],
       [80.],
       [80.],
       [80.],
       [80.],
       [80.],
       [80.],
       [80.],
       [80.],
       [80.],
       [80.],
       [80.],
       [80.],
       [80.],
       [80.],
       [80.],
       [80.],
       [80.],
       [80.],
       [80.],
       [80.],
       [80.],
       [80.],
       [80.],
       [80.],
       [80.],
       [80.],
       [80.],
       [80.],
       [80.],
       [80.],
       [80.],
       [80.],
       [80.],
       [80.],
       [80.],
       [80.],
       [80.],
       [80.],
       [80.],
       [80.],
       [80.],
       [80.],
       [80.],
       [80.],
       [80.],
       [80.],
       [80.],
       [80.],
       [80.],
       [80.],
       [80.],
       [80.],
       [80.],
       [80.],
       [80.],
       [80.],
       [80.],
       [80.],
       [80.],
       [80.],
       [80.]]), 'dt': 0.01, 'N': 400, 'l': 1e-05}","{'Q': 447.36842105263156, 'gbar': 1.0526315789473684, 'T': 10000, 'supervisor': array([[-1.89214982e-17],
       [ 4.44288287e-04],
       [ 8.88576529e-04],
       ...,
       [-1.33286468e-03],
       [-8.88576529e-04],
       [-4.44288287e-04]]), 'BIAS': array([[80.],
       [80.],
       [80.],
       [80.],
       [80.],
       [80.],
       [80.],
       [80.],
       [80.],
       [80.],
       [80.],
       [80.],
       [80.],
       [80.],
       [80.],
       [80.],
       [80.],
       [80.],
       [80.],
       [80.],
       [80.],
       [80.],
       [80.],
       [80.],
       [80.],
       [80.],
       [80.],
       [80.],
       [80.],
       [80.],
       [80.],
       [80.],
       [80.],
       [80.],
       [80.],
       [80.],
       [80.],
       [80.],
       [80.],
       [80.],
       [80.],
       [80.],
       [80.],
       [80.],
       [80.],
       [80.],
       [80.],
       [80.],
       [80.],
       [80.],
       [80.],
       [80.],
       [80.],
       [80.],
       [80.],
       [80.],
       [80.],
       [80.],
       [80.],
       [80.],
       [80.],
       [80.],
       [80.],
       [80.],
       [80.],
       [80.],
       [80.],
       [80.],
       [80.],
       [80.],
       [80.],
       [80.],
       [80.],
       [80.],
       [80.],
       [80.],
       [80.],
       [80.],
       [80.],
       [80.],
       [80.],
       [80.],
       [80.],
       [80.],
       [80.],
       [80.],
       [80.],
       [80.],
       [80.],
       [80.],
       [80.],
       [80.],
       [80.],
       [80.],
       [80.],
       [80.],
       [80.],
       [80.],
       [80.],
       [80.],
       [80.],
       [80.],
       [80.],
       [80.],
       [80.],
       [80.],
       [80.],
       [80.],
       [80.],
       [80.],
       [80.],
       [80.],
       [80.],
       [80.],
       [80.],
       [80.],
       [80.],
       [80.],
       [80.],
       [80.],
       [80.],
       [80.],
       [80.],
       [80.],
       [80.],
       [80.],
       [80.],
       [80.],
       [80.],
       [80.],
       [80.],
       [80.],
       [80.],
       [80.],
       [80.],
       [80.],
       [80.],
       [80.],
       [80.],
       [80.],
       [80.],
       [80.],
       [80.],
       [80.],
       [80.],
       [80.],
       [80.],
       [80.],
       [80.],
       [80.],
       [80.],
       [80.],
       [80.],
       [80.],
       [80.],
       [80.],
       [80.],
       [80.],
       [80.],
       [80.],
       [80.],
       [80.],
       [80.],
       [80.],
       [80.],
       [80.],
       [80.],
       [80.],
       [80.],
       [80.],
       [80.],
       [80.],
       [80.],
       [80.],
       [80.],
       [80.],
       [80.],
       [80.],
       [80.],
       [80.],
       [80.],
       [80.],
       [80.],
       [80.],
       [80.],
       [80.],
       [80.],
       [80.],
       [80.],
       [80.],
       [80.],
       [80.],
       [80.],
       [80.],
       [80.],
       [80.],
       [80.],
       [80.],
       [80.],
       [80.],
       [80.],
       [80.],
       [80.],
       [80.],
       [80.],
       [80.],
       [80.],
       [80.],
       [80.],
       [80.],
       [80.],
       [80.],
       [80.],
       [80.],
       [80.],
       [80.],
       [80.],
       [80.],
       [80.],
       [80.],
       [80.],
       [80.],
       [80.],
       [80.],
       [80.],
       [80.],
       [80.],
       [80.],
       [80.],
       [80.],
       [80.],
       [80.],
       [80.],
       [80.],
       [80.],
       [80.],
       [80.],
       [80.],
       [80.],
       [80.],
       [80.],
       [80.],
       [80.],
       [80.],
       [80.],
       [80.],
       [80.],
       [80.],
       [80.],
       [80.],
       [80.],
       [80.],
       [80.],
       [80.],
       [80.],
       [80.],
       [80.],
       [80.],
       [80.],
       [80.],
       [80.],
       [80.],
       [80.],
       [80.],
       [80.],
       [80.],
       [80.],
       [80.],
       [80.],
       [80.],
       [80.],
       [80.],
       [80.],
       [80.],
       [80.],
       [80.],
       [80.],
       [80.],
       [80.],
       [80.],
       [80.],
       [80.],
       [80.],
       [80.],
       [80.],
       [80.],
       [80.],
       [80.],
       [80.],
       [80.],
       [80.],
       [80.],
       [80.],
       [80.],
       [80.],
       [80.],
       [80.],
       [80.],
       [80.],
       [80.],
       [80.],
       [80.],
       [80.],
       [80.],
       [80.],
       [80.],
       [80.],
       [80.],
       [80.],
       [80.],
       [80.],
       [80.],
       [80.],
       [80.],
       [80.],
       [80.],
       [80.],
       [80.],
       [80.],
       [80.],
       [80.],
       [80.],
       [80.],
       [80.],
       [80.],
       [80.],
       [80.],
       [80.],
       [80.],
       [80.],
       [80.],
       [80.],
       [80.],
       [80.],
       [80.],
       [80.],
       [80.],
       [80.],
       [80.],
       [80.],
       [80.],
       [80.],
       [80.],
       [80.],
       [80.],
       [80.],
       [80.],
       [80.],
       [80.],
       [80.],
       [80.],
       [80.],
       [80.],
       [80.],
       [80.],
       [80.],
       [80.],
       [80.],
       [80.],
       [80.],
       [80.],
       [80.],
       [80.],
       [80.],
       [80.],
       [80.],
       [80.],
       [80.],
       [80.],
       [80.],
       [80.],
       [80.],
       [80.],
       [80.],
       [80.],
       [80.],
       [80.],
       [80.],
       [80.],
       [80.],
       [80.],
       [80.],
       [80.],
       [80.],
       [80.],
       [80.],
       [80.],
       [80.],
       [80.],
       [80.],
       [80.],
       [80.],
       [80.],
       [80.],
       [80.],
       [80.],
       [80.],
       [80.],
       [80.],
       [80.]]), 'dt': 0.01, 'N': 400, 'l': 1e-05}","{'Q': 447.36842105263156, 'gbar': 2.1052631578947367, 'T': 10000, 'supervisor': array([[-1.89214982e-17],
       [ 4.44288287e-04],
       [ 8.88576529e-04],
       ...,
       [-1.33286468e-03],
       [-8.88576529e-04],
       [-4.44288287e-04]]), 'BIAS': array([[80.],
       [80.],
       [80.],
       [80.],
       [80.],
       [80.],
       [80.],
       [80.],
       [80.],
       [80.],
       [80.],
       [80.],
       [80.],
       [80.],
       [80.],
       [80.],
       [80.],
       [80.],
       [80.],
       [80.],
       [80.],
       [80.],
       [80.],
       [80.],
       [80.],
       [80.],
       [80.],
       [80.],
       [80.],
       [80.],
       [80.],
       [80.],
       [80.],
       [80.],
       [80.],
       [80.],
       [80.],
       [80.],
       [80.],
       [80.],
       [80.],
       [80.],
       [80.],
       [80.],
       [80.],
       [80.],
       [80.],
       [80.],
       [80.],
       [80.],
       [80.],
       [80.],
       [80.],
       [80.],
       [80.],
       [80.],
       [80.],
       [80.],
       [80.],
       [80.],
       [80.],
       [80.],
       [80.],
       [80.],
       [80.],
       [80.],
       [80.],
       [80.],
       [80.],
       [80.],
       [80.],
       [80.],
       [80.],
       [80.],
       [80.],
       [80.],
       [80.],
       [80.],
       [80.],
       [80.],
       [80.],
       [80.],
       [80.],
       [80.],
       [80.],
       [80.],
       [80.],
       [80.],
       [80.],
       [80.],
       [80.],
       [80.],
       [80.],
       [80.],
       [80.],
       [80.],
       [80.],
       [80.],
       [80.],
       [80.],
       [80.],
       [80.],
       [80.],
       [80.],
       [80.],
       [80.],
       [80.],
       [80.],
       [80.],
       [80.],
       [80.],
       [80.],
       [80.],
       [80.],
       [80.],
       [80.],
       [80.],
       [80.],
       [80.],
       [80.],
       [80.],
       [80.],
       [80.],
       [80.],
       [80.],
       [80.],
       [80.],
       [80.],
       [80.],
       [80.],
       [80.],
       [80.],
       [80.],
       [80.],
       [80.],
       [80.],
       [80.],
       [80.],
       [80.],
       [80.],
       [80.],
       [80.],
       [80.],
       [80.],
       [80.],
       [80.],
       [80.],
       [80.],
       [80.],
       [80.],
       [80.],
       [80.],
       [80.],
       [80.],
       [80.],
       [80.],
       [80.],
       [80.],
       [80.],
       [80.],
       [80.],
       [80.],
       [80.],
       [80.],
       [80.],
       [80.],
       [80.],
       [80.],
       [80.],
       [80.],
       [80.],
       [80.],
       [80.],
       [80.],
       [80.],
       [80.],
       [80.],
       [80.],
       [80.],
       [80.],
       [80.],
       [80.],
       [80.],
       [80.],
       [80.],
       [80.],
       [80.],
       [80.],
       [80.],
       [80.],
       [80.],
       [80.],
       [80.],
       [80.],
       [80.],
       [80.],
       [80.],
       [80.],
       [80.],
       [80.],
       [80.],
       [80.],
       [80.],
       [80.],
       [80.],
       [80.],
       [80.],
       [80.],
       [80.],
       [80.],
       [80.],
       [80.],
       [80.],
       [80.],
       [80.],
       [80.],
       [80.],
       [80.],
       [80.],
       [80.],
       [80.],
       [80.],
       [80.],
       [80.],
       [80.],
       [80.],
       [80.],
       [80.],
       [80.],
       [80.],
       [80.],
       [80.],
       [80.],
       [80.],
       [80.],
       [80.],
       [80.],
       [80.],
       [80.],
       [80.],
       [80.],
       [80.],
       [80.],
       [80.],
       [80.],
       [80.],
       [80.],
       [80.],
       [80.],
       [80.],
       [80.],
       [80.],
       [80.],
       [80.],
       [80.],
       [80.],
       [80.],
       [80.],
       [80.],
       [80.],
       [80.],
       [80.],
       [80.],
       [80.],
       [80.],
       [80.],
       [80.],
       [80.],
       [80.],
       [80.],
       [80.],
       [80.],
       [80.],
       [80.],
       [80.],
       [80.],
       [80.],
       [80.],
       [80.],
       [80.],
       [80.],
       [80.],
       [80.],
       [80.],
       [80.],
       [80.],
       [80.],
       [80.],
       [80.],
       [80.],
       [80.],
       [80.],
       [80.],
       [80.],
       [80.],
       [80.],
       [80.],
       [80.],
       [80.],
       [80.],
       [80.],
       [80.],
       [80.],
       [80.],
       [80.],
       [80.],
       [80.],
       [80.],
       [80.],
       [80.],
       [80.],
       [80.],
       [80.],
       [80.],
       [80.],
       [80.],
       [80.],
       [80.],
       [80.],
       [80.],
       [80.],
       [80.],
       [80.],
       [80.],
       [80.],
       [80.],
       [80.],
       [80.],
       [80.],
       [80.],
       [80.],
       [80.],
       [80.],
       [80.],
       [80.],
       [80.],
       [80.],
       [80.],
       [80.],
       [80.],
       [80.],
       [80.],
       [80.],
       [80.],
       [80.],
       [80.],
       [80.],
       [80.],
       [80.],
       [80.],
       [80.],
       [80.],
       [80.],
       [80.],
       [80.],
       [80.],
       [80.],
       [80.],
       [80.],
       [80.],
       [80.],
       [80.],
       [80.],
       [80.],
       [80.],
       [80.],
       [80.],
       [80.],
       [80.],
       [80.],
       [80.],
       [80.],
       [80.],
       [80.],
       [80.],
       [80.],
       [80.],
       [80.],
       [80.],
       [80.],
       [80.],
       [80.],
       [80.],
       [80.],
       [80.],
       [80.],
       [80.],
       [80.],
       [80.],
       [80.],
       [80.],
       [80.],
       [80.],
       [80.],
       [80.],
       [80.],
       [80.],
       [80.],
       [80.],
       [80.]]), 'dt': 0.01, 'N': 400, 'l': 1e-05}","{'Q': 447.36842105263156, 'gbar': 3.1578947368421053, 'T': 10000, 'supervisor': array([[-1.89214982e-17],
       [ 4.44288287e-04],
       [ 8.88576529e-04],
       ...,
       [-1.33286468e-03],
       [-8.88576529e-04],
       [-4.44288287e-04]]), 'BIAS': array([[80.],
       [80.],
       [80.],
       [80.],
       [80.],
       [80.],
       [80.],
       [80.],
       [80.],
       [80.],
       [80.],
       [80.],
       [80.],
       [80.],
       [80.],
       [80.],
       [80.],
       [80.],
       [80.],
       [80.],
       [80.],
       [80.],
       [80.],
       [80.],
       [80.],
       [80.],
       [80.],
       [80.],
       [80.],
       [80.],
       [80.],
       [80.],
       [80.],
       [80.],
       [80.],
       [80.],
       [80.],
       [80.],
       [80.],
       [80.],
       [80.],
       [80.],
       [80.],
       [80.],
       [80.],
       [80.],
       [80.],
       [80.],
       [80.],
       [80.],
       [80.],
       [80.],
       [80.],
       [80.],
       [80.],
       [80.],
       [80.],
       [80.],
       [80.],
       [80.],
       [80.],
       [80.],
       [80.],
       [80.],
       [80.],
       [80.],
       [80.],
       [80.],
       [80.],
       [80.],
       [80.],
       [80.],
       [80.],
       [80.],
       [80.],
       [80.],
       [80.],
       [80.],
       [80.],
       [80.],
       [80.],
       [80.],
       [80.],
       [80.],
       [80.],
       [80.],
       [80.],
       [80.],
       [80.],
       [80.],
       [80.],
       [80.],
       [80.],
       [80.],
       [80.],
       [80.],
       [80.],
       [80.],
       [80.],
       [80.],
       [80.],
       [80.],
       [80.],
       [80.],
       [80.],
       [80.],
       [80.],
       [80.],
       [80.],
       [80.],
       [80.],
       [80.],
       [80.],
       [80.],
       [80.],
       [80.],
       [80.],
       [80.],
       [80.],
       [80.],
       [80.],
       [80.],
       [80.],
       [80.],
       [80.],
       [80.],
       [80.],
       [80.],
       [80.],
       [80.],
       [80.],
       [80.],
       [80.],
       [80.],
       [80.],
       [80.],
       [80.],
       [80.],
       [80.],
       [80.],
       [80.],
       [80.],
       [80.],
       [80.],
       [80.],
       [80.],
       [80.],
       [80.],
       [80.],
       [80.],
       [80.],
       [80.],
       [80.],
       [80.],
       [80.],
       [80.],
       [80.],
       [80.],
       [80.],
       [80.],
       [80.],
       [80.],
       [80.],
       [80.],
       [80.],
       [80.],
       [80.],
       [80.],
       [80.],
       [80.],
       [80.],
       [80.],
       [80.],
       [80.],
       [80.],
       [80.],
       [80.],
       [80.],
       [80.],
       [80.],
       [80.],
       [80.],
       [80.],
       [80.],
       [80.],
       [80.],
       [80.],
       [80.],
       [80.],
       [80.],
       [80.],
       [80.],
       [80.],
       [80.],
       [80.],
       [80.],
       [80.],
       [80.],
       [80.],
       [80.],
       [80.],
       [80.],
       [80.],
       [80.],
       [80.],
       [80.],
       [80.],
       [80.],
       [80.],
       [80.],
       [80.],
       [80.],
       [80.],
       [80.],
       [80.],
       [80.],
       [80.],
       [80.],
       [80.],
       [80.],
       [80.],
       [80.],
       [80.],
       [80.],
       [80.],
       [80.],
       [80.],
       [80.],
       [80.],
       [80.],
       [80.],
       [80.],
       [80.],
       [80.],
       [80.],
       [80.],
       [80.],
       [80.],
       [80.],
       [80.],
       [80.],
       [80.],
       [80.],
       [80.],
       [80.],
       [80.],
       [80.],
       [80.],
       [80.],
       [80.],
       [80.],
       [80.],
       [80.],
       [80.],
       [80.],
       [80.],
       [80.],
       [80.],
       [80.],
       [80.],
       [80.],
       [80.],
       [80.],
       [80.],
       [80.],
       [80.],
       [80.],
       [80.],
       [80.],
       [80.],
       [80.],
       [80.],
       [80.],
       [80.],
       [80.],
       [80.],
       [80.],
       [80.],
       [80.],
       [80.],
       [80.],
       [80.],
       [80.],
       [80.],
       [80.],
       [80.],
       [80.],
       [80.],
       [80.],
       [80.],
       [80.],
       [80.],
       [80.],
       [80.],
       [80.],
       [80.],
       [80.],
       [80.],
       [80.],
       [80.],
       [80.],
       [80.],
       [80.],
       [80.],
       [80.],
       [80.],
       [80.],
       [80.],
       [80.],
       [80.],
       [80.],
       [80.],
       [80.],
       [80.],
       [80.],
       [80.],
       [80.],
       [80.],
       [80.],
       [80.],
       [80.],
       [80.],
       [80.],
       [80.],
       [80.],
       [80.],
       [80.],
       [80.],
       [80.],
       [80.],
       [80.],
       [80.],
       [80.],
       [80.],
       [80.],
       [80.],
       [80.],
       [80.],
       [80.],
       [80.],
       [80.],
       [80.],
       [80.],
       [80.],
       [80.],
       [80.],
       [80.],
       [80.],
       [80.],
       [80.],
       [80.],
       [80.],
       [80.],
       [80.],
       [80.],
       [80.],
       [80.],
       [80.],
       [80.],
       [80.],
       [80.],
       [80.],
       [80.],
       [80.],
       [80.],
       [80.],
       [80.],
       [80.],
       [80.],
       [80.],
       [80.],
       [80.],
       [80.],
       [80.],
       [80.],
       [80.],
       [80.],
       [80.],
       [80.],
       [80.],
       [80.],
       [80.],
       [80.],
       [80.],
       [80.],
       [80.],
       [80.],
       [80.],
       [80.],
       [80.],
       [80.],
       [80.],
       [80.],
       [80.],
       [80.],
       [80.],
       [80.],
       [80.],
       [80.],
       [80.]]), 'dt': 0.01, 'N': 400, 'l': 1e-05}","{'Q': 447.36842105263156, 'gbar': 4.2105263157894735, 'T': 10000, 'supervisor': array([[-1.89214982e-17],
       [ 4.44288287e-04],
       [ 8.88576529e-04],
       ...,
       [-1.33286468e-03],
       [-8.88576529e-04],
       [-4.44288287e-04]]), 'BIAS': array([[80.],
       [80.],
       [80.],
       [80.],
       [80.],
       [80.],
       [80.],
       [80.],
       [80.],
       [80.],
       [80.],
       [80.],
       [80.],
       [80.],
       [80.],
       [80.],
       [80.],
       [80.],
       [80.],
       [80.],
       [80.],
       [80.],
       [80.],
       [80.],
       [80.],
       [80.],
       [80.],
       [80.],
       [80.],
       [80.],
       [80.],
       [80.],
       [80.],
       [80.],
       [80.],
       [80.],
       [80.],
       [80.],
       [80.],
       [80.],
       [80.],
       [80.],
       [80.],
       [80.],
       [80.],
       [80.],
       [80.],
       [80.],
       [80.],
       [80.],
       [80.],
       [80.],
       [80.],
       [80.],
       [80.],
       [80.],
       [80.],
       [80.],
       [80.],
       [80.],
       [80.],
       [80.],
       [80.],
       [80.],
       [80.],
       [80.],
       [80.],
       [80.],
       [80.],
       [80.],
       [80.],
       [80.],
       [80.],
       [80.],
       [80.],
       [80.],
       [80.],
       [80.],
       [80.],
       [80.],
       [80.],
       [80.],
       [80.],
       [80.],
       [80.],
       [80.],
       [80.],
       [80.],
       [80.],
       [80.],
       [80.],
       [80.],
       [80.],
       [80.],
       [80.],
       [80.],
       [80.],
       [80.],
       [80.],
       [80.],
       [80.],
       [80.],
       [80.],
       [80.],
       [80.],
       [80.],
       [80.],
       [80.],
       [80.],
       [80.],
       [80.],
       [80.],
       [80.],
       [80.],
       [80.],
       [80.],
       [80.],
       [80.],
       [80.],
       [80.],
       [80.],
       [80.],
       [80.],
       [80.],
       [80.],
       [80.],
       [80.],
       [80.],
       [80.],
       [80.],
       [80.],
       [80.],
       [80.],
       [80.],
       [80.],
       [80.],
       [80.],
       [80.],
       [80.],
       [80.],
       [80.],
       [80.],
       [80.],
       [80.],
       [80.],
       [80.],
       [80.],
       [80.],
       [80.],
       [80.],
       [80.],
       [80.],
       [80.],
       [80.],
       [80.],
       [80.],
       [80.],
       [80.],
       [80.],
       [80.],
       [80.],
       [80.],
       [80.],
       [80.],
       [80.],
       [80.],
       [80.],
       [80.],
       [80.],
       [80.],
       [80.],
       [80.],
       [80.],
       [80.],
       [80.],
       [80.],
       [80.],
       [80.],
       [80.],
       [80.],
       [80.],
       [80.],
       [80.],
       [80.],
       [80.],
       [80.],
       [80.],
       [80.],
       [80.],
       [80.],
       [80.],
       [80.],
       [80.],
       [80.],
       [80.],
       [80.],
       [80.],
       [80.],
       [80.],
       [80.],
       [80.],
       [80.],
       [80.],
       [80.],
       [80.],
       [80.],
       [80.],
       [80.],
       [80.],
       [80.],
       [80.],
       [80.],
       [80.],
       [80.],
       [80.],
       [80.],
       [80.],
       [80.],
       [80.],
       [80.],
       [80.],
       [80.],
       [80.],
       [80.],
       [80.],
       [80.],
       [80.],
       [80.],
       [80.],
       [80.],
       [80.],
       [80.],
       [80.],
       [80.],
       [80.],
       [80.],
       [80.],
       [80.],
       [80.],
       [80.],
       [80.],
       [80.],
       [80.],
       [80.],
       [80.],
       [80.],
       [80.],
       [80.],
       [80.],
       [80.],
       [80.],
       [80.],
       [80.],
       [80.],
       [80.],
       [80.],
       [80.],
       [80.],
       [80.],
       [80.],
       [80.],
       [80.],
       [80.],
       [80.],
       [80.],
       [80.],
       [80.],
       [80.],
       [80.],
       [80.],
       [80.],
       [80.],
       [80.],
       [80.],
       [80.],
       [80.],
       [80.],
       [80.],
       [80.],
       [80.],
       [80.],
       [80.],
       [80.],
       [80.],
       [80.],
       [80.],
       [80.],
       [80.],
       [80.],
       [80.],
       [80.],
       [80.],
       [80.],
       [80.],
       [80.],
       [80.],
       [80.],
       [80.],
       [80.],
       [80.],
       [80.],
       [80.],
       [80.],
       [80.],
       [80.],
       [80.],
       [80.],
       [80.],
       [80.],
       [80.],
       [80.],
       [80.],
       [80.],
       [80.],
       [80.],
       [80.],
       [80.],
       [80.],
       [80.],
       [80.],
       [80.],
       [80.],
       [80.],
       [80.],
       [80.],
       [80.],
       [80.],
       [80.],
       [80.],
       [80.],
       [80.],
       [80.],
       [80.],
       [80.],
       [80.],
       [80.],
       [80.],
       [80.],
       [80.],
       [80.],
       [80.],
       [80.],
       [80.],
       [80.],
       [80.],
       [80.],
       [80.],
       [80.],
       [80.],
       [80.],
       [80.],
       [80.],
       [80.],
       [80.],
       [80.],
       [80.],
       [80.],
       [80.],
       [80.],
       [80.],
       [80.],
       [80.],
       [80.],
       [80.],
       [80.],
       [80.],
       [80.],
       [80.],
       [80.],
       [80.],
       [80.],
       [80.],
       [80.],
       [80.],
       [80.],
       [80.],
       [80.],
       [80.],
       [80.],
       [80.],
       [80.],
       [80.],
       [80.],
       [80.],
       [80.],
       [80.],
       [80.],
       [80.],
       [80.],
       [80.],
       [80.],
       [80.],
       [80.],
       [80.],
       [80.],
       [80.],
       [80.],
       [80.],
       [80.],
       [80.]]), 'dt': 0.01, 'N': 400, 'l': 1e-05}","{'Q': 447.36842105263156, 'gbar': 5.263157894736842, 'T': 10000, 'supervisor': array([[-1.89214982e-17],
       [ 4.44288287e-04],
       [ 8.88576529e-04],
       ...,
       [-1.33286468e-03],
       [-8.88576529e-04],
       [-4.44288287e-04]]), 'BIAS': array([[80.],
       [80.],
       [80.],
       [80.],
       [80.],
       [80.],
       [80.],
       [80.],
       [80.],
       [80.],
       [80.],
       [80.],
       [80.],
       [80.],
       [80.],
       [80.],
       [80.],
       [80.],
       [80.],
       [80.],
       [80.],
       [80.],
       [80.],
       [80.],
       [80.],
       [80.],
       [80.],
       [80.],
       [80.],
       [80.],
       [80.],
       [80.],
       [80.],
       [80.],
       [80.],
       [80.],
       [80.],
       [80.],
       [80.],
       [80.],
       [80.],
       [80.],
       [80.],
       [80.],
       [80.],
       [80.],
       [80.],
       [80.],
       [80.],
       [80.],
       [80.],
       [80.],
       [80.],
       [80.],
       [80.],
       [80.],
       [80.],
       [80.],
       [80.],
       [80.],
       [80.],
       [80.],
       [80.],
       [80.],
       [80.],
       [80.],
       [80.],
       [80.],
       [80.],
       [80.],
       [80.],
       [80.],
       [80.],
       [80.],
       [80.],
       [80.],
       [80.],
       [80.],
       [80.],
       [80.],
       [80.],
       [80.],
       [80.],
       [80.],
       [80.],
       [80.],
       [80.],
       [80.],
       [80.],
       [80.],
       [80.],
       [80.],
       [80.],
       [80.],
       [80.],
       [80.],
       [80.],
       [80.],
       [80.],
       [80.],
       [80.],
       [80.],
       [80.],
       [80.],
       [80.],
       [80.],
       [80.],
       [80.],
       [80.],
       [80.],
       [80.],
       [80.],
       [80.],
       [80.],
       [80.],
       [80.],
       [80.],
       [80.],
       [80.],
       [80.],
       [80.],
       [80.],
       [80.],
       [80.],
       [80.],
       [80.],
       [80.],
       [80.],
       [80.],
       [80.],
       [80.],
       [80.],
       [80.],
       [80.],
       [80.],
       [80.],
       [80.],
       [80.],
       [80.],
       [80.],
       [80.],
       [80.],
       [80.],
       [80.],
       [80.],
       [80.],
       [80.],
       [80.],
       [80.],
       [80.],
       [80.],
       [80.],
       [80.],
       [80.],
       [80.],
       [80.],
       [80.],
       [80.],
       [80.],
       [80.],
       [80.],
       [80.],
       [80.],
       [80.],
       [80.],
       [80.],
       [80.],
       [80.],
       [80.],
       [80.],
       [80.],
       [80.],
       [80.],
       [80.],
       [80.],
       [80.],
       [80.],
       [80.],
       [80.],
       [80.],
       [80.],
       [80.],
       [80.],
       [80.],
       [80.],
       [80.],
       [80.],
       [80.],
       [80.],
       [80.],
       [80.],
       [80.],
       [80.],
       [80.],
       [80.],
       [80.],
       [80.],
       [80.],
       [80.],
       [80.],
       [80.],
       [80.],
       [80.],
       [80.],
       [80.],
       [80.],
       [80.],
       [80.],
       [80.],
       [80.],
       [80.],
       [80.],
       [80.],
       [80.],
       [80.],
       [80.],
       [80.],
       [80.],
       [80.],
       [80.],
       [80.],
       [80.],
       [80.],
       [80.],
       [80.],
       [80.],
       [80.],
       [80.],
       [80.],
       [80.],
       [80.],
       [80.],
       [80.],
       [80.],
       [80.],
       [80.],
       [80.],
       [80.],
       [80.],
       [80.],
       [80.],
       [80.],
       [80.],
       [80.],
       [80.],
       [80.],
       [80.],
       [80.],
       [80.],
       [80.],
       [80.],
       [80.],
       [80.],
       [80.],
       [80.],
       [80.],
       [80.],
       [80.],
       [80.],
       [80.],
       [80.],
       [80.],
       [80.],
       [80.],
       [80.],
       [80.],
       [80.],
       [80.],
       [80.],
       [80.],
       [80.],
       [80.],
       [80.],
       [80.],
       [80.],
       [80.],
       [80.],
       [80.],
       [80.],
       [80.],
       [80.],
       [80.],
       [80.],
       [80.],
       [80.],
       [80.],
       [80.],
       [80.],
       [80.],
       [80.],
       [80.],
       [80.],
       [80.],
       [80.],
       [80.],
       [80.],
       [80.],
       [80.],
       [80.],
       [80.],
       [80.],
       [80.],
       [80.],
       [80.],
       [80.],
       [80.],
       [80.],
       [80.],
       [80.],
       [80.],
       [80.],
       [80.],
       [80.],
       [80.],
       [80.],
       [80.],
       [80.],
       [80.],
       [80.],
       [80.],
       [80.],
       [80.],
       [80.],
       [80.],
       [80.],
       [80.],
       [80.],
       [80.],
       [80.],
       [80.],
       [80.],
       [80.],
       [80.],
       [80.],
       [80.],
       [80.],
       [80.],
       [80.],
       [80.],
       [80.],
       [80.],
       [80.],
       [80.],
       [80.],
       [80.],
       [80.],
       [80.],
       [80.],
       [80.],
       [80.],
       [80.],
       [80.],
       [80.],
       [80.],
       [80.],
       [80.],
       [80.],
       [80.],
       [80.],
       [80.],
       [80.],
       [80.],
       [80.],
       [80.],
       [80.],
       [80.],
       [80.],
       [80.],
       [80.],
       [80.],
       [80.],
       [80.],
       [80.],
       [80.],
       [80.],
       [80.],
       [80.],
       [80.],
       [80.],
       [80.],
       [80.],
       [80.],
       [80.],
       [80.],
       [80.],
       [80.],
       [80.],
       [80.],
       [80.],
       [80.],
       [80.],
       [80.],
       [80.],
       [80.],
       [80.],
       [80.],
       [80.],
       [80.],
       [80.],
       [80.]]), 'dt': 0.01, 'N': 400, 'l': 1e-05}","{'Q': 447.36842105263156, 'gbar': 6.315789473684211, 'T': 10000, 'supervisor': array([[-1.89214982e-17],
       [ 4.44288287e-04],
       [ 8.88576529e-04],
       ...,
       [-1.33286468e-03],
       [-8.88576529e-04],
       [-4.44288287e-04]]), 'BIAS': array([[80.],
       [80.],
       [80.],
       [80.],
       [80.],
       [80.],
       [80.],
       [80.],
       [80.],
       [80.],
       [80.],
       [80.],
       [80.],
       [80.],
       [80.],
       [80.],
       [80.],
       [80.],
       [80.],
       [80.],
       [80.],
       [80.],
       [80.],
       [80.],
       [80.],
       [80.],
       [80.],
       [80.],
       [80.],
       [80.],
       [80.],
       [80.],
       [80.],
       [80.],
       [80.],
       [80.],
       [80.],
       [80.],
       [80.],
       [80.],
       [80.],
       [80.],
       [80.],
       [80.],
       [80.],
       [80.],
       [80.],
       [80.],
       [80.],
       [80.],
       [80.],
       [80.],
       [80.],
       [80.],
       [80.],
       [80.],
       [80.],
       [80.],
       [80.],
       [80.],
       [80.],
       [80.],
       [80.],
       [80.],
       [80.],
       [80.],
       [80.],
       [80.],
       [80.],
       [80.],
       [80.],
       [80.],
       [80.],
       [80.],
       [80.],
       [80.],
       [80.],
       [80.],
       [80.],
       [80.],
       [80.],
       [80.],
       [80.],
       [80.],
       [80.],
       [80.],
       [80.],
       [80.],
       [80.],
       [80.],
       [80.],
       [80.],
       [80.],
       [80.],
       [80.],
       [80.],
       [80.],
       [80.],
       [80.],
       [80.],
       [80.],
       [80.],
       [80.],
       [80.],
       [80.],
       [80.],
       [80.],
       [80.],
       [80.],
       [80.],
       [80.],
       [80.],
       [80.],
       [80.],
       [80.],
       [80.],
       [80.],
       [80.],
       [80.],
       [80.],
       [80.],
       [80.],
       [80.],
       [80.],
       [80.],
       [80.],
       [80.],
       [80.],
       [80.],
       [80.],
       [80.],
       [80.],
       [80.],
       [80.],
       [80.],
       [80.],
       [80.],
       [80.],
       [80.],
       [80.],
       [80.],
       [80.],
       [80.],
       [80.],
       [80.],
       [80.],
       [80.],
       [80.],
       [80.],
       [80.],
       [80.],
       [80.],
       [80.],
       [80.],
       [80.],
       [80.],
       [80.],
       [80.],
       [80.],
       [80.],
       [80.],
       [80.],
       [80.],
       [80.],
       [80.],
       [80.],
       [80.],
       [80.],
       [80.],
       [80.],
       [80.],
       [80.],
       [80.],
       [80.],
       [80.],
       [80.],
       [80.],
       [80.],
       [80.],
       [80.],
       [80.],
       [80.],
       [80.],
       [80.],
       [80.],
       [80.],
       [80.],
       [80.],
       [80.],
       [80.],
       [80.],
       [80.],
       [80.],
       [80.],
       [80.],
       [80.],
       [80.],
       [80.],
       [80.],
       [80.],
       [80.],
       [80.],
       [80.],
       [80.],
       [80.],
       [80.],
       [80.],
       [80.],
       [80.],
       [80.],
       [80.],
       [80.],
       [80.],
       [80.],
       [80.],
       [80.],
       [80.],
       [80.],
       [80.],
       [80.],
       [80.],
       [80.],
       [80.],
       [80.],
       [80.],
       [80.],
       [80.],
       [80.],
       [80.],
       [80.],
       [80.],
       [80.],
       [80.],
       [80.],
       [80.],
       [80.],
       [80.],
       [80.],
       [80.],
       [80.],
       [80.],
       [80.],
       [80.],
       [80.],
       [80.],
       [80.],
       [80.],
       [80.],
       [80.],
       [80.],
       [80.],
       [80.],
       [80.],
       [80.],
       [80.],
       [80.],
       [80.],
       [80.],
       [80.],
       [80.],
       [80.],
       [80.],
       [80.],
       [80.],
       [80.],
       [80.],
       [80.],
       [80.],
       [80.],
       [80.],
       [80.],
       [80.],
       [80.],
       [80.],
       [80.],
       [80.],
       [80.],
       [80.],
       [80.],
       [80.],
       [80.],
       [80.],
       [80.],
       [80.],
       [80.],
       [80.],
       [80.],
       [80.],
       [80.],
       [80.],
       [80.],
       [80.],
       [80.],
       [80.],
       [80.],
       [80.],
       [80.],
       [80.],
       [80.],
       [80.],
       [80.],
       [80.],
       [80.],
       [80.],
       [80.],
       [80.],
       [80.],
       [80.],
       [80.],
       [80.],
       [80.],
       [80.],
       [80.],
       [80.],
       [80.],
       [80.],
       [80.],
       [80.],
       [80.],
       [80.],
       [80.],
       [80.],
       [80.],
       [80.],
       [80.],
       [80.],
       [80.],
       [80.],
       [80.],
       [80.],
       [80.],
       [80.],
       [80.],
       [80.],
       [80.],
       [80.],
       [80.],
       [80.],
       [80.],
       [80.],
       [80.],
       [80.],
       [80.],
       [80.],
       [80.],
       [80.],
       [80.],
       [80.],
       [80.],
       [80.],
       [80.],
       [80.],
       [80.],
       [80.],
       [80.],
       [80.],
       [80.],
       [80.],
       [80.],
       [80.],
       [80.],
       [80.],
       [80.],
       [80.],
       [80.],
       [80.],
       [80.],
       [80.],
       [80.],
       [80.],
       [80.],
       [80.],
       [80.],
       [80.],
       [80.],
       [80.],
       [80.],
       [80.],
       [80.],
       [80.],
       [80.],
       [80.],
       [80.],
       [80.],
       [80.],
       [80.],
       [80.],
       [80.],
       [80.],
       [80.],
       [80.],
       [80.],
       [80.],
       [80.],
       [80.],
       [80.],
       [80.],
       [80.],
       [80.],
       [80.]]), 'dt': 0.01, 'N': 400, 'l': 1e-05}","{'Q': 447.36842105263156, 'gbar': 7.368421052631579, 'T': 10000, 'supervisor': array([[-1.89214982e-17],
       [ 4.44288287e-04],
       [ 8.88576529e-04],
       ...,
       [-1.33286468e-03],
       [-8.88576529e-04],
       [-4.44288287e-04]]), 'BIAS': array([[80.],
       [80.],
       [80.],
       [80.],
       [80.],
       [80.],
       [80.],
       [80.],
       [80.],
       [80.],
       [80.],
       [80.],
       [80.],
       [80.],
       [80.],
       [80.],
       [80.],
       [80.],
       [80.],
       [80.],
       [80.],
       [80.],
       [80.],
       [80.],
       [80.],
       [80.],
       [80.],
       [80.],
       [80.],
       [80.],
       [80.],
       [80.],
       [80.],
       [80.],
       [80.],
       [80.],
       [80.],
       [80.],
       [80.],
       [80.],
       [80.],
       [80.],
       [80.],
       [80.],
       [80.],
       [80.],
       [80.],
       [80.],
       [80.],
       [80.],
       [80.],
       [80.],
       [80.],
       [80.],
       [80.],
       [80.],
       [80.],
       [80.],
       [80.],
       [80.],
       [80.],
       [80.],
       [80.],
       [80.],
       [80.],
       [80.],
       [80.],
       [80.],
       [80.],
       [80.],
       [80.],
       [80.],
       [80.],
       [80.],
       [80.],
       [80.],
       [80.],
       [80.],
       [80.],
       [80.],
       [80.],
       [80.],
       [80.],
       [80.],
       [80.],
       [80.],
       [80.],
       [80.],
       [80.],
       [80.],
       [80.],
       [80.],
       [80.],
       [80.],
       [80.],
       [80.],
       [80.],
       [80.],
       [80.],
       [80.],
       [80.],
       [80.],
       [80.],
       [80.],
       [80.],
       [80.],
       [80.],
       [80.],
       [80.],
       [80.],
       [80.],
       [80.],
       [80.],
       [80.],
       [80.],
       [80.],
       [80.],
       [80.],
       [80.],
       [80.],
       [80.],
       [80.],
       [80.],
       [80.],
       [80.],
       [80.],
       [80.],
       [80.],
       [80.],
       [80.],
       [80.],
       [80.],
       [80.],
       [80.],
       [80.],
       [80.],
       [80.],
       [80.],
       [80.],
       [80.],
       [80.],
       [80.],
       [80.],
       [80.],
       [80.],
       [80.],
       [80.],
       [80.],
       [80.],
       [80.],
       [80.],
       [80.],
       [80.],
       [80.],
       [80.],
       [80.],
       [80.],
       [80.],
       [80.],
       [80.],
       [80.],
       [80.],
       [80.],
       [80.],
       [80.],
       [80.],
       [80.],
       [80.],
       [80.],
       [80.],
       [80.],
       [80.],
       [80.],
       [80.],
       [80.],
       [80.],
       [80.],
       [80.],
       [80.],
       [80.],
       [80.],
       [80.],
       [80.],
       [80.],
       [80.],
       [80.],
       [80.],
       [80.],
       [80.],
       [80.],
       [80.],
       [80.],
       [80.],
       [80.],
       [80.],
       [80.],
       [80.],
       [80.],
       [80.],
       [80.],
       [80.],
       [80.],
       [80.],
       [80.],
       [80.],
       [80.],
       [80.],
       [80.],
       [80.],
       [80.],
       [80.],
       [80.],
       [80.],
       [80.],
       [80.],
       [80.],
       [80.],
       [80.],
       [80.],
       [80.],
       [80.],
       [80.],
       [80.],
       [80.],
       [80.],
       [80.],
       [80.],
       [80.],
       [80.],
       [80.],
       [80.],
       [80.],
       [80.],
       [80.],
       [80.],
       [80.],
       [80.],
       [80.],
       [80.],
       [80.],
       [80.],
       [80.],
       [80.],
       [80.],
       [80.],
       [80.],
       [80.],
       [80.],
       [80.],
       [80.],
       [80.],
       [80.],
       [80.],
       [80.],
       [80.],
       [80.],
       [80.],
       [80.],
       [80.],
       [80.],
       [80.],
       [80.],
       [80.],
       [80.],
       [80.],
       [80.],
       [80.],
       [80.],
       [80.],
       [80.],
       [80.],
       [80.],
       [80.],
       [80.],
       [80.],
       [80.],
       [80.],
       [80.],
       [80.],
       [80.],
       [80.],
       [80.],
       [80.],
       [80.],
       [80.],
       [80.],
       [80.],
       [80.],
       [80.],
       [80.],
       [80.],
       [80.],
       [80.],
       [80.],
       [80.],
       [80.],
       [80.],
       [80.],
       [80.],
       [80.],
       [80.],
       [80.],
       [80.],
       [80.],
       [80.],
       [80.],
       [80.],
       [80.],
       [80.],
       [80.],
       [80.],
       [80.],
       [80.],
       [80.],
       [80.],
       [80.],
       [80.],
       [80.],
       [80.],
       [80.],
       [80.],
       [80.],
       [80.],
       [80.],
       [80.],
       [80.],
       [80.],
       [80.],
       [80.],
       [80.],
       [80.],
       [80.],
       [80.],
       [80.],
       [80.],
       [80.],
       [80.],
       [80.],
       [80.],
       [80.],
       [80.],
       [80.],
       [80.],
       [80.],
       [80.],
       [80.],
       [80.],
       [80.],
       [80.],
       [80.],
       [80.],
       [80.],
       [80.],
       [80.],
       [80.],
       [80.],
       [80.],
       [80.],
       [80.],
       [80.],
       [80.],
       [80.],
       [80.],
       [80.],
       [80.],
       [80.],
       [80.],
       [80.],
       [80.],
       [80.],
       [80.],
       [80.],
       [80.],
       [80.],
       [80.],
       [80.],
       [80.],
       [80.],
       [80.],
       [80.],
       [80.],
       [80.],
       [80.],
       [80.],
       [80.],
       [80.],
       [80.],
       [80.],
       [80.],
       [80.],
       [80.],
       [80.],
       [80.],
       [80.],
       [80.],
       [80.],
       [80.],
       [80.],
       [80.],
       [80.]]), 'dt': 0.01, 'N': 400, 'l': 1e-05}","{'Q': 447.36842105263156, 'gbar': 8.421052631578947, 'T': 10000, 'supervisor': array([[-1.89214982e-17],
       [ 4.44288287e-04],
       [ 8.88576529e-04],
       ...,
       [-1.33286468e-03],
       [-8.88576529e-04],
       [-4.44288287e-04]]), 'BIAS': array([[80.],
       [80.],
       [80.],
       [80.],
       [80.],
       [80.],
       [80.],
       [80.],
       [80.],
       [80.],
       [80.],
       [80.],
       [80.],
       [80.],
       [80.],
       [80.],
       [80.],
       [80.],
       [80.],
       [80.],
       [80.],
       [80.],
       [80.],
       [80.],
       [80.],
       [80.],
       [80.],
       [80.],
       [80.],
       [80.],
       [80.],
       [80.],
       [80.],
       [80.],
       [80.],
       [80.],
       [80.],
       [80.],
       [80.],
       [80.],
       [80.],
       [80.],
       [80.],
       [80.],
       [80.],
       [80.],
       [80.],
       [80.],
       [80.],
       [80.],
       [80.],
       [80.],
       [80.],
       [80.],
       [80.],
       [80.],
       [80.],
       [80.],
       [80.],
       [80.],
       [80.],
       [80.],
       [80.],
       [80.],
       [80.],
       [80.],
       [80.],
       [80.],
       [80.],
       [80.],
       [80.],
       [80.],
       [80.],
       [80.],
       [80.],
       [80.],
       [80.],
       [80.],
       [80.],
       [80.],
       [80.],
       [80.],
       [80.],
       [80.],
       [80.],
       [80.],
       [80.],
       [80.],
       [80.],
       [80.],
       [80.],
       [80.],
       [80.],
       [80.],
       [80.],
       [80.],
       [80.],
       [80.],
       [80.],
       [80.],
       [80.],
       [80.],
       [80.],
       [80.],
       [80.],
       [80.],
       [80.],
       [80.],
       [80.],
       [80.],
       [80.],
       [80.],
       [80.],
       [80.],
       [80.],
       [80.],
       [80.],
       [80.],
       [80.],
       [80.],
       [80.],
       [80.],
       [80.],
       [80.],
       [80.],
       [80.],
       [80.],
       [80.],
       [80.],
       [80.],
       [80.],
       [80.],
       [80.],
       [80.],
       [80.],
       [80.],
       [80.],
       [80.],
       [80.],
       [80.],
       [80.],
       [80.],
       [80.],
       [80.],
       [80.],
       [80.],
       [80.],
       [80.],
       [80.],
       [80.],
       [80.],
       [80.],
       [80.],
       [80.],
       [80.],
       [80.],
       [80.],
       [80.],
       [80.],
       [80.],
       [80.],
       [80.],
       [80.],
       [80.],
       [80.],
       [80.],
       [80.],
       [80.],
       [80.],
       [80.],
       [80.],
       [80.],
       [80.],
       [80.],
       [80.],
       [80.],
       [80.],
       [80.],
       [80.],
       [80.],
       [80.],
       [80.],
       [80.],
       [80.],
       [80.],
       [80.],
       [80.],
       [80.],
       [80.],
       [80.],
       [80.],
       [80.],
       [80.],
       [80.],
       [80.],
       [80.],
       [80.],
       [80.],
       [80.],
       [80.],
       [80.],
       [80.],
       [80.],
       [80.],
       [80.],
       [80.],
       [80.],
       [80.],
       [80.],
       [80.],
       [80.],
       [80.],
       [80.],
       [80.],
       [80.],
       [80.],
       [80.],
       [80.],
       [80.],
       [80.],
       [80.],
       [80.],
       [80.],
       [80.],
       [80.],
       [80.],
       [80.],
       [80.],
       [80.],
       [80.],
       [80.],
       [80.],
       [80.],
       [80.],
       [80.],
       [80.],
       [80.],
       [80.],
       [80.],
       [80.],
       [80.],
       [80.],
       [80.],
       [80.],
       [80.],
       [80.],
       [80.],
       [80.],
       [80.],
       [80.],
       [80.],
       [80.],
       [80.],
       [80.],
       [80.],
       [80.],
       [80.],
       [80.],
       [80.],
       [80.],
       [80.],
       [80.],
       [80.],
       [80.],
       [80.],
       [80.],
       [80.],
       [80.],
       [80.],
       [80.],
       [80.],
       [80.],
       [80.],
       [80.],
       [80.],
       [80.],
       [80.],
       [80.],
       [80.],
       [80.],
       [80.],
       [80.],
       [80.],
       [80.],
       [80.],
       [80.],
       [80.],
       [80.],
       [80.],
       [80.],
       [80.],
       [80.],
       [80.],
       [80.],
       [80.],
       [80.],
       [80.],
       [80.],
       [80.],
       [80.],
       [80.],
       [80.],
       [80.],
       [80.],
       [80.],
       [80.],
       [80.],
       [80.],
       [80.],
       [80.],
       [80.],
       [80.],
       [80.],
       [80.],
       [80.],
       [80.],
       [80.],
       [80.],
       [80.],
       [80.],
       [80.],
       [80.],
       [80.],
       [80.],
       [80.],
       [80.],
       [80.],
       [80.],
       [80.],
       [80.],
       [80.],
       [80.],
       [80.],
       [80.],
       [80.],
       [80.],
       [80.],
       [80.],
       [80.],
       [80.],
       [80.],
       [80.],
       [80.],
       [80.],
       [80.],
       [80.],
       [80.],
       [80.],
       [80.],
       [80.],
       [80.],
       [80.],
       [80.],
       [80.],
       [80.],
       [80.],
       [80.],
       [80.],
       [80.],
       [80.],
       [80.],
       [80.],
       [80.],
       [80.],
       [80.],
       [80.],
       [80.],
       [80.],
       [80.],
       [80.],
       [80.],
       [80.],
       [80.],
       [80.],
       [80.],
       [80.],
       [80.],
       [80.],
       [80.],
       [80.],
       [80.],
       [80.],
       [80.],
       [80.],
       [80.],
       [80.],
       [80.],
       [80.],
       [80.],
       [80.],
       [80.],
       [80.],
       [80.],
       [80.],
       [80.],
       [80.],
       [80.],
       [80.],
       [80.],
       [80.]]), 'dt': 0.01, 'N': 400, 'l': 1e-05}","{'Q': 447.36842105263156, 'gbar': 9.473684210526315, 'T': 10000, 'supervisor': array([[-1.89214982e-17],
       [ 4.44288287e-04],
       [ 8.88576529e-04],
       ...,
       [-1.33286468e-03],
       [-8.88576529e-04],
       [-4.44288287e-04]]), 'BIAS': array([[80.],
       [80.],
       [80.],
       [80.],
       [80.],
       [80.],
       [80.],
       [80.],
       [80.],
       [80.],
       [80.],
       [80.],
       [80.],
       [80.],
       [80.],
       [80.],
       [80.],
       [80.],
       [80.],
       [80.],
       [80.],
       [80.],
       [80.],
       [80.],
       [80.],
       [80.],
       [80.],
       [80.],
       [80.],
       [80.],
       [80.],
       [80.],
       [80.],
       [80.],
       [80.],
       [80.],
       [80.],
       [80.],
       [80.],
       [80.],
       [80.],
       [80.],
       [80.],
       [80.],
       [80.],
       [80.],
       [80.],
       [80.],
       [80.],
       [80.],
       [80.],
       [80.],
       [80.],
       [80.],
       [80.],
       [80.],
       [80.],
       [80.],
       [80.],
       [80.],
       [80.],
       [80.],
       [80.],
       [80.],
       [80.],
       [80.],
       [80.],
       [80.],
       [80.],
       [80.],
       [80.],
       [80.],
       [80.],
       [80.],
       [80.],
       [80.],
       [80.],
       [80.],
       [80.],
       [80.],
       [80.],
       [80.],
       [80.],
       [80.],
       [80.],
       [80.],
       [80.],
       [80.],
       [80.],
       [80.],
       [80.],
       [80.],
       [80.],
       [80.],
       [80.],
       [80.],
       [80.],
       [80.],
       [80.],
       [80.],
       [80.],
       [80.],
       [80.],
       [80.],
       [80.],
       [80.],
       [80.],
       [80.],
       [80.],
       [80.],
       [80.],
       [80.],
       [80.],
       [80.],
       [80.],
       [80.],
       [80.],
       [80.],
       [80.],
       [80.],
       [80.],
       [80.],
       [80.],
       [80.],
       [80.],
       [80.],
       [80.],
       [80.],
       [80.],
       [80.],
       [80.],
       [80.],
       [80.],
       [80.],
       [80.],
       [80.],
       [80.],
       [80.],
       [80.],
       [80.],
       [80.],
       [80.],
       [80.],
       [80.],
       [80.],
       [80.],
       [80.],
       [80.],
       [80.],
       [80.],
       [80.],
       [80.],
       [80.],
       [80.],
       [80.],
       [80.],
       [80.],
       [80.],
       [80.],
       [80.],
       [80.],
       [80.],
       [80.],
       [80.],
       [80.],
       [80.],
       [80.],
       [80.],
       [80.],
       [80.],
       [80.],
       [80.],
       [80.],
       [80.],
       [80.],
       [80.],
       [80.],
       [80.],
       [80.],
       [80.],
       [80.],
       [80.],
       [80.],
       [80.],
       [80.],
       [80.],
       [80.],
       [80.],
       [80.],
       [80.],
       [80.],
       [80.],
       [80.],
       [80.],
       [80.],
       [80.],
       [80.],
       [80.],
       [80.],
       [80.],
       [80.],
       [80.],
       [80.],
       [80.],
       [80.],
       [80.],
       [80.],
       [80.],
       [80.],
       [80.],
       [80.],
       [80.],
       [80.],
       [80.],
       [80.],
       [80.],
       [80.],
       [80.],
       [80.],
       [80.],
       [80.],
       [80.],
       [80.],
       [80.],
       [80.],
       [80.],
       [80.],
       [80.],
       [80.],
       [80.],
       [80.],
       [80.],
       [80.],
       [80.],
       [80.],
       [80.],
       [80.],
       [80.],
       [80.],
       [80.],
       [80.],
       [80.],
       [80.],
       [80.],
       [80.],
       [80.],
       [80.],
       [80.],
       [80.],
       [80.],
       [80.],
       [80.],
       [80.],
       [80.],
       [80.],
       [80.],
       [80.],
       [80.],
       [80.],
       [80.],
       [80.],
       [80.],
       [80.],
       [80.],
       [80.],
       [80.],
       [80.],
       [80.],
       [80.],
       [80.],
       [80.],
       [80.],
       [80.],
       [80.],
       [80.],
       [80.],
       [80.],
       [80.],
       [80.],
       [80.],
       [80.],
       [80.],
       [80.],
       [80.],
       [80.],
       [80.],
       [80.],
       [80.],
       [80.],
       [80.],
       [80.],
       [80.],
       [80.],
       [80.],
       [80.],
       [80.],
       [80.],
       [80.],
       [80.],
       [80.],
       [80.],
       [80.],
       [80.],
       [80.],
       [80.],
       [80.],
       [80.],
       [80.],
       [80.],
       [80.],
       [80.],
       [80.],
       [80.],
       [80.],
       [80.],
       [80.],
       [80.],
       [80.],
       [80.],
       [80.],
       [80.],
       [80.],
       [80.],
       [80.],
       [80.],
       [80.],
       [80.],
       [80.],
       [80.],
       [80.],
       [80.],
       [80.],
       [80.],
       [80.],
       [80.],
       [80.],
       [80.],
       [80.],
       [80.],
       [80.],
       [80.],
       [80.],
       [80.],
       [80.],
       [80.],
       [80.],
       [80.],
       [80.],
       [80.],
       [80.],
       [80.],
       [80.],
       [80.],
       [80.],
       [80.],
       [80.],
       [80.],
       [80.],
       [80.],
       [80.],
       [80.],
       [80.],
       [80.],
       [80.],
       [80.],
       [80.],
       [80.],
       [80.],
       [80.],
       [80.],
       [80.],
       [80.],
       [80.],
       [80.],
       [80.],
       [80.],
       [80.],
       [80.],
       [80.],
       [80.],
       [80.],
       [80.],
       [80.],
       [80.],
       [80.],
       [80.],
       [80.],
       [80.],
       [80.],
       [80.],
       [80.],
       [80.],
       [80.],
       [80.],
       [80.],
       [80.],
       [80.],
       [80.],
       [80.],
       [80.]]), 'dt': 0.01, 'N': 400, 'l': 1e-05}","{'Q': 447.36842105263156, 'gbar': 10.526315789473683, 'T': 10000, 'supervisor': array([[-1.89214982e-17],
       [ 4.44288287e-04],
       [ 8.88576529e-04],
       ...,
       [-1.33286468e-03],
       [-8.88576529e-04],
       [-4.44288287e-04]]), 'BIAS': array([[80.],
       [80.],
       [80.],
       [80.],
       [80.],
       [80.],
       [80.],
       [80.],
       [80.],
       [80.],
       [80.],
       [80.],
       [80.],
       [80.],
       [80.],
       [80.],
       [80.],
       [80.],
       [80.],
       [80.],
       [80.],
       [80.],
       [80.],
       [80.],
       [80.],
       [80.],
       [80.],
       [80.],
       [80.],
       [80.],
       [80.],
       [80.],
       [80.],
       [80.],
       [80.],
       [80.],
       [80.],
       [80.],
       [80.],
       [80.],
       [80.],
       [80.],
       [80.],
       [80.],
       [80.],
       [80.],
       [80.],
       [80.],
       [80.],
       [80.],
       [80.],
       [80.],
       [80.],
       [80.],
       [80.],
       [80.],
       [80.],
       [80.],
       [80.],
       [80.],
       [80.],
       [80.],
       [80.],
       [80.],
       [80.],
       [80.],
       [80.],
       [80.],
       [80.],
       [80.],
       [80.],
       [80.],
       [80.],
       [80.],
       [80.],
       [80.],
       [80.],
       [80.],
       [80.],
       [80.],
       [80.],
       [80.],
       [80.],
       [80.],
       [80.],
       [80.],
       [80.],
       [80.],
       [80.],
       [80.],
       [80.],
       [80.],
       [80.],
       [80.],
       [80.],
       [80.],
       [80.],
       [80.],
       [80.],
       [80.],
       [80.],
       [80.],
       [80.],
       [80.],
       [80.],
       [80.],
       [80.],
       [80.],
       [80.],
       [80.],
       [80.],
       [80.],
       [80.],
       [80.],
       [80.],
       [80.],
       [80.],
       [80.],
       [80.],
       [80.],
       [80.],
       [80.],
       [80.],
       [80.],
       [80.],
       [80.],
       [80.],
       [80.],
       [80.],
       [80.],
       [80.],
       [80.],
       [80.],
       [80.],
       [80.],
       [80.],
       [80.],
       [80.],
       [80.],
       [80.],
       [80.],
       [80.],
       [80.],
       [80.],
       [80.],
       [80.],
       [80.],
       [80.],
       [80.],
       [80.],
       [80.],
       [80.],
       [80.],
       [80.],
       [80.],
       [80.],
       [80.],
       [80.],
       [80.],
       [80.],
       [80.],
       [80.],
       [80.],
       [80.],
       [80.],
       [80.],
       [80.],
       [80.],
       [80.],
       [80.],
       [80.],
       [80.],
       [80.],
       [80.],
       [80.],
       [80.],
       [80.],
       [80.],
       [80.],
       [80.],
       [80.],
       [80.],
       [80.],
       [80.],
       [80.],
       [80.],
       [80.],
       [80.],
       [80.],
       [80.],
       [80.],
       [80.],
       [80.],
       [80.],
       [80.],
       [80.],
       [80.],
       [80.],
       [80.],
       [80.],
       [80.],
       [80.],
       [80.],
       [80.],
       [80.],
       [80.],
       [80.],
       [80.],
       [80.],
       [80.],
       [80.],
       [80.],
       [80.],
       [80.],
       [80.],
       [80.],
       [80.],
       [80.],
       [80.],
       [80.],
       [80.],
       [80.],
       [80.],
       [80.],
       [80.],
       [80.],
       [80.],
       [80.],
       [80.],
       [80.],
       [80.],
       [80.],
       [80.],
       [80.],
       [80.],
       [80.],
       [80.],
       [80.],
       [80.],
       [80.],
       [80.],
       [80.],
       [80.],
       [80.],
       [80.],
       [80.],
       [80.],
       [80.],
       [80.],
       [80.],
       [80.],
       [80.],
       [80.],
       [80.],
       [80.],
       [80.],
       [80.],
       [80.],
       [80.],
       [80.],
       [80.],
       [80.],
       [80.],
       [80.],
       [80.],
       [80.],
       [80.],
       [80.],
       [80.],
       [80.],
       [80.],
       [80.],
       [80.],
       [80.],
       [80.],
       [80.],
       [80.],
       [80.],
       [80.],
       [80.],
       [80.],
       [80.],
       [80.],
       [80.],
       [80.],
       [80.],
       [80.],
       [80.],
       [80.],
       [80.],
       [80.],
       [80.],
       [80.],
       [80.],
       [80.],
       [80.],
       [80.],
       [80.],
       [80.],
       [80.],
       [80.],
       [80.],
       [80.],
       [80.],
       [80.],
       [80.],
       [80.],
       [80.],
       [80.],
       [80.],
       [80.],
       [80.],
       [80.],
       [80.],
       [80.],
       [80.],
       [80.],
       [80.],
       [80.],
       [80.],
       [80.],
       [80.],
       [80.],
       [80.],
       [80.],
       [80.],
       [80.],
       [80.],
       [80.],
       [80.],
       [80.],
       [80.],
       [80.],
       [80.],
       [80.],
       [80.],
       [80.],
       [80.],
       [80.],
       [80.],
       [80.],
       [80.],
       [80.],
       [80.],
       [80.],
       [80.],
       [80.],
       [80.],
       [80.],
       [80.],
       [80.],
       [80.],
       [80.],
       [80.],
       [80.],
       [80.],
       [80.],
       [80.],
       [80.],
       [80.],
       [80.],
       [80.],
       [80.],
       [80.],
       [80.],
       [80.],
       [80.],
       [80.],
       [80.],
       [80.],
       [80.],
       [80.],
       [80.],
       [80.],
       [80.],
       [80.],
       [80.],
       [80.],
       [80.],
       [80.],
       [80.],
       [80.],
       [80.],
       [80.],
       [80.],
       [80.],
       [80.],
       [80.],
       [80.],
       [80.],
       [80.],
       [80.],
       [80.],
       [80.],
       [80.],
       [80.],
       [80.],
       [80.],
       [80.],
       [80.]]), 'dt': 0.01, 'N': 400, 'l': 1e-05}","{'Q': 447.36842105263156, 'gbar': 11.578947368421051, 'T': 10000, 'supervisor': array([[-1.89214982e-17],
       [ 4.44288287e-04],
       [ 8.88576529e-04],
       ...,
       [-1.33286468e-03],
       [-8.88576529e-04],
       [-4.44288287e-04]]), 'BIAS': array([[80.],
       [80.],
       [80.],
       [80.],
       [80.],
       [80.],
       [80.],
       [80.],
       [80.],
       [80.],
       [80.],
       [80.],
       [80.],
       [80.],
       [80.],
       [80.],
       [80.],
       [80.],
       [80.],
       [80.],
       [80.],
       [80.],
       [80.],
       [80.],
       [80.],
       [80.],
       [80.],
       [80.],
       [80.],
       [80.],
       [80.],
       [80.],
       [80.],
       [80.],
       [80.],
       [80.],
       [80.],
       [80.],
       [80.],
       [80.],
       [80.],
       [80.],
       [80.],
       [80.],
       [80.],
       [80.],
       [80.],
       [80.],
       [80.],
       [80.],
       [80.],
       [80.],
       [80.],
       [80.],
       [80.],
       [80.],
       [80.],
       [80.],
       [80.],
       [80.],
       [80.],
       [80.],
       [80.],
       [80.],
       [80.],
       [80.],
       [80.],
       [80.],
       [80.],
       [80.],
       [80.],
       [80.],
       [80.],
       [80.],
       [80.],
       [80.],
       [80.],
       [80.],
       [80.],
       [80.],
       [80.],
       [80.],
       [80.],
       [80.],
       [80.],
       [80.],
       [80.],
       [80.],
       [80.],
       [80.],
       [80.],
       [80.],
       [80.],
       [80.],
       [80.],
       [80.],
       [80.],
       [80.],
       [80.],
       [80.],
       [80.],
       [80.],
       [80.],
       [80.],
       [80.],
       [80.],
       [80.],
       [80.],
       [80.],
       [80.],
       [80.],
       [80.],
       [80.],
       [80.],
       [80.],
       [80.],
       [80.],
       [80.],
       [80.],
       [80.],
       [80.],
       [80.],
       [80.],
       [80.],
       [80.],
       [80.],
       [80.],
       [80.],
       [80.],
       [80.],
       [80.],
       [80.],
       [80.],
       [80.],
       [80.],
       [80.],
       [80.],
       [80.],
       [80.],
       [80.],
       [80.],
       [80.],
       [80.],
       [80.],
       [80.],
       [80.],
       [80.],
       [80.],
       [80.],
       [80.],
       [80.],
       [80.],
       [80.],
       [80.],
       [80.],
       [80.],
       [80.],
       [80.],
       [80.],
       [80.],
       [80.],
       [80.],
       [80.],
       [80.],
       [80.],
       [80.],
       [80.],
       [80.],
       [80.],
       [80.],
       [80.],
       [80.],
       [80.],
       [80.],
       [80.],
       [80.],
       [80.],
       [80.],
       [80.],
       [80.],
       [80.],
       [80.],
       [80.],
       [80.],
       [80.],
       [80.],
       [80.],
       [80.],
       [80.],
       [80.],
       [80.],
       [80.],
       [80.],
       [80.],
       [80.],
       [80.],
       [80.],
       [80.],
       [80.],
       [80.],
       [80.],
       [80.],
       [80.],
       [80.],
       [80.],
       [80.],
       [80.],
       [80.],
       [80.],
       [80.],
       [80.],
       [80.],
       [80.],
       [80.],
       [80.],
       [80.],
       [80.],
       [80.],
       [80.],
       [80.],
       [80.],
       [80.],
       [80.],
       [80.],
       [80.],
       [80.],
       [80.],
       [80.],
       [80.],
       [80.],
       [80.],
       [80.],
       [80.],
       [80.],
       [80.],
       [80.],
       [80.],
       [80.],
       [80.],
       [80.],
       [80.],
       [80.],
       [80.],
       [80.],
       [80.],
       [80.],
       [80.],
       [80.],
       [80.],
       [80.],
       [80.],
       [80.],
       [80.],
       [80.],
       [80.],
       [80.],
       [80.],
       [80.],
       [80.],
       [80.],
       [80.],
       [80.],
       [80.],
       [80.],
       [80.],
       [80.],
       [80.],
       [80.],
       [80.],
       [80.],
       [80.],
       [80.],
       [80.],
       [80.],
       [80.],
       [80.],
       [80.],
       [80.],
       [80.],
       [80.],
       [80.],
       [80.],
       [80.],
       [80.],
       [80.],
       [80.],
       [80.],
       [80.],
       [80.],
       [80.],
       [80.],
       [80.],
       [80.],
       [80.],
       [80.],
       [80.],
       [80.],
       [80.],
       [80.],
       [80.],
       [80.],
       [80.],
       [80.],
       [80.],
       [80.],
       [80.],
       [80.],
       [80.],
       [80.],
       [80.],
       [80.],
       [80.],
       [80.],
       [80.],
       [80.],
       [80.],
       [80.],
       [80.],
       [80.],
       [80.],
       [80.],
       [80.],
       [80.],
       [80.],
       [80.],
       [80.],
       [80.],
       [80.],
       [80.],
       [80.],
       [80.],
       [80.],
       [80.],
       [80.],
       [80.],
       [80.],
       [80.],
       [80.],
       [80.],
       [80.],
       [80.],
       [80.],
       [80.],
       [80.],
       [80.],
       [80.],
       [80.],
       [80.],
       [80.],
       [80.],
       [80.],
       [80.],
       [80.],
       [80.],
       [80.],
       [80.],
       [80.],
       [80.],
       [80.],
       [80.],
       [80.],
       [80.],
       [80.],
       [80.],
       [80.],
       [80.],
       [80.],
       [80.],
       [80.],
       [80.],
       [80.],
       [80.],
       [80.],
       [80.],
       [80.],
       [80.],
       [80.],
       [80.],
       [80.],
       [80.],
       [80.],
       [80.],
       [80.],
       [80.],
       [80.],
       [80.],
       [80.],
       [80.],
       [80.],
       [80.],
       [80.],
       [80.],
       [80.],
       [80.],
       [80.],
       [80.],
       [80.],
       [80.],
       [80.],
       [80.]]), 'dt': 0.01, 'N': 400, 'l': 1e-05}","{'Q': 447.36842105263156, 'gbar': 12.631578947368421, 'T': 10000, 'supervisor': array([[-1.89214982e-17],
       [ 4.44288287e-04],
       [ 8.88576529e-04],
       ...,
       [-1.33286468e-03],
       [-8.88576529e-04],
       [-4.44288287e-04]]), 'BIAS': array([[80.],
       [80.],
       [80.],
       [80.],
       [80.],
       [80.],
       [80.],
       [80.],
       [80.],
       [80.],
       [80.],
       [80.],
       [80.],
       [80.],
       [80.],
       [80.],
       [80.],
       [80.],
       [80.],
       [80.],
       [80.],
       [80.],
       [80.],
       [80.],
       [80.],
       [80.],
       [80.],
       [80.],
       [80.],
       [80.],
       [80.],
       [80.],
       [80.],
       [80.],
       [80.],
       [80.],
       [80.],
       [80.],
       [80.],
       [80.],
       [80.],
       [80.],
       [80.],
       [80.],
       [80.],
       [80.],
       [80.],
       [80.],
       [80.],
       [80.],
       [80.],
       [80.],
       [80.],
       [80.],
       [80.],
       [80.],
       [80.],
       [80.],
       [80.],
       [80.],
       [80.],
       [80.],
       [80.],
       [80.],
       [80.],
       [80.],
       [80.],
       [80.],
       [80.],
       [80.],
       [80.],
       [80.],
       [80.],
       [80.],
       [80.],
       [80.],
       [80.],
       [80.],
       [80.],
       [80.],
       [80.],
       [80.],
       [80.],
       [80.],
       [80.],
       [80.],
       [80.],
       [80.],
       [80.],
       [80.],
       [80.],
       [80.],
       [80.],
       [80.],
       [80.],
       [80.],
       [80.],
       [80.],
       [80.],
       [80.],
       [80.],
       [80.],
       [80.],
       [80.],
       [80.],
       [80.],
       [80.],
       [80.],
       [80.],
       [80.],
       [80.],
       [80.],
       [80.],
       [80.],
       [80.],
       [80.],
       [80.],
       [80.],
       [80.],
       [80.],
       [80.],
       [80.],
       [80.],
       [80.],
       [80.],
       [80.],
       [80.],
       [80.],
       [80.],
       [80.],
       [80.],
       [80.],
       [80.],
       [80.],
       [80.],
       [80.],
       [80.],
       [80.],
       [80.],
       [80.],
       [80.],
       [80.],
       [80.],
       [80.],
       [80.],
       [80.],
       [80.],
       [80.],
       [80.],
       [80.],
       [80.],
       [80.],
       [80.],
       [80.],
       [80.],
       [80.],
       [80.],
       [80.],
       [80.],
       [80.],
       [80.],
       [80.],
       [80.],
       [80.],
       [80.],
       [80.],
       [80.],
       [80.],
       [80.],
       [80.],
       [80.],
       [80.],
       [80.],
       [80.],
       [80.],
       [80.],
       [80.],
       [80.],
       [80.],
       [80.],
       [80.],
       [80.],
       [80.],
       [80.],
       [80.],
       [80.],
       [80.],
       [80.],
       [80.],
       [80.],
       [80.],
       [80.],
       [80.],
       [80.],
       [80.],
       [80.],
       [80.],
       [80.],
       [80.],
       [80.],
       [80.],
       [80.],
       [80.],
       [80.],
       [80.],
       [80.],
       [80.],
       [80.],
       [80.],
       [80.],
       [80.],
       [80.],
       [80.],
       [80.],
       [80.],
       [80.],
       [80.],
       [80.],
       [80.],
       [80.],
       [80.],
       [80.],
       [80.],
       [80.],
       [80.],
       [80.],
       [80.],
       [80.],
       [80.],
       [80.],
       [80.],
       [80.],
       [80.],
       [80.],
       [80.],
       [80.],
       [80.],
       [80.],
       [80.],
       [80.],
       [80.],
       [80.],
       [80.],
       [80.],
       [80.],
       [80.],
       [80.],
       [80.],
       [80.],
       [80.],
       [80.],
       [80.],
       [80.],
       [80.],
       [80.],
       [80.],
       [80.],
       [80.],
       [80.],
       [80.],
       [80.],
       [80.],
       [80.],
       [80.],
       [80.],
       [80.],
       [80.],
       [80.],
       [80.],
       [80.],
       [80.],
       [80.],
       [80.],
       [80.],
       [80.],
       [80.],
       [80.],
       [80.],
       [80.],
       [80.],
       [80.],
       [80.],
       [80.],
       [80.],
       [80.],
       [80.],
       [80.],
       [80.],
       [80.],
       [80.],
       [80.],
       [80.],
       [80.],
       [80.],
       [80.],
       [80.],
       [80.],
       [80.],
       [80.],
       [80.],
       [80.],
       [80.],
       [80.],
       [80.],
       [80.],
       [80.],
       [80.],
       [80.],
       [80.],
       [80.],
       [80.],
       [80.],
       [80.],
       [80.],
       [80.],
       [80.],
       [80.],
       [80.],
       [80.],
       [80.],
       [80.],
       [80.],
       [80.],
       [80.],
       [80.],
       [80.],
       [80.],
       [80.],
       [80.],
       [80.],
       [80.],
       [80.],
       [80.],
       [80.],
       [80.],
       [80.],
       [80.],
       [80.],
       [80.],
       [80.],
       [80.],
       [80.],
       [80.],
       [80.],
       [80.],
       [80.],
       [80.],
       [80.],
       [80.],
       [80.],
       [80.],
       [80.],
       [80.],
       [80.],
       [80.],
       [80.],
       [80.],
       [80.],
       [80.],
       [80.],
       [80.],
       [80.],
       [80.],
       [80.],
       [80.],
       [80.],
       [80.],
       [80.],
       [80.],
       [80.],
       [80.],
       [80.],
       [80.],
       [80.],
       [80.],
       [80.],
       [80.],
       [80.],
       [80.],
       [80.],
       [80.],
       [80.],
       [80.],
       [80.],
       [80.],
       [80.],
       [80.],
       [80.],
       [80.],
       [80.],
       [80.],
       [80.],
       [80.],
       [80.],
       [80.],
       [80.],
       [80.],
       [80.],
       [80.],
       [80.]]), 'dt': 0.01, 'N': 400, 'l': 1e-05}","{'Q': 447.36842105263156, 'gbar': 13.68421052631579, 'T': 10000, 'supervisor': array([[-1.89214982e-17],
       [ 4.44288287e-04],
       [ 8.88576529e-04],
       ...,
       [-1.33286468e-03],
       [-8.88576529e-04],
       [-4.44288287e-04]]), 'BIAS': array([[80.],
       [80.],
       [80.],
       [80.],
       [80.],
       [80.],
       [80.],
       [80.],
       [80.],
       [80.],
       [80.],
       [80.],
       [80.],
       [80.],
       [80.],
       [80.],
       [80.],
       [80.],
       [80.],
       [80.],
       [80.],
       [80.],
       [80.],
       [80.],
       [80.],
       [80.],
       [80.],
       [80.],
       [80.],
       [80.],
       [80.],
       [80.],
       [80.],
       [80.],
       [80.],
       [80.],
       [80.],
       [80.],
       [80.],
       [80.],
       [80.],
       [80.],
       [80.],
       [80.],
       [80.],
       [80.],
       [80.],
       [80.],
       [80.],
       [80.],
       [80.],
       [80.],
       [80.],
       [80.],
       [80.],
       [80.],
       [80.],
       [80.],
       [80.],
       [80.],
       [80.],
       [80.],
       [80.],
       [80.],
       [80.],
       [80.],
       [80.],
       [80.],
       [80.],
       [80.],
       [80.],
       [80.],
       [80.],
       [80.],
       [80.],
       [80.],
       [80.],
       [80.],
       [80.],
       [80.],
       [80.],
       [80.],
       [80.],
       [80.],
       [80.],
       [80.],
       [80.],
       [80.],
       [80.],
       [80.],
       [80.],
       [80.],
       [80.],
       [80.],
       [80.],
       [80.],
       [80.],
       [80.],
       [80.],
       [80.],
       [80.],
       [80.],
       [80.],
       [80.],
       [80.],
       [80.],
       [80.],
       [80.],
       [80.],
       [80.],
       [80.],
       [80.],
       [80.],
       [80.],
       [80.],
       [80.],
       [80.],
       [80.],
       [80.],
       [80.],
       [80.],
       [80.],
       [80.],
       [80.],
       [80.],
       [80.],
       [80.],
       [80.],
       [80.],
       [80.],
       [80.],
       [80.],
       [80.],
       [80.],
       [80.],
       [80.],
       [80.],
       [80.],
       [80.],
       [80.],
       [80.],
       [80.],
       [80.],
       [80.],
       [80.],
       [80.],
       [80.],
       [80.],
       [80.],
       [80.],
       [80.],
       [80.],
       [80.],
       [80.],
       [80.],
       [80.],
       [80.],
       [80.],
       [80.],
       [80.],
       [80.],
       [80.],
       [80.],
       [80.],
       [80.],
       [80.],
       [80.],
       [80.],
       [80.],
       [80.],
       [80.],
       [80.],
       [80.],
       [80.],
       [80.],
       [80.],
       [80.],
       [80.],
       [80.],
       [80.],
       [80.],
       [80.],
       [80.],
       [80.],
       [80.],
       [80.],
       [80.],
       [80.],
       [80.],
       [80.],
       [80.],
       [80.],
       [80.],
       [80.],
       [80.],
       [80.],
       [80.],
       [80.],
       [80.],
       [80.],
       [80.],
       [80.],
       [80.],
       [80.],
       [80.],
       [80.],
       [80.],
       [80.],
       [80.],
       [80.],
       [80.],
       [80.],
       [80.],
       [80.],
       [80.],
       [80.],
       [80.],
       [80.],
       [80.],
       [80.],
       [80.],
       [80.],
       [80.],
       [80.],
       [80.],
       [80.],
       [80.],
       [80.],
       [80.],
       [80.],
       [80.],
       [80.],
       [80.],
       [80.],
       [80.],
       [80.],
       [80.],
       [80.],
       [80.],
       [80.],
       [80.],
       [80.],
       [80.],
       [80.],
       [80.],
       [80.],
       [80.],
       [80.],
       [80.],
       [80.],
       [80.],
       [80.],
       [80.],
       [80.],
       [80.],
       [80.],
       [80.],
       [80.],
       [80.],
       [80.],
       [80.],
       [80.],
       [80.],
       [80.],
       [80.],
       [80.],
       [80.],
       [80.],
       [80.],
       [80.],
       [80.],
       [80.],
       [80.],
       [80.],
       [80.],
       [80.],
       [80.],
       [80.],
       [80.],
       [80.],
       [80.],
       [80.],
       [80.],
       [80.],
       [80.],
       [80.],
       [80.],
       [80.],
       [80.],
       [80.],
       [80.],
       [80.],
       [80.],
       [80.],
       [80.],
       [80.],
       [80.],
       [80.],
       [80.],
       [80.],
       [80.],
       [80.],
       [80.],
       [80.],
       [80.],
       [80.],
       [80.],
       [80.],
       [80.],
       [80.],
       [80.],
       [80.],
       [80.],
       [80.],
       [80.],
       [80.],
       [80.],
       [80.],
       [80.],
       [80.],
       [80.],
       [80.],
       [80.],
       [80.],
       [80.],
       [80.],
       [80.],
       [80.],
       [80.],
       [80.],
       [80.],
       [80.],
       [80.],
       [80.],
       [80.],
       [80.],
       [80.],
       [80.],
       [80.],
       [80.],
       [80.],
       [80.],
       [80.],
       [80.],
       [80.],
       [80.],
       [80.],
       [80.],
       [80.],
       [80.],
       [80.],
       [80.],
       [80.],
       [80.],
       [80.],
       [80.],
       [80.],
       [80.],
       [80.],
       [80.],
       [80.],
       [80.],
       [80.],
       [80.],
       [80.],
       [80.],
       [80.],
       [80.],
       [80.],
       [80.],
       [80.],
       [80.],
       [80.],
       [80.],
       [80.],
       [80.],
       [80.],
       [80.],
       [80.],
       [80.],
       [80.],
       [80.],
       [80.],
       [80.],
       [80.],
       [80.],
       [80.],
       [80.],
       [80.],
       [80.],
       [80.],
       [80.],
       [80.],
       [80.],
       [80.],
       [80.],
       [80.],
       [80.],
       [80.],
       [80.]]), 'dt': 0.01, 'N': 400, 'l': 1e-05}","{'Q': 447.36842105263156, 'gbar': 14.736842105263158, 'T': 10000, 'supervisor': array([[-1.89214982e-17],
       [ 4.44288287e-04],
       [ 8.88576529e-04],
       ...,
       [-1.33286468e-03],
       [-8.88576529e-04],
       [-4.44288287e-04]]), 'BIAS': array([[80.],
       [80.],
       [80.],
       [80.],
       [80.],
       [80.],
       [80.],
       [80.],
       [80.],
       [80.],
       [80.],
       [80.],
       [80.],
       [80.],
       [80.],
       [80.],
       [80.],
       [80.],
       [80.],
       [80.],
       [80.],
       [80.],
       [80.],
       [80.],
       [80.],
       [80.],
       [80.],
       [80.],
       [80.],
       [80.],
       [80.],
       [80.],
       [80.],
       [80.],
       [80.],
       [80.],
       [80.],
       [80.],
       [80.],
       [80.],
       [80.],
       [80.],
       [80.],
       [80.],
       [80.],
       [80.],
       [80.],
       [80.],
       [80.],
       [80.],
       [80.],
       [80.],
       [80.],
       [80.],
       [80.],
       [80.],
       [80.],
       [80.],
       [80.],
       [80.],
       [80.],
       [80.],
       [80.],
       [80.],
       [80.],
       [80.],
       [80.],
       [80.],
       [80.],
       [80.],
       [80.],
       [80.],
       [80.],
       [80.],
       [80.],
       [80.],
       [80.],
       [80.],
       [80.],
       [80.],
       [80.],
       [80.],
       [80.],
       [80.],
       [80.],
       [80.],
       [80.],
       [80.],
       [80.],
       [80.],
       [80.],
       [80.],
       [80.],
       [80.],
       [80.],
       [80.],
       [80.],
       [80.],
       [80.],
       [80.],
       [80.],
       [80.],
       [80.],
       [80.],
       [80.],
       [80.],
       [80.],
       [80.],
       [80.],
       [80.],
       [80.],
       [80.],
       [80.],
       [80.],
       [80.],
       [80.],
       [80.],
       [80.],
       [80.],
       [80.],
       [80.],
       [80.],
       [80.],
       [80.],
       [80.],
       [80.],
       [80.],
       [80.],
       [80.],
       [80.],
       [80.],
       [80.],
       [80.],
       [80.],
       [80.],
       [80.],
       [80.],
       [80.],
       [80.],
       [80.],
       [80.],
       [80.],
       [80.],
       [80.],
       [80.],
       [80.],
       [80.],
       [80.],
       [80.],
       [80.],
       [80.],
       [80.],
       [80.],
       [80.],
       [80.],
       [80.],
       [80.],
       [80.],
       [80.],
       [80.],
       [80.],
       [80.],
       [80.],
       [80.],
       [80.],
       [80.],
       [80.],
       [80.],
       [80.],
       [80.],
       [80.],
       [80.],
       [80.],
       [80.],
       [80.],
       [80.],
       [80.],
       [80.],
       [80.],
       [80.],
       [80.],
       [80.],
       [80.],
       [80.],
       [80.],
       [80.],
       [80.],
       [80.],
       [80.],
       [80.],
       [80.],
       [80.],
       [80.],
       [80.],
       [80.],
       [80.],
       [80.],
       [80.],
       [80.],
       [80.],
       [80.],
       [80.],
       [80.],
       [80.],
       [80.],
       [80.],
       [80.],
       [80.],
       [80.],
       [80.],
       [80.],
       [80.],
       [80.],
       [80.],
       [80.],
       [80.],
       [80.],
       [80.],
       [80.],
       [80.],
       [80.],
       [80.],
       [80.],
       [80.],
       [80.],
       [80.],
       [80.],
       [80.],
       [80.],
       [80.],
       [80.],
       [80.],
       [80.],
       [80.],
       [80.],
       [80.],
       [80.],
       [80.],
       [80.],
       [80.],
       [80.],
       [80.],
       [80.],
       [80.],
       [80.],
       [80.],
       [80.],
       [80.],
       [80.],
       [80.],
       [80.],
       [80.],
       [80.],
       [80.],
       [80.],
       [80.],
       [80.],
       [80.],
       [80.],
       [80.],
       [80.],
       [80.],
       [80.],
       [80.],
       [80.],
       [80.],
       [80.],
       [80.],
       [80.],
       [80.],
       [80.],
       [80.],
       [80.],
       [80.],
       [80.],
       [80.],
       [80.],
       [80.],
       [80.],
       [80.],
       [80.],
       [80.],
       [80.],
       [80.],
       [80.],
       [80.],
       [80.],
       [80.],
       [80.],
       [80.],
       [80.],
       [80.],
       [80.],
       [80.],
       [80.],
       [80.],
       [80.],
       [80.],
       [80.],
       [80.],
       [80.],
       [80.],
       [80.],
       [80.],
       [80.],
       [80.],
       [80.],
       [80.],
       [80.],
       [80.],
       [80.],
       [80.],
       [80.],
       [80.],
       [80.],
       [80.],
       [80.],
       [80.],
       [80.],
       [80.],
       [80.],
       [80.],
       [80.],
       [80.],
       [80.],
       [80.],
       [80.],
       [80.],
       [80.],
       [80.],
       [80.],
       [80.],
       [80.],
       [80.],
       [80.],
       [80.],
       [80.],
       [80.],
       [80.],
       [80.],
       [80.],
       [80.],
       [80.],
       [80.],
       [80.],
       [80.],
       [80.],
       [80.],
       [80.],
       [80.],
       [80.],
       [80.],
       [80.],
       [80.],
       [80.],
       [80.],
       [80.],
       [80.],
       [80.],
       [80.],
       [80.],
       [80.],
       [80.],
       [80.],
       [80.],
       [80.],
       [80.],
       [80.],
       [80.],
       [80.],
       [80.],
       [80.],
       [80.],
       [80.],
       [80.],
       [80.],
       [80.],
       [80.],
       [80.],
       [80.],
       [80.],
       [80.],
       [80.],
       [80.],
       [80.],
       [80.],
       [80.],
       [80.],
       [80.],
       [80.],
       [80.],
       [80.],
       [80.],
       [80.],
       [80.],
       [80.],
       [80.],
       [80.],
       [80.],
       [80.]]), 'dt': 0.01, 'N': 400, 'l': 1e-05}","{'Q': 447.36842105263156, 'gbar': 15.789473684210526, 'T': 10000, 'supervisor': array([[-1.89214982e-17],
       [ 4.44288287e-04],
       [ 8.88576529e-04],
       ...,
       [-1.33286468e-03],
       [-8.88576529e-04],
       [-4.44288287e-04]]), 'BIAS': array([[80.],
       [80.],
       [80.],
       [80.],
       [80.],
       [80.],
       [80.],
       [80.],
       [80.],
       [80.],
       [80.],
       [80.],
       [80.],
       [80.],
       [80.],
       [80.],
       [80.],
       [80.],
       [80.],
       [80.],
       [80.],
       [80.],
       [80.],
       [80.],
       [80.],
       [80.],
       [80.],
       [80.],
       [80.],
       [80.],
       [80.],
       [80.],
       [80.],
       [80.],
       [80.],
       [80.],
       [80.],
       [80.],
       [80.],
       [80.],
       [80.],
       [80.],
       [80.],
       [80.],
       [80.],
       [80.],
       [80.],
       [80.],
       [80.],
       [80.],
       [80.],
       [80.],
       [80.],
       [80.],
       [80.],
       [80.],
       [80.],
       [80.],
       [80.],
       [80.],
       [80.],
       [80.],
       [80.],
       [80.],
       [80.],
       [80.],
       [80.],
       [80.],
       [80.],
       [80.],
       [80.],
       [80.],
       [80.],
       [80.],
       [80.],
       [80.],
       [80.],
       [80.],
       [80.],
       [80.],
       [80.],
       [80.],
       [80.],
       [80.],
       [80.],
       [80.],
       [80.],
       [80.],
       [80.],
       [80.],
       [80.],
       [80.],
       [80.],
       [80.],
       [80.],
       [80.],
       [80.],
       [80.],
       [80.],
       [80.],
       [80.],
       [80.],
       [80.],
       [80.],
       [80.],
       [80.],
       [80.],
       [80.],
       [80.],
       [80.],
       [80.],
       [80.],
       [80.],
       [80.],
       [80.],
       [80.],
       [80.],
       [80.],
       [80.],
       [80.],
       [80.],
       [80.],
       [80.],
       [80.],
       [80.],
       [80.],
       [80.],
       [80.],
       [80.],
       [80.],
       [80.],
       [80.],
       [80.],
       [80.],
       [80.],
       [80.],
       [80.],
       [80.],
       [80.],
       [80.],
       [80.],
       [80.],
       [80.],
       [80.],
       [80.],
       [80.],
       [80.],
       [80.],
       [80.],
       [80.],
       [80.],
       [80.],
       [80.],
       [80.],
       [80.],
       [80.],
       [80.],
       [80.],
       [80.],
       [80.],
       [80.],
       [80.],
       [80.],
       [80.],
       [80.],
       [80.],
       [80.],
       [80.],
       [80.],
       [80.],
       [80.],
       [80.],
       [80.],
       [80.],
       [80.],
       [80.],
       [80.],
       [80.],
       [80.],
       [80.],
       [80.],
       [80.],
       [80.],
       [80.],
       [80.],
       [80.],
       [80.],
       [80.],
       [80.],
       [80.],
       [80.],
       [80.],
       [80.],
       [80.],
       [80.],
       [80.],
       [80.],
       [80.],
       [80.],
       [80.],
       [80.],
       [80.],
       [80.],
       [80.],
       [80.],
       [80.],
       [80.],
       [80.],
       [80.],
       [80.],
       [80.],
       [80.],
       [80.],
       [80.],
       [80.],
       [80.],
       [80.],
       [80.],
       [80.],
       [80.],
       [80.],
       [80.],
       [80.],
       [80.],
       [80.],
       [80.],
       [80.],
       [80.],
       [80.],
       [80.],
       [80.],
       [80.],
       [80.],
       [80.],
       [80.],
       [80.],
       [80.],
       [80.],
       [80.],
       [80.],
       [80.],
       [80.],
       [80.],
       [80.],
       [80.],
       [80.],
       [80.],
       [80.],
       [80.],
       [80.],
       [80.],
       [80.],
       [80.],
       [80.],
       [80.],
       [80.],
       [80.],
       [80.],
       [80.],
       [80.],
       [80.],
       [80.],
       [80.],
       [80.],
       [80.],
       [80.],
       [80.],
       [80.],
       [80.],
       [80.],
       [80.],
       [80.],
       [80.],
       [80.],
       [80.],
       [80.],
       [80.],
       [80.],
       [80.],
       [80.],
       [80.],
       [80.],
       [80.],
       [80.],
       [80.],
       [80.],
       [80.],
       [80.],
       [80.],
       [80.],
       [80.],
       [80.],
       [80.],
       [80.],
       [80.],
       [80.],
       [80.],
       [80.],
       [80.],
       [80.],
       [80.],
       [80.],
       [80.],
       [80.],
       [80.],
       [80.],
       [80.],
       [80.],
       [80.],
       [80.],
       [80.],
       [80.],
       [80.],
       [80.],
       [80.],
       [80.],
       [80.],
       [80.],
       [80.],
       [80.],
       [80.],
       [80.],
       [80.],
       [80.],
       [80.],
       [80.],
       [80.],
       [80.],
       [80.],
       [80.],
       [80.],
       [80.],
       [80.],
       [80.],
       [80.],
       [80.],
       [80.],
       [80.],
       [80.],
       [80.],
       [80.],
       [80.],
       [80.],
       [80.],
       [80.],
       [80.],
       [80.],
       [80.],
       [80.],
       [80.],
       [80.],
       [80.],
       [80.],
       [80.],
       [80.],
       [80.],
       [80.],
       [80.],
       [80.],
       [80.],
       [80.],
       [80.],
       [80.],
       [80.],
       [80.],
       [80.],
       [80.],
       [80.],
       [80.],
       [80.],
       [80.],
       [80.],
       [80.],
       [80.],
       [80.],
       [80.],
       [80.],
       [80.],
       [80.],
       [80.],
       [80.],
       [80.],
       [80.],
       [80.],
       [80.],
       [80.],
       [80.],
       [80.],
       [80.],
       [80.],
       [80.],
       [80.],
       [80.],
       [80.],
       [80.],
       [80.],
       [80.],
       [80.],
       [80.],
       [80.]]), 'dt': 0.01, 'N': 400, 'l': 1e-05}","{'Q': 447.36842105263156, 'gbar': 16.842105263157894, 'T': 10000, 'supervisor': array([[-1.89214982e-17],
       [ 4.44288287e-04],
       [ 8.88576529e-04],
       ...,
       [-1.33286468e-03],
       [-8.88576529e-04],
       [-4.44288287e-04]]), 'BIAS': array([[80.],
       [80.],
       [80.],
       [80.],
       [80.],
       [80.],
       [80.],
       [80.],
       [80.],
       [80.],
       [80.],
       [80.],
       [80.],
       [80.],
       [80.],
       [80.],
       [80.],
       [80.],
       [80.],
       [80.],
       [80.],
       [80.],
       [80.],
       [80.],
       [80.],
       [80.],
       [80.],
       [80.],
       [80.],
       [80.],
       [80.],
       [80.],
       [80.],
       [80.],
       [80.],
       [80.],
       [80.],
       [80.],
       [80.],
       [80.],
       [80.],
       [80.],
       [80.],
       [80.],
       [80.],
       [80.],
       [80.],
       [80.],
       [80.],
       [80.],
       [80.],
       [80.],
       [80.],
       [80.],
       [80.],
       [80.],
       [80.],
       [80.],
       [80.],
       [80.],
       [80.],
       [80.],
       [80.],
       [80.],
       [80.],
       [80.],
       [80.],
       [80.],
       [80.],
       [80.],
       [80.],
       [80.],
       [80.],
       [80.],
       [80.],
       [80.],
       [80.],
       [80.],
       [80.],
       [80.],
       [80.],
       [80.],
       [80.],
       [80.],
       [80.],
       [80.],
       [80.],
       [80.],
       [80.],
       [80.],
       [80.],
       [80.],
       [80.],
       [80.],
       [80.],
       [80.],
       [80.],
       [80.],
       [80.],
       [80.],
       [80.],
       [80.],
       [80.],
       [80.],
       [80.],
       [80.],
       [80.],
       [80.],
       [80.],
       [80.],
       [80.],
       [80.],
       [80.],
       [80.],
       [80.],
       [80.],
       [80.],
       [80.],
       [80.],
       [80.],
       [80.],
       [80.],
       [80.],
       [80.],
       [80.],
       [80.],
       [80.],
       [80.],
       [80.],
       [80.],
       [80.],
       [80.],
       [80.],
       [80.],
       [80.],
       [80.],
       [80.],
       [80.],
       [80.],
       [80.],
       [80.],
       [80.],
       [80.],
       [80.],
       [80.],
       [80.],
       [80.],
       [80.],
       [80.],
       [80.],
       [80.],
       [80.],
       [80.],
       [80.],
       [80.],
       [80.],
       [80.],
       [80.],
       [80.],
       [80.],
       [80.],
       [80.],
       [80.],
       [80.],
       [80.],
       [80.],
       [80.],
       [80.],
       [80.],
       [80.],
       [80.],
       [80.],
       [80.],
       [80.],
       [80.],
       [80.],
       [80.],
       [80.],
       [80.],
       [80.],
       [80.],
       [80.],
       [80.],
       [80.],
       [80.],
       [80.],
       [80.],
       [80.],
       [80.],
       [80.],
       [80.],
       [80.],
       [80.],
       [80.],
       [80.],
       [80.],
       [80.],
       [80.],
       [80.],
       [80.],
       [80.],
       [80.],
       [80.],
       [80.],
       [80.],
       [80.],
       [80.],
       [80.],
       [80.],
       [80.],
       [80.],
       [80.],
       [80.],
       [80.],
       [80.],
       [80.],
       [80.],
       [80.],
       [80.],
       [80.],
       [80.],
       [80.],
       [80.],
       [80.],
       [80.],
       [80.],
       [80.],
       [80.],
       [80.],
       [80.],
       [80.],
       [80.],
       [80.],
       [80.],
       [80.],
       [80.],
       [80.],
       [80.],
       [80.],
       [80.],
       [80.],
       [80.],
       [80.],
       [80.],
       [80.],
       [80.],
       [80.],
       [80.],
       [80.],
       [80.],
       [80.],
       [80.],
       [80.],
       [80.],
       [80.],
       [80.],
       [80.],
       [80.],
       [80.],
       [80.],
       [80.],
       [80.],
       [80.],
       [80.],
       [80.],
       [80.],
       [80.],
       [80.],
       [80.],
       [80.],
       [80.],
       [80.],
       [80.],
       [80.],
       [80.],
       [80.],
       [80.],
       [80.],
       [80.],
       [80.],
       [80.],
       [80.],
       [80.],
       [80.],
       [80.],
       [80.],
       [80.],
       [80.],
       [80.],
       [80.],
       [80.],
       [80.],
       [80.],
       [80.],
       [80.],
       [80.],
       [80.],
       [80.],
       [80.],
       [80.],
       [80.],
       [80.],
       [80.],
       [80.],
       [80.],
       [80.],
       [80.],
       [80.],
       [80.],
       [80.],
       [80.],
       [80.],
       [80.],
       [80.],
       [80.],
       [80.],
       [80.],
       [80.],
       [80.],
       [80.],
       [80.],
       [80.],
       [80.],
       [80.],
       [80.],
       [80.],
       [80.],
       [80.],
       [80.],
       [80.],
       [80.],
       [80.],
       [80.],
       [80.],
       [80.],
       [80.],
       [80.],
       [80.],
       [80.],
       [80.],
       [80.],
       [80.],
       [80.],
       [80.],
       [80.],
       [80.],
       [80.],
       [80.],
       [80.],
       [80.],
       [80.],
       [80.],
       [80.],
       [80.],
       [80.],
       [80.],
       [80.],
       [80.],
       [80.],
       [80.],
       [80.],
       [80.],
       [80.],
       [80.],
       [80.],
       [80.],
       [80.],
       [80.],
       [80.],
       [80.],
       [80.],
       [80.],
       [80.],
       [80.],
       [80.],
       [80.],
       [80.],
       [80.],
       [80.],
       [80.],
       [80.],
       [80.],
       [80.],
       [80.],
       [80.],
       [80.],
       [80.],
       [80.],
       [80.],
       [80.],
       [80.],
       [80.],
       [80.],
       [80.],
       [80.],
       [80.],
       [80.],
       [80.],
       [80.],
       [80.]]), 'dt': 0.01, 'N': 400, 'l': 1e-05}","{'Q': 447.36842105263156, 'gbar': 17.894736842105264, 'T': 10000, 'supervisor': array([[-1.89214982e-17],
       [ 4.44288287e-04],
       [ 8.88576529e-04],
       ...,
       [-1.33286468e-03],
       [-8.88576529e-04],
       [-4.44288287e-04]]), 'BIAS': array([[80.],
       [80.],
       [80.],
       [80.],
       [80.],
       [80.],
       [80.],
       [80.],
       [80.],
       [80.],
       [80.],
       [80.],
       [80.],
       [80.],
       [80.],
       [80.],
       [80.],
       [80.],
       [80.],
       [80.],
       [80.],
       [80.],
       [80.],
       [80.],
       [80.],
       [80.],
       [80.],
       [80.],
       [80.],
       [80.],
       [80.],
       [80.],
       [80.],
       [80.],
       [80.],
       [80.],
       [80.],
       [80.],
       [80.],
       [80.],
       [80.],
       [80.],
       [80.],
       [80.],
       [80.],
       [80.],
       [80.],
       [80.],
       [80.],
       [80.],
       [80.],
       [80.],
       [80.],
       [80.],
       [80.],
       [80.],
       [80.],
       [80.],
       [80.],
       [80.],
       [80.],
       [80.],
       [80.],
       [80.],
       [80.],
       [80.],
       [80.],
       [80.],
       [80.],
       [80.],
       [80.],
       [80.],
       [80.],
       [80.],
       [80.],
       [80.],
       [80.],
       [80.],
       [80.],
       [80.],
       [80.],
       [80.],
       [80.],
       [80.],
       [80.],
       [80.],
       [80.],
       [80.],
       [80.],
       [80.],
       [80.],
       [80.],
       [80.],
       [80.],
       [80.],
       [80.],
       [80.],
       [80.],
       [80.],
       [80.],
       [80.],
       [80.],
       [80.],
       [80.],
       [80.],
       [80.],
       [80.],
       [80.],
       [80.],
       [80.],
       [80.],
       [80.],
       [80.],
       [80.],
       [80.],
       [80.],
       [80.],
       [80.],
       [80.],
       [80.],
       [80.],
       [80.],
       [80.],
       [80.],
       [80.],
       [80.],
       [80.],
       [80.],
       [80.],
       [80.],
       [80.],
       [80.],
       [80.],
       [80.],
       [80.],
       [80.],
       [80.],
       [80.],
       [80.],
       [80.],
       [80.],
       [80.],
       [80.],
       [80.],
       [80.],
       [80.],
       [80.],
       [80.],
       [80.],
       [80.],
       [80.],
       [80.],
       [80.],
       [80.],
       [80.],
       [80.],
       [80.],
       [80.],
       [80.],
       [80.],
       [80.],
       [80.],
       [80.],
       [80.],
       [80.],
       [80.],
       [80.],
       [80.],
       [80.],
       [80.],
       [80.],
       [80.],
       [80.],
       [80.],
       [80.],
       [80.],
       [80.],
       [80.],
       [80.],
       [80.],
       [80.],
       [80.],
       [80.],
       [80.],
       [80.],
       [80.],
       [80.],
       [80.],
       [80.],
       [80.],
       [80.],
       [80.],
       [80.],
       [80.],
       [80.],
       [80.],
       [80.],
       [80.],
       [80.],
       [80.],
       [80.],
       [80.],
       [80.],
       [80.],
       [80.],
       [80.],
       [80.],
       [80.],
       [80.],
       [80.],
       [80.],
       [80.],
       [80.],
       [80.],
       [80.],
       [80.],
       [80.],
       [80.],
       [80.],
       [80.],
       [80.],
       [80.],
       [80.],
       [80.],
       [80.],
       [80.],
       [80.],
       [80.],
       [80.],
       [80.],
       [80.],
       [80.],
       [80.],
       [80.],
       [80.],
       [80.],
       [80.],
       [80.],
       [80.],
       [80.],
       [80.],
       [80.],
       [80.],
       [80.],
       [80.],
       [80.],
       [80.],
       [80.],
       [80.],
       [80.],
       [80.],
       [80.],
       [80.],
       [80.],
       [80.],
       [80.],
       [80.],
       [80.],
       [80.],
       [80.],
       [80.],
       [80.],
       [80.],
       [80.],
       [80.],
       [80.],
       [80.],
       [80.],
       [80.],
       [80.],
       [80.],
       [80.],
       [80.],
       [80.],
       [80.],
       [80.],
       [80.],
       [80.],
       [80.],
       [80.],
       [80.],
       [80.],
       [80.],
       [80.],
       [80.],
       [80.],
       [80.],
       [80.],
       [80.],
       [80.],
       [80.],
       [80.],
       [80.],
       [80.],
       [80.],
       [80.],
       [80.],
       [80.],
       [80.],
       [80.],
       [80.],
       [80.],
       [80.],
       [80.],
       [80.],
       [80.],
       [80.],
       [80.],
       [80.],
       [80.],
       [80.],
       [80.],
       [80.],
       [80.],
       [80.],
       [80.],
       [80.],
       [80.],
       [80.],
       [80.],
       [80.],
       [80.],
       [80.],
       [80.],
       [80.],
       [80.],
       [80.],
       [80.],
       [80.],
       [80.],
       [80.],
       [80.],
       [80.],
       [80.],
       [80.],
       [80.],
       [80.],
       [80.],
       [80.],
       [80.],
       [80.],
       [80.],
       [80.],
       [80.],
       [80.],
       [80.],
       [80.],
       [80.],
       [80.],
       [80.],
       [80.],
       [80.],
       [80.],
       [80.],
       [80.],
       [80.],
       [80.],
       [80.],
       [80.],
       [80.],
       [80.],
       [80.],
       [80.],
       [80.],
       [80.],
       [80.],
       [80.],
       [80.],
       [80.],
       [80.],
       [80.],
       [80.],
       [80.],
       [80.],
       [80.],
       [80.],
       [80.],
       [80.],
       [80.],
       [80.],
       [80.],
       [80.],
       [80.],
       [80.],
       [80.],
       [80.],
       [80.],
       [80.],
       [80.],
       [80.],
       [80.],
       [80.],
       [80.],
       [80.],
       [80.],
       [80.],
       [80.],
       [80.],
       [80.],
       [80.]]), 'dt': 0.01, 'N': 400, 'l': 1e-05}","{'Q': 447.36842105263156, 'gbar': 18.94736842105263, 'T': 10000, 'supervisor': array([[-1.89214982e-17],
       [ 4.44288287e-04],
       [ 8.88576529e-04],
       ...,
       [-1.33286468e-03],
       [-8.88576529e-04],
       [-4.44288287e-04]]), 'BIAS': array([[80.],
       [80.],
       [80.],
       [80.],
       [80.],
       [80.],
       [80.],
       [80.],
       [80.],
       [80.],
       [80.],
       [80.],
       [80.],
       [80.],
       [80.],
       [80.],
       [80.],
       [80.],
       [80.],
       [80.],
       [80.],
       [80.],
       [80.],
       [80.],
       [80.],
       [80.],
       [80.],
       [80.],
       [80.],
       [80.],
       [80.],
       [80.],
       [80.],
       [80.],
       [80.],
       [80.],
       [80.],
       [80.],
       [80.],
       [80.],
       [80.],
       [80.],
       [80.],
       [80.],
       [80.],
       [80.],
       [80.],
       [80.],
       [80.],
       [80.],
       [80.],
       [80.],
       [80.],
       [80.],
       [80.],
       [80.],
       [80.],
       [80.],
       [80.],
       [80.],
       [80.],
       [80.],
       [80.],
       [80.],
       [80.],
       [80.],
       [80.],
       [80.],
       [80.],
       [80.],
       [80.],
       [80.],
       [80.],
       [80.],
       [80.],
       [80.],
       [80.],
       [80.],
       [80.],
       [80.],
       [80.],
       [80.],
       [80.],
       [80.],
       [80.],
       [80.],
       [80.],
       [80.],
       [80.],
       [80.],
       [80.],
       [80.],
       [80.],
       [80.],
       [80.],
       [80.],
       [80.],
       [80.],
       [80.],
       [80.],
       [80.],
       [80.],
       [80.],
       [80.],
       [80.],
       [80.],
       [80.],
       [80.],
       [80.],
       [80.],
       [80.],
       [80.],
       [80.],
       [80.],
       [80.],
       [80.],
       [80.],
       [80.],
       [80.],
       [80.],
       [80.],
       [80.],
       [80.],
       [80.],
       [80.],
       [80.],
       [80.],
       [80.],
       [80.],
       [80.],
       [80.],
       [80.],
       [80.],
       [80.],
       [80.],
       [80.],
       [80.],
       [80.],
       [80.],
       [80.],
       [80.],
       [80.],
       [80.],
       [80.],
       [80.],
       [80.],
       [80.],
       [80.],
       [80.],
       [80.],
       [80.],
       [80.],
       [80.],
       [80.],
       [80.],
       [80.],
       [80.],
       [80.],
       [80.],
       [80.],
       [80.],
       [80.],
       [80.],
       [80.],
       [80.],
       [80.],
       [80.],
       [80.],
       [80.],
       [80.],
       [80.],
       [80.],
       [80.],
       [80.],
       [80.],
       [80.],
       [80.],
       [80.],
       [80.],
       [80.],
       [80.],
       [80.],
       [80.],
       [80.],
       [80.],
       [80.],
       [80.],
       [80.],
       [80.],
       [80.],
       [80.],
       [80.],
       [80.],
       [80.],
       [80.],
       [80.],
       [80.],
       [80.],
       [80.],
       [80.],
       [80.],
       [80.],
       [80.],
       [80.],
       [80.],
       [80.],
       [80.],
       [80.],
       [80.],
       [80.],
       [80.],
       [80.],
       [80.],
       [80.],
       [80.],
       [80.],
       [80.],
       [80.],
       [80.],
       [80.],
       [80.],
       [80.],
       [80.],
       [80.],
       [80.],
       [80.],
       [80.],
       [80.],
       [80.],
       [80.],
       [80.],
       [80.],
       [80.],
       [80.],
       [80.],
       [80.],
       [80.],
       [80.],
       [80.],
       [80.],
       [80.],
       [80.],
       [80.],
       [80.],
       [80.],
       [80.],
       [80.],
       [80.],
       [80.],
       [80.],
       [80.],
       [80.],
       [80.],
       [80.],
       [80.],
       [80.],
       [80.],
       [80.],
       [80.],
       [80.],
       [80.],
       [80.],
       [80.],
       [80.],
       [80.],
       [80.],
       [80.],
       [80.],
       [80.],
       [80.],
       [80.],
       [80.],
       [80.],
       [80.],
       [80.],
       [80.],
       [80.],
       [80.],
       [80.],
       [80.],
       [80.],
       [80.],
       [80.],
       [80.],
       [80.],
       [80.],
       [80.],
       [80.],
       [80.],
       [80.],
       [80.],
       [80.],
       [80.],
       [80.],
       [80.],
       [80.],
       [80.],
       [80.],
       [80.],
       [80.],
       [80.],
       [80.],
       [80.],
       [80.],
       [80.],
       [80.],
       [80.],
       [80.],
       [80.],
       [80.],
       [80.],
       [80.],
       [80.],
       [80.],
       [80.],
       [80.],
       [80.],
       [80.],
       [80.],
       [80.],
       [80.],
       [80.],
       [80.],
       [80.],
       [80.],
       [80.],
       [80.],
       [80.],
       [80.],
       [80.],
       [80.],
       [80.],
       [80.],
       [80.],
       [80.],
       [80.],
       [80.],
       [80.],
       [80.],
       [80.],
       [80.],
       [80.],
       [80.],
       [80.],
       [80.],
       [80.],
       [80.],
       [80.],
       [80.],
       [80.],
       [80.],
       [80.],
       [80.],
       [80.],
       [80.],
       [80.],
       [80.],
       [80.],
       [80.],
       [80.],
       [80.],
       [80.],
       [80.],
       [80.],
       [80.],
       [80.],
       [80.],
       [80.],
       [80.],
       [80.],
       [80.],
       [80.],
       [80.],
       [80.],
       [80.],
       [80.],
       [80.],
       [80.],
       [80.],
       [80.],
       [80.],
       [80.],
       [80.],
       [80.],
       [80.],
       [80.],
       [80.],
       [80.],
       [80.],
       [80.],
       [80.],
       [80.],
       [80.],
       [80.],
       [80.],
       [80.],
       [80.],
       [80.],
       [80.],
       [80.]]), 'dt': 0.01, 'N': 400, 'l': 1e-05}","{'Q': 447.36842105263156, 'gbar': 20.0, 'T': 10000, 'supervisor': array([[-1.89214982e-17],
       [ 4.44288287e-04],
       [ 8.88576529e-04],
       ...,
       [-1.33286468e-03],
       [-8.88576529e-04],
       [-4.44288287e-04]]), 'BIAS': array([[80.],
       [80.],
       [80.],
       [80.],
       [80.],
       [80.],
       [80.],
       [80.],
       [80.],
       [80.],
       [80.],
       [80.],
       [80.],
       [80.],
       [80.],
       [80.],
       [80.],
       [80.],
       [80.],
       [80.],
       [80.],
       [80.],
       [80.],
       [80.],
       [80.],
       [80.],
       [80.],
       [80.],
       [80.],
       [80.],
       [80.],
       [80.],
       [80.],
       [80.],
       [80.],
       [80.],
       [80.],
       [80.],
       [80.],
       [80.],
       [80.],
       [80.],
       [80.],
       [80.],
       [80.],
       [80.],
       [80.],
       [80.],
       [80.],
       [80.],
       [80.],
       [80.],
       [80.],
       [80.],
       [80.],
       [80.],
       [80.],
       [80.],
       [80.],
       [80.],
       [80.],
       [80.],
       [80.],
       [80.],
       [80.],
       [80.],
       [80.],
       [80.],
       [80.],
       [80.],
       [80.],
       [80.],
       [80.],
       [80.],
       [80.],
       [80.],
       [80.],
       [80.],
       [80.],
       [80.],
       [80.],
       [80.],
       [80.],
       [80.],
       [80.],
       [80.],
       [80.],
       [80.],
       [80.],
       [80.],
       [80.],
       [80.],
       [80.],
       [80.],
       [80.],
       [80.],
       [80.],
       [80.],
       [80.],
       [80.],
       [80.],
       [80.],
       [80.],
       [80.],
       [80.],
       [80.],
       [80.],
       [80.],
       [80.],
       [80.],
       [80.],
       [80.],
       [80.],
       [80.],
       [80.],
       [80.],
       [80.],
       [80.],
       [80.],
       [80.],
       [80.],
       [80.],
       [80.],
       [80.],
       [80.],
       [80.],
       [80.],
       [80.],
       [80.],
       [80.],
       [80.],
       [80.],
       [80.],
       [80.],
       [80.],
       [80.],
       [80.],
       [80.],
       [80.],
       [80.],
       [80.],
       [80.],
       [80.],
       [80.],
       [80.],
       [80.],
       [80.],
       [80.],
       [80.],
       [80.],
       [80.],
       [80.],
       [80.],
       [80.],
       [80.],
       [80.],
       [80.],
       [80.],
       [80.],
       [80.],
       [80.],
       [80.],
       [80.],
       [80.],
       [80.],
       [80.],
       [80.],
       [80.],
       [80.],
       [80.],
       [80.],
       [80.],
       [80.],
       [80.],
       [80.],
       [80.],
       [80.],
       [80.],
       [80.],
       [80.],
       [80.],
       [80.],
       [80.],
       [80.],
       [80.],
       [80.],
       [80.],
       [80.],
       [80.],
       [80.],
       [80.],
       [80.],
       [80.],
       [80.],
       [80.],
       [80.],
       [80.],
       [80.],
       [80.],
       [80.],
       [80.],
       [80.],
       [80.],
       [80.],
       [80.],
       [80.],
       [80.],
       [80.],
       [80.],
       [80.],
       [80.],
       [80.],
       [80.],
       [80.],
       [80.],
       [80.],
       [80.],
       [80.],
       [80.],
       [80.],
       [80.],
       [80.],
       [80.],
       [80.],
       [80.],
       [80.],
       [80.],
       [80.],
       [80.],
       [80.],
       [80.],
       [80.],
       [80.],
       [80.],
       [80.],
       [80.],
       [80.],
       [80.],
       [80.],
       [80.],
       [80.],
       [80.],
       [80.],
       [80.],
       [80.],
       [80.],
       [80.],
       [80.],
       [80.],
       [80.],
       [80.],
       [80.],
       [80.],
       [80.],
       [80.],
       [80.],
       [80.],
       [80.],
       [80.],
       [80.],
       [80.],
       [80.],
       [80.],
       [80.],
       [80.],
       [80.],
       [80.],
       [80.],
       [80.],
       [80.],
       [80.],
       [80.],
       [80.],
       [80.],
       [80.],
       [80.],
       [80.],
       [80.],
       [80.],
       [80.],
       [80.],
       [80.],
       [80.],
       [80.],
       [80.],
       [80.],
       [80.],
       [80.],
       [80.],
       [80.],
       [80.],
       [80.],
       [80.],
       [80.],
       [80.],
       [80.],
       [80.],
       [80.],
       [80.],
       [80.],
       [80.],
       [80.],
       [80.],
       [80.],
       [80.],
       [80.],
       [80.],
       [80.],
       [80.],
       [80.],
       [80.],
       [80.],
       [80.],
       [80.],
       [80.],
       [80.],
       [80.],
       [80.],
       [80.],
       [80.],
       [80.],
       [80.],
       [80.],
       [80.],
       [80.],
       [80.],
       [80.],
       [80.],
       [80.],
       [80.],
       [80.],
       [80.],
       [80.],
       [80.],
       [80.],
       [80.],
       [80.],
       [80.],
       [80.],
       [80.],
       [80.],
       [80.],
       [80.],
       [80.],
       [80.],
       [80.],
       [80.],
       [80.],
       [80.],
       [80.],
       [80.],
       [80.],
       [80.],
       [80.],
       [80.],
       [80.],
       [80.],
       [80.],
       [80.],
       [80.],
       [80.],
       [80.],
       [80.],
       [80.],
       [80.],
       [80.],
       [80.],
       [80.],
       [80.],
       [80.],
       [80.],
       [80.],
       [80.],
       [80.],
       [80.],
       [80.],
       [80.],
       [80.],
       [80.],
       [80.],
       [80.],
       [80.],
       [80.],
       [80.],
       [80.],
       [80.],
       [80.],
       [80.],
       [80.],
       [80.],
       [80.],
       [80.],
       [80.],
       [80.],
       [80.],
       [80.],
       [80.],
       [80.],
       [80.],
       [80.]]), 'dt': 0.01, 'N': 400, 'l': 1e-05}"
"{'Q': 473.6842105263158, 'gbar': 0.0, 'T': 10000, 'supervisor': array([[-1.89214982e-17],
       [ 4.44288287e-04],
       [ 8.88576529e-04],
       ...,
       [-1.33286468e-03],
       [-8.88576529e-04],
       [-4.44288287e-04]]), 'BIAS': array([[80.],
       [80.],
       [80.],
       [80.],
       [80.],
       [80.],
       [80.],
       [80.],
       [80.],
       [80.],
       [80.],
       [80.],
       [80.],
       [80.],
       [80.],
       [80.],
       [80.],
       [80.],
       [80.],
       [80.],
       [80.],
       [80.],
       [80.],
       [80.],
       [80.],
       [80.],
       [80.],
       [80.],
       [80.],
       [80.],
       [80.],
       [80.],
       [80.],
       [80.],
       [80.],
       [80.],
       [80.],
       [80.],
       [80.],
       [80.],
       [80.],
       [80.],
       [80.],
       [80.],
       [80.],
       [80.],
       [80.],
       [80.],
       [80.],
       [80.],
       [80.],
       [80.],
       [80.],
       [80.],
       [80.],
       [80.],
       [80.],
       [80.],
       [80.],
       [80.],
       [80.],
       [80.],
       [80.],
       [80.],
       [80.],
       [80.],
       [80.],
       [80.],
       [80.],
       [80.],
       [80.],
       [80.],
       [80.],
       [80.],
       [80.],
       [80.],
       [80.],
       [80.],
       [80.],
       [80.],
       [80.],
       [80.],
       [80.],
       [80.],
       [80.],
       [80.],
       [80.],
       [80.],
       [80.],
       [80.],
       [80.],
       [80.],
       [80.],
       [80.],
       [80.],
       [80.],
       [80.],
       [80.],
       [80.],
       [80.],
       [80.],
       [80.],
       [80.],
       [80.],
       [80.],
       [80.],
       [80.],
       [80.],
       [80.],
       [80.],
       [80.],
       [80.],
       [80.],
       [80.],
       [80.],
       [80.],
       [80.],
       [80.],
       [80.],
       [80.],
       [80.],
       [80.],
       [80.],
       [80.],
       [80.],
       [80.],
       [80.],
       [80.],
       [80.],
       [80.],
       [80.],
       [80.],
       [80.],
       [80.],
       [80.],
       [80.],
       [80.],
       [80.],
       [80.],
       [80.],
       [80.],
       [80.],
       [80.],
       [80.],
       [80.],
       [80.],
       [80.],
       [80.],
       [80.],
       [80.],
       [80.],
       [80.],
       [80.],
       [80.],
       [80.],
       [80.],
       [80.],
       [80.],
       [80.],
       [80.],
       [80.],
       [80.],
       [80.],
       [80.],
       [80.],
       [80.],
       [80.],
       [80.],
       [80.],
       [80.],
       [80.],
       [80.],
       [80.],
       [80.],
       [80.],
       [80.],
       [80.],
       [80.],
       [80.],
       [80.],
       [80.],
       [80.],
       [80.],
       [80.],
       [80.],
       [80.],
       [80.],
       [80.],
       [80.],
       [80.],
       [80.],
       [80.],
       [80.],
       [80.],
       [80.],
       [80.],
       [80.],
       [80.],
       [80.],
       [80.],
       [80.],
       [80.],
       [80.],
       [80.],
       [80.],
       [80.],
       [80.],
       [80.],
       [80.],
       [80.],
       [80.],
       [80.],
       [80.],
       [80.],
       [80.],
       [80.],
       [80.],
       [80.],
       [80.],
       [80.],
       [80.],
       [80.],
       [80.],
       [80.],
       [80.],
       [80.],
       [80.],
       [80.],
       [80.],
       [80.],
       [80.],
       [80.],
       [80.],
       [80.],
       [80.],
       [80.],
       [80.],
       [80.],
       [80.],
       [80.],
       [80.],
       [80.],
       [80.],
       [80.],
       [80.],
       [80.],
       [80.],
       [80.],
       [80.],
       [80.],
       [80.],
       [80.],
       [80.],
       [80.],
       [80.],
       [80.],
       [80.],
       [80.],
       [80.],
       [80.],
       [80.],
       [80.],
       [80.],
       [80.],
       [80.],
       [80.],
       [80.],
       [80.],
       [80.],
       [80.],
       [80.],
       [80.],
       [80.],
       [80.],
       [80.],
       [80.],
       [80.],
       [80.],
       [80.],
       [80.],
       [80.],
       [80.],
       [80.],
       [80.],
       [80.],
       [80.],
       [80.],
       [80.],
       [80.],
       [80.],
       [80.],
       [80.],
       [80.],
       [80.],
       [80.],
       [80.],
       [80.],
       [80.],
       [80.],
       [80.],
       [80.],
       [80.],
       [80.],
       [80.],
       [80.],
       [80.],
       [80.],
       [80.],
       [80.],
       [80.],
       [80.],
       [80.],
       [80.],
       [80.],
       [80.],
       [80.],
       [80.],
       [80.],
       [80.],
       [80.],
       [80.],
       [80.],
       [80.],
       [80.],
       [80.],
       [80.],
       [80.],
       [80.],
       [80.],
       [80.],
       [80.],
       [80.],
       [80.],
       [80.],
       [80.],
       [80.],
       [80.],
       [80.],
       [80.],
       [80.],
       [80.],
       [80.],
       [80.],
       [80.],
       [80.],
       [80.],
       [80.],
       [80.],
       [80.],
       [80.],
       [80.],
       [80.],
       [80.],
       [80.],
       [80.],
       [80.],
       [80.],
       [80.],
       [80.],
       [80.],
       [80.],
       [80.],
       [80.],
       [80.],
       [80.],
       [80.],
       [80.],
       [80.],
       [80.],
       [80.],
       [80.],
       [80.],
       [80.],
       [80.],
       [80.],
       [80.],
       [80.],
       [80.],
       [80.],
       [80.],
       [80.],
       [80.],
       [80.],
       [80.],
       [80.],
       [80.],
       [80.],
       [80.],
       [80.],
       [80.],
       [80.],
       [80.],
       [80.],
       [80.],
       [80.],
       [80.],
       [80.],
       [80.],
       [80.],
       [80.]]), 'dt': 0.01, 'N': 400, 'l': 1e-05}","{'Q': 473.6842105263158, 'gbar': 1.0526315789473684, 'T': 10000, 'supervisor': array([[-1.89214982e-17],
       [ 4.44288287e-04],
       [ 8.88576529e-04],
       ...,
       [-1.33286468e-03],
       [-8.88576529e-04],
       [-4.44288287e-04]]), 'BIAS': array([[80.],
       [80.],
       [80.],
       [80.],
       [80.],
       [80.],
       [80.],
       [80.],
       [80.],
       [80.],
       [80.],
       [80.],
       [80.],
       [80.],
       [80.],
       [80.],
       [80.],
       [80.],
       [80.],
       [80.],
       [80.],
       [80.],
       [80.],
       [80.],
       [80.],
       [80.],
       [80.],
       [80.],
       [80.],
       [80.],
       [80.],
       [80.],
       [80.],
       [80.],
       [80.],
       [80.],
       [80.],
       [80.],
       [80.],
       [80.],
       [80.],
       [80.],
       [80.],
       [80.],
       [80.],
       [80.],
       [80.],
       [80.],
       [80.],
       [80.],
       [80.],
       [80.],
       [80.],
       [80.],
       [80.],
       [80.],
       [80.],
       [80.],
       [80.],
       [80.],
       [80.],
       [80.],
       [80.],
       [80.],
       [80.],
       [80.],
       [80.],
       [80.],
       [80.],
       [80.],
       [80.],
       [80.],
       [80.],
       [80.],
       [80.],
       [80.],
       [80.],
       [80.],
       [80.],
       [80.],
       [80.],
       [80.],
       [80.],
       [80.],
       [80.],
       [80.],
       [80.],
       [80.],
       [80.],
       [80.],
       [80.],
       [80.],
       [80.],
       [80.],
       [80.],
       [80.],
       [80.],
       [80.],
       [80.],
       [80.],
       [80.],
       [80.],
       [80.],
       [80.],
       [80.],
       [80.],
       [80.],
       [80.],
       [80.],
       [80.],
       [80.],
       [80.],
       [80.],
       [80.],
       [80.],
       [80.],
       [80.],
       [80.],
       [80.],
       [80.],
       [80.],
       [80.],
       [80.],
       [80.],
       [80.],
       [80.],
       [80.],
       [80.],
       [80.],
       [80.],
       [80.],
       [80.],
       [80.],
       [80.],
       [80.],
       [80.],
       [80.],
       [80.],
       [80.],
       [80.],
       [80.],
       [80.],
       [80.],
       [80.],
       [80.],
       [80.],
       [80.],
       [80.],
       [80.],
       [80.],
       [80.],
       [80.],
       [80.],
       [80.],
       [80.],
       [80.],
       [80.],
       [80.],
       [80.],
       [80.],
       [80.],
       [80.],
       [80.],
       [80.],
       [80.],
       [80.],
       [80.],
       [80.],
       [80.],
       [80.],
       [80.],
       [80.],
       [80.],
       [80.],
       [80.],
       [80.],
       [80.],
       [80.],
       [80.],
       [80.],
       [80.],
       [80.],
       [80.],
       [80.],
       [80.],
       [80.],
       [80.],
       [80.],
       [80.],
       [80.],
       [80.],
       [80.],
       [80.],
       [80.],
       [80.],
       [80.],
       [80.],
       [80.],
       [80.],
       [80.],
       [80.],
       [80.],
       [80.],
       [80.],
       [80.],
       [80.],
       [80.],
       [80.],
       [80.],
       [80.],
       [80.],
       [80.],
       [80.],
       [80.],
       [80.],
       [80.],
       [80.],
       [80.],
       [80.],
       [80.],
       [80.],
       [80.],
       [80.],
       [80.],
       [80.],
       [80.],
       [80.],
       [80.],
       [80.],
       [80.],
       [80.],
       [80.],
       [80.],
       [80.],
       [80.],
       [80.],
       [80.],
       [80.],
       [80.],
       [80.],
       [80.],
       [80.],
       [80.],
       [80.],
       [80.],
       [80.],
       [80.],
       [80.],
       [80.],
       [80.],
       [80.],
       [80.],
       [80.],
       [80.],
       [80.],
       [80.],
       [80.],
       [80.],
       [80.],
       [80.],
       [80.],
       [80.],
       [80.],
       [80.],
       [80.],
       [80.],
       [80.],
       [80.],
       [80.],
       [80.],
       [80.],
       [80.],
       [80.],
       [80.],
       [80.],
       [80.],
       [80.],
       [80.],
       [80.],
       [80.],
       [80.],
       [80.],
       [80.],
       [80.],
       [80.],
       [80.],
       [80.],
       [80.],
       [80.],
       [80.],
       [80.],
       [80.],
       [80.],
       [80.],
       [80.],
       [80.],
       [80.],
       [80.],
       [80.],
       [80.],
       [80.],
       [80.],
       [80.],
       [80.],
       [80.],
       [80.],
       [80.],
       [80.],
       [80.],
       [80.],
       [80.],
       [80.],
       [80.],
       [80.],
       [80.],
       [80.],
       [80.],
       [80.],
       [80.],
       [80.],
       [80.],
       [80.],
       [80.],
       [80.],
       [80.],
       [80.],
       [80.],
       [80.],
       [80.],
       [80.],
       [80.],
       [80.],
       [80.],
       [80.],
       [80.],
       [80.],
       [80.],
       [80.],
       [80.],
       [80.],
       [80.],
       [80.],
       [80.],
       [80.],
       [80.],
       [80.],
       [80.],
       [80.],
       [80.],
       [80.],
       [80.],
       [80.],
       [80.],
       [80.],
       [80.],
       [80.],
       [80.],
       [80.],
       [80.],
       [80.],
       [80.],
       [80.],
       [80.],
       [80.],
       [80.],
       [80.],
       [80.],
       [80.],
       [80.],
       [80.],
       [80.],
       [80.],
       [80.],
       [80.],
       [80.],
       [80.],
       [80.],
       [80.],
       [80.],
       [80.],
       [80.],
       [80.],
       [80.],
       [80.],
       [80.],
       [80.],
       [80.],
       [80.],
       [80.],
       [80.],
       [80.],
       [80.],
       [80.],
       [80.],
       [80.],
       [80.],
       [80.],
       [80.],
       [80.],
       [80.]]), 'dt': 0.01, 'N': 400, 'l': 1e-05}","{'Q': 473.6842105263158, 'gbar': 2.1052631578947367, 'T': 10000, 'supervisor': array([[-1.89214982e-17],
       [ 4.44288287e-04],
       [ 8.88576529e-04],
       ...,
       [-1.33286468e-03],
       [-8.88576529e-04],
       [-4.44288287e-04]]), 'BIAS': array([[80.],
       [80.],
       [80.],
       [80.],
       [80.],
       [80.],
       [80.],
       [80.],
       [80.],
       [80.],
       [80.],
       [80.],
       [80.],
       [80.],
       [80.],
       [80.],
       [80.],
       [80.],
       [80.],
       [80.],
       [80.],
       [80.],
       [80.],
       [80.],
       [80.],
       [80.],
       [80.],
       [80.],
       [80.],
       [80.],
       [80.],
       [80.],
       [80.],
       [80.],
       [80.],
       [80.],
       [80.],
       [80.],
       [80.],
       [80.],
       [80.],
       [80.],
       [80.],
       [80.],
       [80.],
       [80.],
       [80.],
       [80.],
       [80.],
       [80.],
       [80.],
       [80.],
       [80.],
       [80.],
       [80.],
       [80.],
       [80.],
       [80.],
       [80.],
       [80.],
       [80.],
       [80.],
       [80.],
       [80.],
       [80.],
       [80.],
       [80.],
       [80.],
       [80.],
       [80.],
       [80.],
       [80.],
       [80.],
       [80.],
       [80.],
       [80.],
       [80.],
       [80.],
       [80.],
       [80.],
       [80.],
       [80.],
       [80.],
       [80.],
       [80.],
       [80.],
       [80.],
       [80.],
       [80.],
       [80.],
       [80.],
       [80.],
       [80.],
       [80.],
       [80.],
       [80.],
       [80.],
       [80.],
       [80.],
       [80.],
       [80.],
       [80.],
       [80.],
       [80.],
       [80.],
       [80.],
       [80.],
       [80.],
       [80.],
       [80.],
       [80.],
       [80.],
       [80.],
       [80.],
       [80.],
       [80.],
       [80.],
       [80.],
       [80.],
       [80.],
       [80.],
       [80.],
       [80.],
       [80.],
       [80.],
       [80.],
       [80.],
       [80.],
       [80.],
       [80.],
       [80.],
       [80.],
       [80.],
       [80.],
       [80.],
       [80.],
       [80.],
       [80.],
       [80.],
       [80.],
       [80.],
       [80.],
       [80.],
       [80.],
       [80.],
       [80.],
       [80.],
       [80.],
       [80.],
       [80.],
       [80.],
       [80.],
       [80.],
       [80.],
       [80.],
       [80.],
       [80.],
       [80.],
       [80.],
       [80.],
       [80.],
       [80.],
       [80.],
       [80.],
       [80.],
       [80.],
       [80.],
       [80.],
       [80.],
       [80.],
       [80.],
       [80.],
       [80.],
       [80.],
       [80.],
       [80.],
       [80.],
       [80.],
       [80.],
       [80.],
       [80.],
       [80.],
       [80.],
       [80.],
       [80.],
       [80.],
       [80.],
       [80.],
       [80.],
       [80.],
       [80.],
       [80.],
       [80.],
       [80.],
       [80.],
       [80.],
       [80.],
       [80.],
       [80.],
       [80.],
       [80.],
       [80.],
       [80.],
       [80.],
       [80.],
       [80.],
       [80.],
       [80.],
       [80.],
       [80.],
       [80.],
       [80.],
       [80.],
       [80.],
       [80.],
       [80.],
       [80.],
       [80.],
       [80.],
       [80.],
       [80.],
       [80.],
       [80.],
       [80.],
       [80.],
       [80.],
       [80.],
       [80.],
       [80.],
       [80.],
       [80.],
       [80.],
       [80.],
       [80.],
       [80.],
       [80.],
       [80.],
       [80.],
       [80.],
       [80.],
       [80.],
       [80.],
       [80.],
       [80.],
       [80.],
       [80.],
       [80.],
       [80.],
       [80.],
       [80.],
       [80.],
       [80.],
       [80.],
       [80.],
       [80.],
       [80.],
       [80.],
       [80.],
       [80.],
       [80.],
       [80.],
       [80.],
       [80.],
       [80.],
       [80.],
       [80.],
       [80.],
       [80.],
       [80.],
       [80.],
       [80.],
       [80.],
       [80.],
       [80.],
       [80.],
       [80.],
       [80.],
       [80.],
       [80.],
       [80.],
       [80.],
       [80.],
       [80.],
       [80.],
       [80.],
       [80.],
       [80.],
       [80.],
       [80.],
       [80.],
       [80.],
       [80.],
       [80.],
       [80.],
       [80.],
       [80.],
       [80.],
       [80.],
       [80.],
       [80.],
       [80.],
       [80.],
       [80.],
       [80.],
       [80.],
       [80.],
       [80.],
       [80.],
       [80.],
       [80.],
       [80.],
       [80.],
       [80.],
       [80.],
       [80.],
       [80.],
       [80.],
       [80.],
       [80.],
       [80.],
       [80.],
       [80.],
       [80.],
       [80.],
       [80.],
       [80.],
       [80.],
       [80.],
       [80.],
       [80.],
       [80.],
       [80.],
       [80.],
       [80.],
       [80.],
       [80.],
       [80.],
       [80.],
       [80.],
       [80.],
       [80.],
       [80.],
       [80.],
       [80.],
       [80.],
       [80.],
       [80.],
       [80.],
       [80.],
       [80.],
       [80.],
       [80.],
       [80.],
       [80.],
       [80.],
       [80.],
       [80.],
       [80.],
       [80.],
       [80.],
       [80.],
       [80.],
       [80.],
       [80.],
       [80.],
       [80.],
       [80.],
       [80.],
       [80.],
       [80.],
       [80.],
       [80.],
       [80.],
       [80.],
       [80.],
       [80.],
       [80.],
       [80.],
       [80.],
       [80.],
       [80.],
       [80.],
       [80.],
       [80.],
       [80.],
       [80.],
       [80.],
       [80.],
       [80.],
       [80.],
       [80.],
       [80.],
       [80.],
       [80.],
       [80.],
       [80.],
       [80.],
       [80.],
       [80.],
       [80.]]), 'dt': 0.01, 'N': 400, 'l': 1e-05}","{'Q': 473.6842105263158, 'gbar': 3.1578947368421053, 'T': 10000, 'supervisor': array([[-1.89214982e-17],
       [ 4.44288287e-04],
       [ 8.88576529e-04],
       ...,
       [-1.33286468e-03],
       [-8.88576529e-04],
       [-4.44288287e-04]]), 'BIAS': array([[80.],
       [80.],
       [80.],
       [80.],
       [80.],
       [80.],
       [80.],
       [80.],
       [80.],
       [80.],
       [80.],
       [80.],
       [80.],
       [80.],
       [80.],
       [80.],
       [80.],
       [80.],
       [80.],
       [80.],
       [80.],
       [80.],
       [80.],
       [80.],
       [80.],
       [80.],
       [80.],
       [80.],
       [80.],
       [80.],
       [80.],
       [80.],
       [80.],
       [80.],
       [80.],
       [80.],
       [80.],
       [80.],
       [80.],
       [80.],
       [80.],
       [80.],
       [80.],
       [80.],
       [80.],
       [80.],
       [80.],
       [80.],
       [80.],
       [80.],
       [80.],
       [80.],
       [80.],
       [80.],
       [80.],
       [80.],
       [80.],
       [80.],
       [80.],
       [80.],
       [80.],
       [80.],
       [80.],
       [80.],
       [80.],
       [80.],
       [80.],
       [80.],
       [80.],
       [80.],
       [80.],
       [80.],
       [80.],
       [80.],
       [80.],
       [80.],
       [80.],
       [80.],
       [80.],
       [80.],
       [80.],
       [80.],
       [80.],
       [80.],
       [80.],
       [80.],
       [80.],
       [80.],
       [80.],
       [80.],
       [80.],
       [80.],
       [80.],
       [80.],
       [80.],
       [80.],
       [80.],
       [80.],
       [80.],
       [80.],
       [80.],
       [80.],
       [80.],
       [80.],
       [80.],
       [80.],
       [80.],
       [80.],
       [80.],
       [80.],
       [80.],
       [80.],
       [80.],
       [80.],
       [80.],
       [80.],
       [80.],
       [80.],
       [80.],
       [80.],
       [80.],
       [80.],
       [80.],
       [80.],
       [80.],
       [80.],
       [80.],
       [80.],
       [80.],
       [80.],
       [80.],
       [80.],
       [80.],
       [80.],
       [80.],
       [80.],
       [80.],
       [80.],
       [80.],
       [80.],
       [80.],
       [80.],
       [80.],
       [80.],
       [80.],
       [80.],
       [80.],
       [80.],
       [80.],
       [80.],
       [80.],
       [80.],
       [80.],
       [80.],
       [80.],
       [80.],
       [80.],
       [80.],
       [80.],
       [80.],
       [80.],
       [80.],
       [80.],
       [80.],
       [80.],
       [80.],
       [80.],
       [80.],
       [80.],
       [80.],
       [80.],
       [80.],
       [80.],
       [80.],
       [80.],
       [80.],
       [80.],
       [80.],
       [80.],
       [80.],
       [80.],
       [80.],
       [80.],
       [80.],
       [80.],
       [80.],
       [80.],
       [80.],
       [80.],
       [80.],
       [80.],
       [80.],
       [80.],
       [80.],
       [80.],
       [80.],
       [80.],
       [80.],
       [80.],
       [80.],
       [80.],
       [80.],
       [80.],
       [80.],
       [80.],
       [80.],
       [80.],
       [80.],
       [80.],
       [80.],
       [80.],
       [80.],
       [80.],
       [80.],
       [80.],
       [80.],
       [80.],
       [80.],
       [80.],
       [80.],
       [80.],
       [80.],
       [80.],
       [80.],
       [80.],
       [80.],
       [80.],
       [80.],
       [80.],
       [80.],
       [80.],
       [80.],
       [80.],
       [80.],
       [80.],
       [80.],
       [80.],
       [80.],
       [80.],
       [80.],
       [80.],
       [80.],
       [80.],
       [80.],
       [80.],
       [80.],
       [80.],
       [80.],
       [80.],
       [80.],
       [80.],
       [80.],
       [80.],
       [80.],
       [80.],
       [80.],
       [80.],
       [80.],
       [80.],
       [80.],
       [80.],
       [80.],
       [80.],
       [80.],
       [80.],
       [80.],
       [80.],
       [80.],
       [80.],
       [80.],
       [80.],
       [80.],
       [80.],
       [80.],
       [80.],
       [80.],
       [80.],
       [80.],
       [80.],
       [80.],
       [80.],
       [80.],
       [80.],
       [80.],
       [80.],
       [80.],
       [80.],
       [80.],
       [80.],
       [80.],
       [80.],
       [80.],
       [80.],
       [80.],
       [80.],
       [80.],
       [80.],
       [80.],
       [80.],
       [80.],
       [80.],
       [80.],
       [80.],
       [80.],
       [80.],
       [80.],
       [80.],
       [80.],
       [80.],
       [80.],
       [80.],
       [80.],
       [80.],
       [80.],
       [80.],
       [80.],
       [80.],
       [80.],
       [80.],
       [80.],
       [80.],
       [80.],
       [80.],
       [80.],
       [80.],
       [80.],
       [80.],
       [80.],
       [80.],
       [80.],
       [80.],
       [80.],
       [80.],
       [80.],
       [80.],
       [80.],
       [80.],
       [80.],
       [80.],
       [80.],
       [80.],
       [80.],
       [80.],
       [80.],
       [80.],
       [80.],
       [80.],
       [80.],
       [80.],
       [80.],
       [80.],
       [80.],
       [80.],
       [80.],
       [80.],
       [80.],
       [80.],
       [80.],
       [80.],
       [80.],
       [80.],
       [80.],
       [80.],
       [80.],
       [80.],
       [80.],
       [80.],
       [80.],
       [80.],
       [80.],
       [80.],
       [80.],
       [80.],
       [80.],
       [80.],
       [80.],
       [80.],
       [80.],
       [80.],
       [80.],
       [80.],
       [80.],
       [80.],
       [80.],
       [80.],
       [80.],
       [80.],
       [80.],
       [80.],
       [80.],
       [80.],
       [80.],
       [80.],
       [80.],
       [80.],
       [80.],
       [80.],
       [80.],
       [80.],
       [80.]]), 'dt': 0.01, 'N': 400, 'l': 1e-05}","{'Q': 473.6842105263158, 'gbar': 4.2105263157894735, 'T': 10000, 'supervisor': array([[-1.89214982e-17],
       [ 4.44288287e-04],
       [ 8.88576529e-04],
       ...,
       [-1.33286468e-03],
       [-8.88576529e-04],
       [-4.44288287e-04]]), 'BIAS': array([[80.],
       [80.],
       [80.],
       [80.],
       [80.],
       [80.],
       [80.],
       [80.],
       [80.],
       [80.],
       [80.],
       [80.],
       [80.],
       [80.],
       [80.],
       [80.],
       [80.],
       [80.],
       [80.],
       [80.],
       [80.],
       [80.],
       [80.],
       [80.],
       [80.],
       [80.],
       [80.],
       [80.],
       [80.],
       [80.],
       [80.],
       [80.],
       [80.],
       [80.],
       [80.],
       [80.],
       [80.],
       [80.],
       [80.],
       [80.],
       [80.],
       [80.],
       [80.],
       [80.],
       [80.],
       [80.],
       [80.],
       [80.],
       [80.],
       [80.],
       [80.],
       [80.],
       [80.],
       [80.],
       [80.],
       [80.],
       [80.],
       [80.],
       [80.],
       [80.],
       [80.],
       [80.],
       [80.],
       [80.],
       [80.],
       [80.],
       [80.],
       [80.],
       [80.],
       [80.],
       [80.],
       [80.],
       [80.],
       [80.],
       [80.],
       [80.],
       [80.],
       [80.],
       [80.],
       [80.],
       [80.],
       [80.],
       [80.],
       [80.],
       [80.],
       [80.],
       [80.],
       [80.],
       [80.],
       [80.],
       [80.],
       [80.],
       [80.],
       [80.],
       [80.],
       [80.],
       [80.],
       [80.],
       [80.],
       [80.],
       [80.],
       [80.],
       [80.],
       [80.],
       [80.],
       [80.],
       [80.],
       [80.],
       [80.],
       [80.],
       [80.],
       [80.],
       [80.],
       [80.],
       [80.],
       [80.],
       [80.],
       [80.],
       [80.],
       [80.],
       [80.],
       [80.],
       [80.],
       [80.],
       [80.],
       [80.],
       [80.],
       [80.],
       [80.],
       [80.],
       [80.],
       [80.],
       [80.],
       [80.],
       [80.],
       [80.],
       [80.],
       [80.],
       [80.],
       [80.],
       [80.],
       [80.],
       [80.],
       [80.],
       [80.],
       [80.],
       [80.],
       [80.],
       [80.],
       [80.],
       [80.],
       [80.],
       [80.],
       [80.],
       [80.],
       [80.],
       [80.],
       [80.],
       [80.],
       [80.],
       [80.],
       [80.],
       [80.],
       [80.],
       [80.],
       [80.],
       [80.],
       [80.],
       [80.],
       [80.],
       [80.],
       [80.],
       [80.],
       [80.],
       [80.],
       [80.],
       [80.],
       [80.],
       [80.],
       [80.],
       [80.],
       [80.],
       [80.],
       [80.],
       [80.],
       [80.],
       [80.],
       [80.],
       [80.],
       [80.],
       [80.],
       [80.],
       [80.],
       [80.],
       [80.],
       [80.],
       [80.],
       [80.],
       [80.],
       [80.],
       [80.],
       [80.],
       [80.],
       [80.],
       [80.],
       [80.],
       [80.],
       [80.],
       [80.],
       [80.],
       [80.],
       [80.],
       [80.],
       [80.],
       [80.],
       [80.],
       [80.],
       [80.],
       [80.],
       [80.],
       [80.],
       [80.],
       [80.],
       [80.],
       [80.],
       [80.],
       [80.],
       [80.],
       [80.],
       [80.],
       [80.],
       [80.],
       [80.],
       [80.],
       [80.],
       [80.],
       [80.],
       [80.],
       [80.],
       [80.],
       [80.],
       [80.],
       [80.],
       [80.],
       [80.],
       [80.],
       [80.],
       [80.],
       [80.],
       [80.],
       [80.],
       [80.],
       [80.],
       [80.],
       [80.],
       [80.],
       [80.],
       [80.],
       [80.],
       [80.],
       [80.],
       [80.],
       [80.],
       [80.],
       [80.],
       [80.],
       [80.],
       [80.],
       [80.],
       [80.],
       [80.],
       [80.],
       [80.],
       [80.],
       [80.],
       [80.],
       [80.],
       [80.],
       [80.],
       [80.],
       [80.],
       [80.],
       [80.],
       [80.],
       [80.],
       [80.],
       [80.],
       [80.],
       [80.],
       [80.],
       [80.],
       [80.],
       [80.],
       [80.],
       [80.],
       [80.],
       [80.],
       [80.],
       [80.],
       [80.],
       [80.],
       [80.],
       [80.],
       [80.],
       [80.],
       [80.],
       [80.],
       [80.],
       [80.],
       [80.],
       [80.],
       [80.],
       [80.],
       [80.],
       [80.],
       [80.],
       [80.],
       [80.],
       [80.],
       [80.],
       [80.],
       [80.],
       [80.],
       [80.],
       [80.],
       [80.],
       [80.],
       [80.],
       [80.],
       [80.],
       [80.],
       [80.],
       [80.],
       [80.],
       [80.],
       [80.],
       [80.],
       [80.],
       [80.],
       [80.],
       [80.],
       [80.],
       [80.],
       [80.],
       [80.],
       [80.],
       [80.],
       [80.],
       [80.],
       [80.],
       [80.],
       [80.],
       [80.],
       [80.],
       [80.],
       [80.],
       [80.],
       [80.],
       [80.],
       [80.],
       [80.],
       [80.],
       [80.],
       [80.],
       [80.],
       [80.],
       [80.],
       [80.],
       [80.],
       [80.],
       [80.],
       [80.],
       [80.],
       [80.],
       [80.],
       [80.],
       [80.],
       [80.],
       [80.],
       [80.],
       [80.],
       [80.],
       [80.],
       [80.],
       [80.],
       [80.],
       [80.],
       [80.],
       [80.],
       [80.],
       [80.],
       [80.],
       [80.],
       [80.],
       [80.],
       [80.],
       [80.],
       [80.],
       [80.],
       [80.]]), 'dt': 0.01, 'N': 400, 'l': 1e-05}","{'Q': 473.6842105263158, 'gbar': 5.263157894736842, 'T': 10000, 'supervisor': array([[-1.89214982e-17],
       [ 4.44288287e-04],
       [ 8.88576529e-04],
       ...,
       [-1.33286468e-03],
       [-8.88576529e-04],
       [-4.44288287e-04]]), 'BIAS': array([[80.],
       [80.],
       [80.],
       [80.],
       [80.],
       [80.],
       [80.],
       [80.],
       [80.],
       [80.],
       [80.],
       [80.],
       [80.],
       [80.],
       [80.],
       [80.],
       [80.],
       [80.],
       [80.],
       [80.],
       [80.],
       [80.],
       [80.],
       [80.],
       [80.],
       [80.],
       [80.],
       [80.],
       [80.],
       [80.],
       [80.],
       [80.],
       [80.],
       [80.],
       [80.],
       [80.],
       [80.],
       [80.],
       [80.],
       [80.],
       [80.],
       [80.],
       [80.],
       [80.],
       [80.],
       [80.],
       [80.],
       [80.],
       [80.],
       [80.],
       [80.],
       [80.],
       [80.],
       [80.],
       [80.],
       [80.],
       [80.],
       [80.],
       [80.],
       [80.],
       [80.],
       [80.],
       [80.],
       [80.],
       [80.],
       [80.],
       [80.],
       [80.],
       [80.],
       [80.],
       [80.],
       [80.],
       [80.],
       [80.],
       [80.],
       [80.],
       [80.],
       [80.],
       [80.],
       [80.],
       [80.],
       [80.],
       [80.],
       [80.],
       [80.],
       [80.],
       [80.],
       [80.],
       [80.],
       [80.],
       [80.],
       [80.],
       [80.],
       [80.],
       [80.],
       [80.],
       [80.],
       [80.],
       [80.],
       [80.],
       [80.],
       [80.],
       [80.],
       [80.],
       [80.],
       [80.],
       [80.],
       [80.],
       [80.],
       [80.],
       [80.],
       [80.],
       [80.],
       [80.],
       [80.],
       [80.],
       [80.],
       [80.],
       [80.],
       [80.],
       [80.],
       [80.],
       [80.],
       [80.],
       [80.],
       [80.],
       [80.],
       [80.],
       [80.],
       [80.],
       [80.],
       [80.],
       [80.],
       [80.],
       [80.],
       [80.],
       [80.],
       [80.],
       [80.],
       [80.],
       [80.],
       [80.],
       [80.],
       [80.],
       [80.],
       [80.],
       [80.],
       [80.],
       [80.],
       [80.],
       [80.],
       [80.],
       [80.],
       [80.],
       [80.],
       [80.],
       [80.],
       [80.],
       [80.],
       [80.],
       [80.],
       [80.],
       [80.],
       [80.],
       [80.],
       [80.],
       [80.],
       [80.],
       [80.],
       [80.],
       [80.],
       [80.],
       [80.],
       [80.],
       [80.],
       [80.],
       [80.],
       [80.],
       [80.],
       [80.],
       [80.],
       [80.],
       [80.],
       [80.],
       [80.],
       [80.],
       [80.],
       [80.],
       [80.],
       [80.],
       [80.],
       [80.],
       [80.],
       [80.],
       [80.],
       [80.],
       [80.],
       [80.],
       [80.],
       [80.],
       [80.],
       [80.],
       [80.],
       [80.],
       [80.],
       [80.],
       [80.],
       [80.],
       [80.],
       [80.],
       [80.],
       [80.],
       [80.],
       [80.],
       [80.],
       [80.],
       [80.],
       [80.],
       [80.],
       [80.],
       [80.],
       [80.],
       [80.],
       [80.],
       [80.],
       [80.],
       [80.],
       [80.],
       [80.],
       [80.],
       [80.],
       [80.],
       [80.],
       [80.],
       [80.],
       [80.],
       [80.],
       [80.],
       [80.],
       [80.],
       [80.],
       [80.],
       [80.],
       [80.],
       [80.],
       [80.],
       [80.],
       [80.],
       [80.],
       [80.],
       [80.],
       [80.],
       [80.],
       [80.],
       [80.],
       [80.],
       [80.],
       [80.],
       [80.],
       [80.],
       [80.],
       [80.],
       [80.],
       [80.],
       [80.],
       [80.],
       [80.],
       [80.],
       [80.],
       [80.],
       [80.],
       [80.],
       [80.],
       [80.],
       [80.],
       [80.],
       [80.],
       [80.],
       [80.],
       [80.],
       [80.],
       [80.],
       [80.],
       [80.],
       [80.],
       [80.],
       [80.],
       [80.],
       [80.],
       [80.],
       [80.],
       [80.],
       [80.],
       [80.],
       [80.],
       [80.],
       [80.],
       [80.],
       [80.],
       [80.],
       [80.],
       [80.],
       [80.],
       [80.],
       [80.],
       [80.],
       [80.],
       [80.],
       [80.],
       [80.],
       [80.],
       [80.],
       [80.],
       [80.],
       [80.],
       [80.],
       [80.],
       [80.],
       [80.],
       [80.],
       [80.],
       [80.],
       [80.],
       [80.],
       [80.],
       [80.],
       [80.],
       [80.],
       [80.],
       [80.],
       [80.],
       [80.],
       [80.],
       [80.],
       [80.],
       [80.],
       [80.],
       [80.],
       [80.],
       [80.],
       [80.],
       [80.],
       [80.],
       [80.],
       [80.],
       [80.],
       [80.],
       [80.],
       [80.],
       [80.],
       [80.],
       [80.],
       [80.],
       [80.],
       [80.],
       [80.],
       [80.],
       [80.],
       [80.],
       [80.],
       [80.],
       [80.],
       [80.],
       [80.],
       [80.],
       [80.],
       [80.],
       [80.],
       [80.],
       [80.],
       [80.],
       [80.],
       [80.],
       [80.],
       [80.],
       [80.],
       [80.],
       [80.],
       [80.],
       [80.],
       [80.],
       [80.],
       [80.],
       [80.],
       [80.],
       [80.],
       [80.],
       [80.],
       [80.],
       [80.],
       [80.],
       [80.],
       [80.],
       [80.],
       [80.],
       [80.],
       [80.],
       [80.],
       [80.],
       [80.]]), 'dt': 0.01, 'N': 400, 'l': 1e-05}","{'Q': 473.6842105263158, 'gbar': 6.315789473684211, 'T': 10000, 'supervisor': array([[-1.89214982e-17],
       [ 4.44288287e-04],
       [ 8.88576529e-04],
       ...,
       [-1.33286468e-03],
       [-8.88576529e-04],
       [-4.44288287e-04]]), 'BIAS': array([[80.],
       [80.],
       [80.],
       [80.],
       [80.],
       [80.],
       [80.],
       [80.],
       [80.],
       [80.],
       [80.],
       [80.],
       [80.],
       [80.],
       [80.],
       [80.],
       [80.],
       [80.],
       [80.],
       [80.],
       [80.],
       [80.],
       [80.],
       [80.],
       [80.],
       [80.],
       [80.],
       [80.],
       [80.],
       [80.],
       [80.],
       [80.],
       [80.],
       [80.],
       [80.],
       [80.],
       [80.],
       [80.],
       [80.],
       [80.],
       [80.],
       [80.],
       [80.],
       [80.],
       [80.],
       [80.],
       [80.],
       [80.],
       [80.],
       [80.],
       [80.],
       [80.],
       [80.],
       [80.],
       [80.],
       [80.],
       [80.],
       [80.],
       [80.],
       [80.],
       [80.],
       [80.],
       [80.],
       [80.],
       [80.],
       [80.],
       [80.],
       [80.],
       [80.],
       [80.],
       [80.],
       [80.],
       [80.],
       [80.],
       [80.],
       [80.],
       [80.],
       [80.],
       [80.],
       [80.],
       [80.],
       [80.],
       [80.],
       [80.],
       [80.],
       [80.],
       [80.],
       [80.],
       [80.],
       [80.],
       [80.],
       [80.],
       [80.],
       [80.],
       [80.],
       [80.],
       [80.],
       [80.],
       [80.],
       [80.],
       [80.],
       [80.],
       [80.],
       [80.],
       [80.],
       [80.],
       [80.],
       [80.],
       [80.],
       [80.],
       [80.],
       [80.],
       [80.],
       [80.],
       [80.],
       [80.],
       [80.],
       [80.],
       [80.],
       [80.],
       [80.],
       [80.],
       [80.],
       [80.],
       [80.],
       [80.],
       [80.],
       [80.],
       [80.],
       [80.],
       [80.],
       [80.],
       [80.],
       [80.],
       [80.],
       [80.],
       [80.],
       [80.],
       [80.],
       [80.],
       [80.],
       [80.],
       [80.],
       [80.],
       [80.],
       [80.],
       [80.],
       [80.],
       [80.],
       [80.],
       [80.],
       [80.],
       [80.],
       [80.],
       [80.],
       [80.],
       [80.],
       [80.],
       [80.],
       [80.],
       [80.],
       [80.],
       [80.],
       [80.],
       [80.],
       [80.],
       [80.],
       [80.],
       [80.],
       [80.],
       [80.],
       [80.],
       [80.],
       [80.],
       [80.],
       [80.],
       [80.],
       [80.],
       [80.],
       [80.],
       [80.],
       [80.],
       [80.],
       [80.],
       [80.],
       [80.],
       [80.],
       [80.],
       [80.],
       [80.],
       [80.],
       [80.],
       [80.],
       [80.],
       [80.],
       [80.],
       [80.],
       [80.],
       [80.],
       [80.],
       [80.],
       [80.],
       [80.],
       [80.],
       [80.],
       [80.],
       [80.],
       [80.],
       [80.],
       [80.],
       [80.],
       [80.],
       [80.],
       [80.],
       [80.],
       [80.],
       [80.],
       [80.],
       [80.],
       [80.],
       [80.],
       [80.],
       [80.],
       [80.],
       [80.],
       [80.],
       [80.],
       [80.],
       [80.],
       [80.],
       [80.],
       [80.],
       [80.],
       [80.],
       [80.],
       [80.],
       [80.],
       [80.],
       [80.],
       [80.],
       [80.],
       [80.],
       [80.],
       [80.],
       [80.],
       [80.],
       [80.],
       [80.],
       [80.],
       [80.],
       [80.],
       [80.],
       [80.],
       [80.],
       [80.],
       [80.],
       [80.],
       [80.],
       [80.],
       [80.],
       [80.],
       [80.],
       [80.],
       [80.],
       [80.],
       [80.],
       [80.],
       [80.],
       [80.],
       [80.],
       [80.],
       [80.],
       [80.],
       [80.],
       [80.],
       [80.],
       [80.],
       [80.],
       [80.],
       [80.],
       [80.],
       [80.],
       [80.],
       [80.],
       [80.],
       [80.],
       [80.],
       [80.],
       [80.],
       [80.],
       [80.],
       [80.],
       [80.],
       [80.],
       [80.],
       [80.],
       [80.],
       [80.],
       [80.],
       [80.],
       [80.],
       [80.],
       [80.],
       [80.],
       [80.],
       [80.],
       [80.],
       [80.],
       [80.],
       [80.],
       [80.],
       [80.],
       [80.],
       [80.],
       [80.],
       [80.],
       [80.],
       [80.],
       [80.],
       [80.],
       [80.],
       [80.],
       [80.],
       [80.],
       [80.],
       [80.],
       [80.],
       [80.],
       [80.],
       [80.],
       [80.],
       [80.],
       [80.],
       [80.],
       [80.],
       [80.],
       [80.],
       [80.],
       [80.],
       [80.],
       [80.],
       [80.],
       [80.],
       [80.],
       [80.],
       [80.],
       [80.],
       [80.],
       [80.],
       [80.],
       [80.],
       [80.],
       [80.],
       [80.],
       [80.],
       [80.],
       [80.],
       [80.],
       [80.],
       [80.],
       [80.],
       [80.],
       [80.],
       [80.],
       [80.],
       [80.],
       [80.],
       [80.],
       [80.],
       [80.],
       [80.],
       [80.],
       [80.],
       [80.],
       [80.],
       [80.],
       [80.],
       [80.],
       [80.],
       [80.],
       [80.],
       [80.],
       [80.],
       [80.],
       [80.],
       [80.],
       [80.],
       [80.],
       [80.],
       [80.],
       [80.],
       [80.],
       [80.],
       [80.],
       [80.],
       [80.],
       [80.],
       [80.],
       [80.],
       [80.]]), 'dt': 0.01, 'N': 400, 'l': 1e-05}","{'Q': 473.6842105263158, 'gbar': 7.368421052631579, 'T': 10000, 'supervisor': array([[-1.89214982e-17],
       [ 4.44288287e-04],
       [ 8.88576529e-04],
       ...,
       [-1.33286468e-03],
       [-8.88576529e-04],
       [-4.44288287e-04]]), 'BIAS': array([[80.],
       [80.],
       [80.],
       [80.],
       [80.],
       [80.],
       [80.],
       [80.],
       [80.],
       [80.],
       [80.],
       [80.],
       [80.],
       [80.],
       [80.],
       [80.],
       [80.],
       [80.],
       [80.],
       [80.],
       [80.],
       [80.],
       [80.],
       [80.],
       [80.],
       [80.],
       [80.],
       [80.],
       [80.],
       [80.],
       [80.],
       [80.],
       [80.],
       [80.],
       [80.],
       [80.],
       [80.],
       [80.],
       [80.],
       [80.],
       [80.],
       [80.],
       [80.],
       [80.],
       [80.],
       [80.],
       [80.],
       [80.],
       [80.],
       [80.],
       [80.],
       [80.],
       [80.],
       [80.],
       [80.],
       [80.],
       [80.],
       [80.],
       [80.],
       [80.],
       [80.],
       [80.],
       [80.],
       [80.],
       [80.],
       [80.],
       [80.],
       [80.],
       [80.],
       [80.],
       [80.],
       [80.],
       [80.],
       [80.],
       [80.],
       [80.],
       [80.],
       [80.],
       [80.],
       [80.],
       [80.],
       [80.],
       [80.],
       [80.],
       [80.],
       [80.],
       [80.],
       [80.],
       [80.],
       [80.],
       [80.],
       [80.],
       [80.],
       [80.],
       [80.],
       [80.],
       [80.],
       [80.],
       [80.],
       [80.],
       [80.],
       [80.],
       [80.],
       [80.],
       [80.],
       [80.],
       [80.],
       [80.],
       [80.],
       [80.],
       [80.],
       [80.],
       [80.],
       [80.],
       [80.],
       [80.],
       [80.],
       [80.],
       [80.],
       [80.],
       [80.],
       [80.],
       [80.],
       [80.],
       [80.],
       [80.],
       [80.],
       [80.],
       [80.],
       [80.],
       [80.],
       [80.],
       [80.],
       [80.],
       [80.],
       [80.],
       [80.],
       [80.],
       [80.],
       [80.],
       [80.],
       [80.],
       [80.],
       [80.],
       [80.],
       [80.],
       [80.],
       [80.],
       [80.],
       [80.],
       [80.],
       [80.],
       [80.],
       [80.],
       [80.],
       [80.],
       [80.],
       [80.],
       [80.],
       [80.],
       [80.],
       [80.],
       [80.],
       [80.],
       [80.],
       [80.],
       [80.],
       [80.],
       [80.],
       [80.],
       [80.],
       [80.],
       [80.],
       [80.],
       [80.],
       [80.],
       [80.],
       [80.],
       [80.],
       [80.],
       [80.],
       [80.],
       [80.],
       [80.],
       [80.],
       [80.],
       [80.],
       [80.],
       [80.],
       [80.],
       [80.],
       [80.],
       [80.],
       [80.],
       [80.],
       [80.],
       [80.],
       [80.],
       [80.],
       [80.],
       [80.],
       [80.],
       [80.],
       [80.],
       [80.],
       [80.],
       [80.],
       [80.],
       [80.],
       [80.],
       [80.],
       [80.],
       [80.],
       [80.],
       [80.],
       [80.],
       [80.],
       [80.],
       [80.],
       [80.],
       [80.],
       [80.],
       [80.],
       [80.],
       [80.],
       [80.],
       [80.],
       [80.],
       [80.],
       [80.],
       [80.],
       [80.],
       [80.],
       [80.],
       [80.],
       [80.],
       [80.],
       [80.],
       [80.],
       [80.],
       [80.],
       [80.],
       [80.],
       [80.],
       [80.],
       [80.],
       [80.],
       [80.],
       [80.],
       [80.],
       [80.],
       [80.],
       [80.],
       [80.],
       [80.],
       [80.],
       [80.],
       [80.],
       [80.],
       [80.],
       [80.],
       [80.],
       [80.],
       [80.],
       [80.],
       [80.],
       [80.],
       [80.],
       [80.],
       [80.],
       [80.],
       [80.],
       [80.],
       [80.],
       [80.],
       [80.],
       [80.],
       [80.],
       [80.],
       [80.],
       [80.],
       [80.],
       [80.],
       [80.],
       [80.],
       [80.],
       [80.],
       [80.],
       [80.],
       [80.],
       [80.],
       [80.],
       [80.],
       [80.],
       [80.],
       [80.],
       [80.],
       [80.],
       [80.],
       [80.],
       [80.],
       [80.],
       [80.],
       [80.],
       [80.],
       [80.],
       [80.],
       [80.],
       [80.],
       [80.],
       [80.],
       [80.],
       [80.],
       [80.],
       [80.],
       [80.],
       [80.],
       [80.],
       [80.],
       [80.],
       [80.],
       [80.],
       [80.],
       [80.],
       [80.],
       [80.],
       [80.],
       [80.],
       [80.],
       [80.],
       [80.],
       [80.],
       [80.],
       [80.],
       [80.],
       [80.],
       [80.],
       [80.],
       [80.],
       [80.],
       [80.],
       [80.],
       [80.],
       [80.],
       [80.],
       [80.],
       [80.],
       [80.],
       [80.],
       [80.],
       [80.],
       [80.],
       [80.],
       [80.],
       [80.],
       [80.],
       [80.],
       [80.],
       [80.],
       [80.],
       [80.],
       [80.],
       [80.],
       [80.],
       [80.],
       [80.],
       [80.],
       [80.],
       [80.],
       [80.],
       [80.],
       [80.],
       [80.],
       [80.],
       [80.],
       [80.],
       [80.],
       [80.],
       [80.],
       [80.],
       [80.],
       [80.],
       [80.],
       [80.],
       [80.],
       [80.],
       [80.],
       [80.],
       [80.],
       [80.],
       [80.],
       [80.],
       [80.],
       [80.],
       [80.],
       [80.],
       [80.],
       [80.],
       [80.],
       [80.]]), 'dt': 0.01, 'N': 400, 'l': 1e-05}","{'Q': 473.6842105263158, 'gbar': 8.421052631578947, 'T': 10000, 'supervisor': array([[-1.89214982e-17],
       [ 4.44288287e-04],
       [ 8.88576529e-04],
       ...,
       [-1.33286468e-03],
       [-8.88576529e-04],
       [-4.44288287e-04]]), 'BIAS': array([[80.],
       [80.],
       [80.],
       [80.],
       [80.],
       [80.],
       [80.],
       [80.],
       [80.],
       [80.],
       [80.],
       [80.],
       [80.],
       [80.],
       [80.],
       [80.],
       [80.],
       [80.],
       [80.],
       [80.],
       [80.],
       [80.],
       [80.],
       [80.],
       [80.],
       [80.],
       [80.],
       [80.],
       [80.],
       [80.],
       [80.],
       [80.],
       [80.],
       [80.],
       [80.],
       [80.],
       [80.],
       [80.],
       [80.],
       [80.],
       [80.],
       [80.],
       [80.],
       [80.],
       [80.],
       [80.],
       [80.],
       [80.],
       [80.],
       [80.],
       [80.],
       [80.],
       [80.],
       [80.],
       [80.],
       [80.],
       [80.],
       [80.],
       [80.],
       [80.],
       [80.],
       [80.],
       [80.],
       [80.],
       [80.],
       [80.],
       [80.],
       [80.],
       [80.],
       [80.],
       [80.],
       [80.],
       [80.],
       [80.],
       [80.],
       [80.],
       [80.],
       [80.],
       [80.],
       [80.],
       [80.],
       [80.],
       [80.],
       [80.],
       [80.],
       [80.],
       [80.],
       [80.],
       [80.],
       [80.],
       [80.],
       [80.],
       [80.],
       [80.],
       [80.],
       [80.],
       [80.],
       [80.],
       [80.],
       [80.],
       [80.],
       [80.],
       [80.],
       [80.],
       [80.],
       [80.],
       [80.],
       [80.],
       [80.],
       [80.],
       [80.],
       [80.],
       [80.],
       [80.],
       [80.],
       [80.],
       [80.],
       [80.],
       [80.],
       [80.],
       [80.],
       [80.],
       [80.],
       [80.],
       [80.],
       [80.],
       [80.],
       [80.],
       [80.],
       [80.],
       [80.],
       [80.],
       [80.],
       [80.],
       [80.],
       [80.],
       [80.],
       [80.],
       [80.],
       [80.],
       [80.],
       [80.],
       [80.],
       [80.],
       [80.],
       [80.],
       [80.],
       [80.],
       [80.],
       [80.],
       [80.],
       [80.],
       [80.],
       [80.],
       [80.],
       [80.],
       [80.],
       [80.],
       [80.],
       [80.],
       [80.],
       [80.],
       [80.],
       [80.],
       [80.],
       [80.],
       [80.],
       [80.],
       [80.],
       [80.],
       [80.],
       [80.],
       [80.],
       [80.],
       [80.],
       [80.],
       [80.],
       [80.],
       [80.],
       [80.],
       [80.],
       [80.],
       [80.],
       [80.],
       [80.],
       [80.],
       [80.],
       [80.],
       [80.],
       [80.],
       [80.],
       [80.],
       [80.],
       [80.],
       [80.],
       [80.],
       [80.],
       [80.],
       [80.],
       [80.],
       [80.],
       [80.],
       [80.],
       [80.],
       [80.],
       [80.],
       [80.],
       [80.],
       [80.],
       [80.],
       [80.],
       [80.],
       [80.],
       [80.],
       [80.],
       [80.],
       [80.],
       [80.],
       [80.],
       [80.],
       [80.],
       [80.],
       [80.],
       [80.],
       [80.],
       [80.],
       [80.],
       [80.],
       [80.],
       [80.],
       [80.],
       [80.],
       [80.],
       [80.],
       [80.],
       [80.],
       [80.],
       [80.],
       [80.],
       [80.],
       [80.],
       [80.],
       [80.],
       [80.],
       [80.],
       [80.],
       [80.],
       [80.],
       [80.],
       [80.],
       [80.],
       [80.],
       [80.],
       [80.],
       [80.],
       [80.],
       [80.],
       [80.],
       [80.],
       [80.],
       [80.],
       [80.],
       [80.],
       [80.],
       [80.],
       [80.],
       [80.],
       [80.],
       [80.],
       [80.],
       [80.],
       [80.],
       [80.],
       [80.],
       [80.],
       [80.],
       [80.],
       [80.],
       [80.],
       [80.],
       [80.],
       [80.],
       [80.],
       [80.],
       [80.],
       [80.],
       [80.],
       [80.],
       [80.],
       [80.],
       [80.],
       [80.],
       [80.],
       [80.],
       [80.],
       [80.],
       [80.],
       [80.],
       [80.],
       [80.],
       [80.],
       [80.],
       [80.],
       [80.],
       [80.],
       [80.],
       [80.],
       [80.],
       [80.],
       [80.],
       [80.],
       [80.],
       [80.],
       [80.],
       [80.],
       [80.],
       [80.],
       [80.],
       [80.],
       [80.],
       [80.],
       [80.],
       [80.],
       [80.],
       [80.],
       [80.],
       [80.],
       [80.],
       [80.],
       [80.],
       [80.],
       [80.],
       [80.],
       [80.],
       [80.],
       [80.],
       [80.],
       [80.],
       [80.],
       [80.],
       [80.],
       [80.],
       [80.],
       [80.],
       [80.],
       [80.],
       [80.],
       [80.],
       [80.],
       [80.],
       [80.],
       [80.],
       [80.],
       [80.],
       [80.],
       [80.],
       [80.],
       [80.],
       [80.],
       [80.],
       [80.],
       [80.],
       [80.],
       [80.],
       [80.],
       [80.],
       [80.],
       [80.],
       [80.],
       [80.],
       [80.],
       [80.],
       [80.],
       [80.],
       [80.],
       [80.],
       [80.],
       [80.],
       [80.],
       [80.],
       [80.],
       [80.],
       [80.],
       [80.],
       [80.],
       [80.],
       [80.],
       [80.],
       [80.],
       [80.],
       [80.],
       [80.],
       [80.],
       [80.],
       [80.],
       [80.],
       [80.],
       [80.],
       [80.],
       [80.]]), 'dt': 0.01, 'N': 400, 'l': 1e-05}","{'Q': 473.6842105263158, 'gbar': 9.473684210526315, 'T': 10000, 'supervisor': array([[-1.89214982e-17],
       [ 4.44288287e-04],
       [ 8.88576529e-04],
       ...,
       [-1.33286468e-03],
       [-8.88576529e-04],
       [-4.44288287e-04]]), 'BIAS': array([[80.],
       [80.],
       [80.],
       [80.],
       [80.],
       [80.],
       [80.],
       [80.],
       [80.],
       [80.],
       [80.],
       [80.],
       [80.],
       [80.],
       [80.],
       [80.],
       [80.],
       [80.],
       [80.],
       [80.],
       [80.],
       [80.],
       [80.],
       [80.],
       [80.],
       [80.],
       [80.],
       [80.],
       [80.],
       [80.],
       [80.],
       [80.],
       [80.],
       [80.],
       [80.],
       [80.],
       [80.],
       [80.],
       [80.],
       [80.],
       [80.],
       [80.],
       [80.],
       [80.],
       [80.],
       [80.],
       [80.],
       [80.],
       [80.],
       [80.],
       [80.],
       [80.],
       [80.],
       [80.],
       [80.],
       [80.],
       [80.],
       [80.],
       [80.],
       [80.],
       [80.],
       [80.],
       [80.],
       [80.],
       [80.],
       [80.],
       [80.],
       [80.],
       [80.],
       [80.],
       [80.],
       [80.],
       [80.],
       [80.],
       [80.],
       [80.],
       [80.],
       [80.],
       [80.],
       [80.],
       [80.],
       [80.],
       [80.],
       [80.],
       [80.],
       [80.],
       [80.],
       [80.],
       [80.],
       [80.],
       [80.],
       [80.],
       [80.],
       [80.],
       [80.],
       [80.],
       [80.],
       [80.],
       [80.],
       [80.],
       [80.],
       [80.],
       [80.],
       [80.],
       [80.],
       [80.],
       [80.],
       [80.],
       [80.],
       [80.],
       [80.],
       [80.],
       [80.],
       [80.],
       [80.],
       [80.],
       [80.],
       [80.],
       [80.],
       [80.],
       [80.],
       [80.],
       [80.],
       [80.],
       [80.],
       [80.],
       [80.],
       [80.],
       [80.],
       [80.],
       [80.],
       [80.],
       [80.],
       [80.],
       [80.],
       [80.],
       [80.],
       [80.],
       [80.],
       [80.],
       [80.],
       [80.],
       [80.],
       [80.],
       [80.],
       [80.],
       [80.],
       [80.],
       [80.],
       [80.],
       [80.],
       [80.],
       [80.],
       [80.],
       [80.],
       [80.],
       [80.],
       [80.],
       [80.],
       [80.],
       [80.],
       [80.],
       [80.],
       [80.],
       [80.],
       [80.],
       [80.],
       [80.],
       [80.],
       [80.],
       [80.],
       [80.],
       [80.],
       [80.],
       [80.],
       [80.],
       [80.],
       [80.],
       [80.],
       [80.],
       [80.],
       [80.],
       [80.],
       [80.],
       [80.],
       [80.],
       [80.],
       [80.],
       [80.],
       [80.],
       [80.],
       [80.],
       [80.],
       [80.],
       [80.],
       [80.],
       [80.],
       [80.],
       [80.],
       [80.],
       [80.],
       [80.],
       [80.],
       [80.],
       [80.],
       [80.],
       [80.],
       [80.],
       [80.],
       [80.],
       [80.],
       [80.],
       [80.],
       [80.],
       [80.],
       [80.],
       [80.],
       [80.],
       [80.],
       [80.],
       [80.],
       [80.],
       [80.],
       [80.],
       [80.],
       [80.],
       [80.],
       [80.],
       [80.],
       [80.],
       [80.],
       [80.],
       [80.],
       [80.],
       [80.],
       [80.],
       [80.],
       [80.],
       [80.],
       [80.],
       [80.],
       [80.],
       [80.],
       [80.],
       [80.],
       [80.],
       [80.],
       [80.],
       [80.],
       [80.],
       [80.],
       [80.],
       [80.],
       [80.],
       [80.],
       [80.],
       [80.],
       [80.],
       [80.],
       [80.],
       [80.],
       [80.],
       [80.],
       [80.],
       [80.],
       [80.],
       [80.],
       [80.],
       [80.],
       [80.],
       [80.],
       [80.],
       [80.],
       [80.],
       [80.],
       [80.],
       [80.],
       [80.],
       [80.],
       [80.],
       [80.],
       [80.],
       [80.],
       [80.],
       [80.],
       [80.],
       [80.],
       [80.],
       [80.],
       [80.],
       [80.],
       [80.],
       [80.],
       [80.],
       [80.],
       [80.],
       [80.],
       [80.],
       [80.],
       [80.],
       [80.],
       [80.],
       [80.],
       [80.],
       [80.],
       [80.],
       [80.],
       [80.],
       [80.],
       [80.],
       [80.],
       [80.],
       [80.],
       [80.],
       [80.],
       [80.],
       [80.],
       [80.],
       [80.],
       [80.],
       [80.],
       [80.],
       [80.],
       [80.],
       [80.],
       [80.],
       [80.],
       [80.],
       [80.],
       [80.],
       [80.],
       [80.],
       [80.],
       [80.],
       [80.],
       [80.],
       [80.],
       [80.],
       [80.],
       [80.],
       [80.],
       [80.],
       [80.],
       [80.],
       [80.],
       [80.],
       [80.],
       [80.],
       [80.],
       [80.],
       [80.],
       [80.],
       [80.],
       [80.],
       [80.],
       [80.],
       [80.],
       [80.],
       [80.],
       [80.],
       [80.],
       [80.],
       [80.],
       [80.],
       [80.],
       [80.],
       [80.],
       [80.],
       [80.],
       [80.],
       [80.],
       [80.],
       [80.],
       [80.],
       [80.],
       [80.],
       [80.],
       [80.],
       [80.],
       [80.],
       [80.],
       [80.],
       [80.],
       [80.],
       [80.],
       [80.],
       [80.],
       [80.],
       [80.],
       [80.],
       [80.],
       [80.],
       [80.],
       [80.],
       [80.],
       [80.],
       [80.],
       [80.],
       [80.],
       [80.]]), 'dt': 0.01, 'N': 400, 'l': 1e-05}","{'Q': 473.6842105263158, 'gbar': 10.526315789473683, 'T': 10000, 'supervisor': array([[-1.89214982e-17],
       [ 4.44288287e-04],
       [ 8.88576529e-04],
       ...,
       [-1.33286468e-03],
       [-8.88576529e-04],
       [-4.44288287e-04]]), 'BIAS': array([[80.],
       [80.],
       [80.],
       [80.],
       [80.],
       [80.],
       [80.],
       [80.],
       [80.],
       [80.],
       [80.],
       [80.],
       [80.],
       [80.],
       [80.],
       [80.],
       [80.],
       [80.],
       [80.],
       [80.],
       [80.],
       [80.],
       [80.],
       [80.],
       [80.],
       [80.],
       [80.],
       [80.],
       [80.],
       [80.],
       [80.],
       [80.],
       [80.],
       [80.],
       [80.],
       [80.],
       [80.],
       [80.],
       [80.],
       [80.],
       [80.],
       [80.],
       [80.],
       [80.],
       [80.],
       [80.],
       [80.],
       [80.],
       [80.],
       [80.],
       [80.],
       [80.],
       [80.],
       [80.],
       [80.],
       [80.],
       [80.],
       [80.],
       [80.],
       [80.],
       [80.],
       [80.],
       [80.],
       [80.],
       [80.],
       [80.],
       [80.],
       [80.],
       [80.],
       [80.],
       [80.],
       [80.],
       [80.],
       [80.],
       [80.],
       [80.],
       [80.],
       [80.],
       [80.],
       [80.],
       [80.],
       [80.],
       [80.],
       [80.],
       [80.],
       [80.],
       [80.],
       [80.],
       [80.],
       [80.],
       [80.],
       [80.],
       [80.],
       [80.],
       [80.],
       [80.],
       [80.],
       [80.],
       [80.],
       [80.],
       [80.],
       [80.],
       [80.],
       [80.],
       [80.],
       [80.],
       [80.],
       [80.],
       [80.],
       [80.],
       [80.],
       [80.],
       [80.],
       [80.],
       [80.],
       [80.],
       [80.],
       [80.],
       [80.],
       [80.],
       [80.],
       [80.],
       [80.],
       [80.],
       [80.],
       [80.],
       [80.],
       [80.],
       [80.],
       [80.],
       [80.],
       [80.],
       [80.],
       [80.],
       [80.],
       [80.],
       [80.],
       [80.],
       [80.],
       [80.],
       [80.],
       [80.],
       [80.],
       [80.],
       [80.],
       [80.],
       [80.],
       [80.],
       [80.],
       [80.],
       [80.],
       [80.],
       [80.],
       [80.],
       [80.],
       [80.],
       [80.],
       [80.],
       [80.],
       [80.],
       [80.],
       [80.],
       [80.],
       [80.],
       [80.],
       [80.],
       [80.],
       [80.],
       [80.],
       [80.],
       [80.],
       [80.],
       [80.],
       [80.],
       [80.],
       [80.],
       [80.],
       [80.],
       [80.],
       [80.],
       [80.],
       [80.],
       [80.],
       [80.],
       [80.],
       [80.],
       [80.],
       [80.],
       [80.],
       [80.],
       [80.],
       [80.],
       [80.],
       [80.],
       [80.],
       [80.],
       [80.],
       [80.],
       [80.],
       [80.],
       [80.],
       [80.],
       [80.],
       [80.],
       [80.],
       [80.],
       [80.],
       [80.],
       [80.],
       [80.],
       [80.],
       [80.],
       [80.],
       [80.],
       [80.],
       [80.],
       [80.],
       [80.],
       [80.],
       [80.],
       [80.],
       [80.],
       [80.],
       [80.],
       [80.],
       [80.],
       [80.],
       [80.],
       [80.],
       [80.],
       [80.],
       [80.],
       [80.],
       [80.],
       [80.],
       [80.],
       [80.],
       [80.],
       [80.],
       [80.],
       [80.],
       [80.],
       [80.],
       [80.],
       [80.],
       [80.],
       [80.],
       [80.],
       [80.],
       [80.],
       [80.],
       [80.],
       [80.],
       [80.],
       [80.],
       [80.],
       [80.],
       [80.],
       [80.],
       [80.],
       [80.],
       [80.],
       [80.],
       [80.],
       [80.],
       [80.],
       [80.],
       [80.],
       [80.],
       [80.],
       [80.],
       [80.],
       [80.],
       [80.],
       [80.],
       [80.],
       [80.],
       [80.],
       [80.],
       [80.],
       [80.],
       [80.],
       [80.],
       [80.],
       [80.],
       [80.],
       [80.],
       [80.],
       [80.],
       [80.],
       [80.],
       [80.],
       [80.],
       [80.],
       [80.],
       [80.],
       [80.],
       [80.],
       [80.],
       [80.],
       [80.],
       [80.],
       [80.],
       [80.],
       [80.],
       [80.],
       [80.],
       [80.],
       [80.],
       [80.],
       [80.],
       [80.],
       [80.],
       [80.],
       [80.],
       [80.],
       [80.],
       [80.],
       [80.],
       [80.],
       [80.],
       [80.],
       [80.],
       [80.],
       [80.],
       [80.],
       [80.],
       [80.],
       [80.],
       [80.],
       [80.],
       [80.],
       [80.],
       [80.],
       [80.],
       [80.],
       [80.],
       [80.],
       [80.],
       [80.],
       [80.],
       [80.],
       [80.],
       [80.],
       [80.],
       [80.],
       [80.],
       [80.],
       [80.],
       [80.],
       [80.],
       [80.],
       [80.],
       [80.],
       [80.],
       [80.],
       [80.],
       [80.],
       [80.],
       [80.],
       [80.],
       [80.],
       [80.],
       [80.],
       [80.],
       [80.],
       [80.],
       [80.],
       [80.],
       [80.],
       [80.],
       [80.],
       [80.],
       [80.],
       [80.],
       [80.],
       [80.],
       [80.],
       [80.],
       [80.],
       [80.],
       [80.],
       [80.],
       [80.],
       [80.],
       [80.],
       [80.],
       [80.],
       [80.],
       [80.],
       [80.],
       [80.],
       [80.],
       [80.],
       [80.],
       [80.],
       [80.],
       [80.],
       [80.],
       [80.]]), 'dt': 0.01, 'N': 400, 'l': 1e-05}","{'Q': 473.6842105263158, 'gbar': 11.578947368421051, 'T': 10000, 'supervisor': array([[-1.89214982e-17],
       [ 4.44288287e-04],
       [ 8.88576529e-04],
       ...,
       [-1.33286468e-03],
       [-8.88576529e-04],
       [-4.44288287e-04]]), 'BIAS': array([[80.],
       [80.],
       [80.],
       [80.],
       [80.],
       [80.],
       [80.],
       [80.],
       [80.],
       [80.],
       [80.],
       [80.],
       [80.],
       [80.],
       [80.],
       [80.],
       [80.],
       [80.],
       [80.],
       [80.],
       [80.],
       [80.],
       [80.],
       [80.],
       [80.],
       [80.],
       [80.],
       [80.],
       [80.],
       [80.],
       [80.],
       [80.],
       [80.],
       [80.],
       [80.],
       [80.],
       [80.],
       [80.],
       [80.],
       [80.],
       [80.],
       [80.],
       [80.],
       [80.],
       [80.],
       [80.],
       [80.],
       [80.],
       [80.],
       [80.],
       [80.],
       [80.],
       [80.],
       [80.],
       [80.],
       [80.],
       [80.],
       [80.],
       [80.],
       [80.],
       [80.],
       [80.],
       [80.],
       [80.],
       [80.],
       [80.],
       [80.],
       [80.],
       [80.],
       [80.],
       [80.],
       [80.],
       [80.],
       [80.],
       [80.],
       [80.],
       [80.],
       [80.],
       [80.],
       [80.],
       [80.],
       [80.],
       [80.],
       [80.],
       [80.],
       [80.],
       [80.],
       [80.],
       [80.],
       [80.],
       [80.],
       [80.],
       [80.],
       [80.],
       [80.],
       [80.],
       [80.],
       [80.],
       [80.],
       [80.],
       [80.],
       [80.],
       [80.],
       [80.],
       [80.],
       [80.],
       [80.],
       [80.],
       [80.],
       [80.],
       [80.],
       [80.],
       [80.],
       [80.],
       [80.],
       [80.],
       [80.],
       [80.],
       [80.],
       [80.],
       [80.],
       [80.],
       [80.],
       [80.],
       [80.],
       [80.],
       [80.],
       [80.],
       [80.],
       [80.],
       [80.],
       [80.],
       [80.],
       [80.],
       [80.],
       [80.],
       [80.],
       [80.],
       [80.],
       [80.],
       [80.],
       [80.],
       [80.],
       [80.],
       [80.],
       [80.],
       [80.],
       [80.],
       [80.],
       [80.],
       [80.],
       [80.],
       [80.],
       [80.],
       [80.],
       [80.],
       [80.],
       [80.],
       [80.],
       [80.],
       [80.],
       [80.],
       [80.],
       [80.],
       [80.],
       [80.],
       [80.],
       [80.],
       [80.],
       [80.],
       [80.],
       [80.],
       [80.],
       [80.],
       [80.],
       [80.],
       [80.],
       [80.],
       [80.],
       [80.],
       [80.],
       [80.],
       [80.],
       [80.],
       [80.],
       [80.],
       [80.],
       [80.],
       [80.],
       [80.],
       [80.],
       [80.],
       [80.],
       [80.],
       [80.],
       [80.],
       [80.],
       [80.],
       [80.],
       [80.],
       [80.],
       [80.],
       [80.],
       [80.],
       [80.],
       [80.],
       [80.],
       [80.],
       [80.],
       [80.],
       [80.],
       [80.],
       [80.],
       [80.],
       [80.],
       [80.],
       [80.],
       [80.],
       [80.],
       [80.],
       [80.],
       [80.],
       [80.],
       [80.],
       [80.],
       [80.],
       [80.],
       [80.],
       [80.],
       [80.],
       [80.],
       [80.],
       [80.],
       [80.],
       [80.],
       [80.],
       [80.],
       [80.],
       [80.],
       [80.],
       [80.],
       [80.],
       [80.],
       [80.],
       [80.],
       [80.],
       [80.],
       [80.],
       [80.],
       [80.],
       [80.],
       [80.],
       [80.],
       [80.],
       [80.],
       [80.],
       [80.],
       [80.],
       [80.],
       [80.],
       [80.],
       [80.],
       [80.],
       [80.],
       [80.],
       [80.],
       [80.],
       [80.],
       [80.],
       [80.],
       [80.],
       [80.],
       [80.],
       [80.],
       [80.],
       [80.],
       [80.],
       [80.],
       [80.],
       [80.],
       [80.],
       [80.],
       [80.],
       [80.],
       [80.],
       [80.],
       [80.],
       [80.],
       [80.],
       [80.],
       [80.],
       [80.],
       [80.],
       [80.],
       [80.],
       [80.],
       [80.],
       [80.],
       [80.],
       [80.],
       [80.],
       [80.],
       [80.],
       [80.],
       [80.],
       [80.],
       [80.],
       [80.],
       [80.],
       [80.],
       [80.],
       [80.],
       [80.],
       [80.],
       [80.],
       [80.],
       [80.],
       [80.],
       [80.],
       [80.],
       [80.],
       [80.],
       [80.],
       [80.],
       [80.],
       [80.],
       [80.],
       [80.],
       [80.],
       [80.],
       [80.],
       [80.],
       [80.],
       [80.],
       [80.],
       [80.],
       [80.],
       [80.],
       [80.],
       [80.],
       [80.],
       [80.],
       [80.],
       [80.],
       [80.],
       [80.],
       [80.],
       [80.],
       [80.],
       [80.],
       [80.],
       [80.],
       [80.],
       [80.],
       [80.],
       [80.],
       [80.],
       [80.],
       [80.],
       [80.],
       [80.],
       [80.],
       [80.],
       [80.],
       [80.],
       [80.],
       [80.],
       [80.],
       [80.],
       [80.],
       [80.],
       [80.],
       [80.],
       [80.],
       [80.],
       [80.],
       [80.],
       [80.],
       [80.],
       [80.],
       [80.],
       [80.],
       [80.],
       [80.],
       [80.],
       [80.],
       [80.],
       [80.],
       [80.],
       [80.],
       [80.],
       [80.],
       [80.],
       [80.],
       [80.],
       [80.],
       [80.],
       [80.],
       [80.],
       [80.]]), 'dt': 0.01, 'N': 400, 'l': 1e-05}","{'Q': 473.6842105263158, 'gbar': 12.631578947368421, 'T': 10000, 'supervisor': array([[-1.89214982e-17],
       [ 4.44288287e-04],
       [ 8.88576529e-04],
       ...,
       [-1.33286468e-03],
       [-8.88576529e-04],
       [-4.44288287e-04]]), 'BIAS': array([[80.],
       [80.],
       [80.],
       [80.],
       [80.],
       [80.],
       [80.],
       [80.],
       [80.],
       [80.],
       [80.],
       [80.],
       [80.],
       [80.],
       [80.],
       [80.],
       [80.],
       [80.],
       [80.],
       [80.],
       [80.],
       [80.],
       [80.],
       [80.],
       [80.],
       [80.],
       [80.],
       [80.],
       [80.],
       [80.],
       [80.],
       [80.],
       [80.],
       [80.],
       [80.],
       [80.],
       [80.],
       [80.],
       [80.],
       [80.],
       [80.],
       [80.],
       [80.],
       [80.],
       [80.],
       [80.],
       [80.],
       [80.],
       [80.],
       [80.],
       [80.],
       [80.],
       [80.],
       [80.],
       [80.],
       [80.],
       [80.],
       [80.],
       [80.],
       [80.],
       [80.],
       [80.],
       [80.],
       [80.],
       [80.],
       [80.],
       [80.],
       [80.],
       [80.],
       [80.],
       [80.],
       [80.],
       [80.],
       [80.],
       [80.],
       [80.],
       [80.],
       [80.],
       [80.],
       [80.],
       [80.],
       [80.],
       [80.],
       [80.],
       [80.],
       [80.],
       [80.],
       [80.],
       [80.],
       [80.],
       [80.],
       [80.],
       [80.],
       [80.],
       [80.],
       [80.],
       [80.],
       [80.],
       [80.],
       [80.],
       [80.],
       [80.],
       [80.],
       [80.],
       [80.],
       [80.],
       [80.],
       [80.],
       [80.],
       [80.],
       [80.],
       [80.],
       [80.],
       [80.],
       [80.],
       [80.],
       [80.],
       [80.],
       [80.],
       [80.],
       [80.],
       [80.],
       [80.],
       [80.],
       [80.],
       [80.],
       [80.],
       [80.],
       [80.],
       [80.],
       [80.],
       [80.],
       [80.],
       [80.],
       [80.],
       [80.],
       [80.],
       [80.],
       [80.],
       [80.],
       [80.],
       [80.],
       [80.],
       [80.],
       [80.],
       [80.],
       [80.],
       [80.],
       [80.],
       [80.],
       [80.],
       [80.],
       [80.],
       [80.],
       [80.],
       [80.],
       [80.],
       [80.],
       [80.],
       [80.],
       [80.],
       [80.],
       [80.],
       [80.],
       [80.],
       [80.],
       [80.],
       [80.],
       [80.],
       [80.],
       [80.],
       [80.],
       [80.],
       [80.],
       [80.],
       [80.],
       [80.],
       [80.],
       [80.],
       [80.],
       [80.],
       [80.],
       [80.],
       [80.],
       [80.],
       [80.],
       [80.],
       [80.],
       [80.],
       [80.],
       [80.],
       [80.],
       [80.],
       [80.],
       [80.],
       [80.],
       [80.],
       [80.],
       [80.],
       [80.],
       [80.],
       [80.],
       [80.],
       [80.],
       [80.],
       [80.],
       [80.],
       [80.],
       [80.],
       [80.],
       [80.],
       [80.],
       [80.],
       [80.],
       [80.],
       [80.],
       [80.],
       [80.],
       [80.],
       [80.],
       [80.],
       [80.],
       [80.],
       [80.],
       [80.],
       [80.],
       [80.],
       [80.],
       [80.],
       [80.],
       [80.],
       [80.],
       [80.],
       [80.],
       [80.],
       [80.],
       [80.],
       [80.],
       [80.],
       [80.],
       [80.],
       [80.],
       [80.],
       [80.],
       [80.],
       [80.],
       [80.],
       [80.],
       [80.],
       [80.],
       [80.],
       [80.],
       [80.],
       [80.],
       [80.],
       [80.],
       [80.],
       [80.],
       [80.],
       [80.],
       [80.],
       [80.],
       [80.],
       [80.],
       [80.],
       [80.],
       [80.],
       [80.],
       [80.],
       [80.],
       [80.],
       [80.],
       [80.],
       [80.],
       [80.],
       [80.],
       [80.],
       [80.],
       [80.],
       [80.],
       [80.],
       [80.],
       [80.],
       [80.],
       [80.],
       [80.],
       [80.],
       [80.],
       [80.],
       [80.],
       [80.],
       [80.],
       [80.],
       [80.],
       [80.],
       [80.],
       [80.],
       [80.],
       [80.],
       [80.],
       [80.],
       [80.],
       [80.],
       [80.],
       [80.],
       [80.],
       [80.],
       [80.],
       [80.],
       [80.],
       [80.],
       [80.],
       [80.],
       [80.],
       [80.],
       [80.],
       [80.],
       [80.],
       [80.],
       [80.],
       [80.],
       [80.],
       [80.],
       [80.],
       [80.],
       [80.],
       [80.],
       [80.],
       [80.],
       [80.],
       [80.],
       [80.],
       [80.],
       [80.],
       [80.],
       [80.],
       [80.],
       [80.],
       [80.],
       [80.],
       [80.],
       [80.],
       [80.],
       [80.],
       [80.],
       [80.],
       [80.],
       [80.],
       [80.],
       [80.],
       [80.],
       [80.],
       [80.],
       [80.],
       [80.],
       [80.],
       [80.],
       [80.],
       [80.],
       [80.],
       [80.],
       [80.],
       [80.],
       [80.],
       [80.],
       [80.],
       [80.],
       [80.],
       [80.],
       [80.],
       [80.],
       [80.],
       [80.],
       [80.],
       [80.],
       [80.],
       [80.],
       [80.],
       [80.],
       [80.],
       [80.],
       [80.],
       [80.],
       [80.],
       [80.],
       [80.],
       [80.],
       [80.],
       [80.],
       [80.],
       [80.],
       [80.],
       [80.],
       [80.],
       [80.],
       [80.],
       [80.],
       [80.],
       [80.],
       [80.]]), 'dt': 0.01, 'N': 400, 'l': 1e-05}","{'Q': 473.6842105263158, 'gbar': 13.68421052631579, 'T': 10000, 'supervisor': array([[-1.89214982e-17],
       [ 4.44288287e-04],
       [ 8.88576529e-04],
       ...,
       [-1.33286468e-03],
       [-8.88576529e-04],
       [-4.44288287e-04]]), 'BIAS': array([[80.],
       [80.],
       [80.],
       [80.],
       [80.],
       [80.],
       [80.],
       [80.],
       [80.],
       [80.],
       [80.],
       [80.],
       [80.],
       [80.],
       [80.],
       [80.],
       [80.],
       [80.],
       [80.],
       [80.],
       [80.],
       [80.],
       [80.],
       [80.],
       [80.],
       [80.],
       [80.],
       [80.],
       [80.],
       [80.],
       [80.],
       [80.],
       [80.],
       [80.],
       [80.],
       [80.],
       [80.],
       [80.],
       [80.],
       [80.],
       [80.],
       [80.],
       [80.],
       [80.],
       [80.],
       [80.],
       [80.],
       [80.],
       [80.],
       [80.],
       [80.],
       [80.],
       [80.],
       [80.],
       [80.],
       [80.],
       [80.],
       [80.],
       [80.],
       [80.],
       [80.],
       [80.],
       [80.],
       [80.],
       [80.],
       [80.],
       [80.],
       [80.],
       [80.],
       [80.],
       [80.],
       [80.],
       [80.],
       [80.],
       [80.],
       [80.],
       [80.],
       [80.],
       [80.],
       [80.],
       [80.],
       [80.],
       [80.],
       [80.],
       [80.],
       [80.],
       [80.],
       [80.],
       [80.],
       [80.],
       [80.],
       [80.],
       [80.],
       [80.],
       [80.],
       [80.],
       [80.],
       [80.],
       [80.],
       [80.],
       [80.],
       [80.],
       [80.],
       [80.],
       [80.],
       [80.],
       [80.],
       [80.],
       [80.],
       [80.],
       [80.],
       [80.],
       [80.],
       [80.],
       [80.],
       [80.],
       [80.],
       [80.],
       [80.],
       [80.],
       [80.],
       [80.],
       [80.],
       [80.],
       [80.],
       [80.],
       [80.],
       [80.],
       [80.],
       [80.],
       [80.],
       [80.],
       [80.],
       [80.],
       [80.],
       [80.],
       [80.],
       [80.],
       [80.],
       [80.],
       [80.],
       [80.],
       [80.],
       [80.],
       [80.],
       [80.],
       [80.],
       [80.],
       [80.],
       [80.],
       [80.],
       [80.],
       [80.],
       [80.],
       [80.],
       [80.],
       [80.],
       [80.],
       [80.],
       [80.],
       [80.],
       [80.],
       [80.],
       [80.],
       [80.],
       [80.],
       [80.],
       [80.],
       [80.],
       [80.],
       [80.],
       [80.],
       [80.],
       [80.],
       [80.],
       [80.],
       [80.],
       [80.],
       [80.],
       [80.],
       [80.],
       [80.],
       [80.],
       [80.],
       [80.],
       [80.],
       [80.],
       [80.],
       [80.],
       [80.],
       [80.],
       [80.],
       [80.],
       [80.],
       [80.],
       [80.],
       [80.],
       [80.],
       [80.],
       [80.],
       [80.],
       [80.],
       [80.],
       [80.],
       [80.],
       [80.],
       [80.],
       [80.],
       [80.],
       [80.],
       [80.],
       [80.],
       [80.],
       [80.],
       [80.],
       [80.],
       [80.],
       [80.],
       [80.],
       [80.],
       [80.],
       [80.],
       [80.],
       [80.],
       [80.],
       [80.],
       [80.],
       [80.],
       [80.],
       [80.],
       [80.],
       [80.],
       [80.],
       [80.],
       [80.],
       [80.],
       [80.],
       [80.],
       [80.],
       [80.],
       [80.],
       [80.],
       [80.],
       [80.],
       [80.],
       [80.],
       [80.],
       [80.],
       [80.],
       [80.],
       [80.],
       [80.],
       [80.],
       [80.],
       [80.],
       [80.],
       [80.],
       [80.],
       [80.],
       [80.],
       [80.],
       [80.],
       [80.],
       [80.],
       [80.],
       [80.],
       [80.],
       [80.],
       [80.],
       [80.],
       [80.],
       [80.],
       [80.],
       [80.],
       [80.],
       [80.],
       [80.],
       [80.],
       [80.],
       [80.],
       [80.],
       [80.],
       [80.],
       [80.],
       [80.],
       [80.],
       [80.],
       [80.],
       [80.],
       [80.],
       [80.],
       [80.],
       [80.],
       [80.],
       [80.],
       [80.],
       [80.],
       [80.],
       [80.],
       [80.],
       [80.],
       [80.],
       [80.],
       [80.],
       [80.],
       [80.],
       [80.],
       [80.],
       [80.],
       [80.],
       [80.],
       [80.],
       [80.],
       [80.],
       [80.],
       [80.],
       [80.],
       [80.],
       [80.],
       [80.],
       [80.],
       [80.],
       [80.],
       [80.],
       [80.],
       [80.],
       [80.],
       [80.],
       [80.],
       [80.],
       [80.],
       [80.],
       [80.],
       [80.],
       [80.],
       [80.],
       [80.],
       [80.],
       [80.],
       [80.],
       [80.],
       [80.],
       [80.],
       [80.],
       [80.],
       [80.],
       [80.],
       [80.],
       [80.],
       [80.],
       [80.],
       [80.],
       [80.],
       [80.],
       [80.],
       [80.],
       [80.],
       [80.],
       [80.],
       [80.],
       [80.],
       [80.],
       [80.],
       [80.],
       [80.],
       [80.],
       [80.],
       [80.],
       [80.],
       [80.],
       [80.],
       [80.],
       [80.],
       [80.],
       [80.],
       [80.],
       [80.],
       [80.],
       [80.],
       [80.],
       [80.],
       [80.],
       [80.],
       [80.],
       [80.],
       [80.],
       [80.],
       [80.],
       [80.],
       [80.],
       [80.],
       [80.],
       [80.],
       [80.],
       [80.],
       [80.],
       [80.],
       [80.],
       [80.],
       [80.]]), 'dt': 0.01, 'N': 400, 'l': 1e-05}","{'Q': 473.6842105263158, 'gbar': 14.736842105263158, 'T': 10000, 'supervisor': array([[-1.89214982e-17],
       [ 4.44288287e-04],
       [ 8.88576529e-04],
       ...,
       [-1.33286468e-03],
       [-8.88576529e-04],
       [-4.44288287e-04]]), 'BIAS': array([[80.],
       [80.],
       [80.],
       [80.],
       [80.],
       [80.],
       [80.],
       [80.],
       [80.],
       [80.],
       [80.],
       [80.],
       [80.],
       [80.],
       [80.],
       [80.],
       [80.],
       [80.],
       [80.],
       [80.],
       [80.],
       [80.],
       [80.],
       [80.],
       [80.],
       [80.],
       [80.],
       [80.],
       [80.],
       [80.],
       [80.],
       [80.],
       [80.],
       [80.],
       [80.],
       [80.],
       [80.],
       [80.],
       [80.],
       [80.],
       [80.],
       [80.],
       [80.],
       [80.],
       [80.],
       [80.],
       [80.],
       [80.],
       [80.],
       [80.],
       [80.],
       [80.],
       [80.],
       [80.],
       [80.],
       [80.],
       [80.],
       [80.],
       [80.],
       [80.],
       [80.],
       [80.],
       [80.],
       [80.],
       [80.],
       [80.],
       [80.],
       [80.],
       [80.],
       [80.],
       [80.],
       [80.],
       [80.],
       [80.],
       [80.],
       [80.],
       [80.],
       [80.],
       [80.],
       [80.],
       [80.],
       [80.],
       [80.],
       [80.],
       [80.],
       [80.],
       [80.],
       [80.],
       [80.],
       [80.],
       [80.],
       [80.],
       [80.],
       [80.],
       [80.],
       [80.],
       [80.],
       [80.],
       [80.],
       [80.],
       [80.],
       [80.],
       [80.],
       [80.],
       [80.],
       [80.],
       [80.],
       [80.],
       [80.],
       [80.],
       [80.],
       [80.],
       [80.],
       [80.],
       [80.],
       [80.],
       [80.],
       [80.],
       [80.],
       [80.],
       [80.],
       [80.],
       [80.],
       [80.],
       [80.],
       [80.],
       [80.],
       [80.],
       [80.],
       [80.],
       [80.],
       [80.],
       [80.],
       [80.],
       [80.],
       [80.],
       [80.],
       [80.],
       [80.],
       [80.],
       [80.],
       [80.],
       [80.],
       [80.],
       [80.],
       [80.],
       [80.],
       [80.],
       [80.],
       [80.],
       [80.],
       [80.],
       [80.],
       [80.],
       [80.],
       [80.],
       [80.],
       [80.],
       [80.],
       [80.],
       [80.],
       [80.],
       [80.],
       [80.],
       [80.],
       [80.],
       [80.],
       [80.],
       [80.],
       [80.],
       [80.],
       [80.],
       [80.],
       [80.],
       [80.],
       [80.],
       [80.],
       [80.],
       [80.],
       [80.],
       [80.],
       [80.],
       [80.],
       [80.],
       [80.],
       [80.],
       [80.],
       [80.],
       [80.],
       [80.],
       [80.],
       [80.],
       [80.],
       [80.],
       [80.],
       [80.],
       [80.],
       [80.],
       [80.],
       [80.],
       [80.],
       [80.],
       [80.],
       [80.],
       [80.],
       [80.],
       [80.],
       [80.],
       [80.],
       [80.],
       [80.],
       [80.],
       [80.],
       [80.],
       [80.],
       [80.],
       [80.],
       [80.],
       [80.],
       [80.],
       [80.],
       [80.],
       [80.],
       [80.],
       [80.],
       [80.],
       [80.],
       [80.],
       [80.],
       [80.],
       [80.],
       [80.],
       [80.],
       [80.],
       [80.],
       [80.],
       [80.],
       [80.],
       [80.],
       [80.],
       [80.],
       [80.],
       [80.],
       [80.],
       [80.],
       [80.],
       [80.],
       [80.],
       [80.],
       [80.],
       [80.],
       [80.],
       [80.],
       [80.],
       [80.],
       [80.],
       [80.],
       [80.],
       [80.],
       [80.],
       [80.],
       [80.],
       [80.],
       [80.],
       [80.],
       [80.],
       [80.],
       [80.],
       [80.],
       [80.],
       [80.],
       [80.],
       [80.],
       [80.],
       [80.],
       [80.],
       [80.],
       [80.],
       [80.],
       [80.],
       [80.],
       [80.],
       [80.],
       [80.],
       [80.],
       [80.],
       [80.],
       [80.],
       [80.],
       [80.],
       [80.],
       [80.],
       [80.],
       [80.],
       [80.],
       [80.],
       [80.],
       [80.],
       [80.],
       [80.],
       [80.],
       [80.],
       [80.],
       [80.],
       [80.],
       [80.],
       [80.],
       [80.],
       [80.],
       [80.],
       [80.],
       [80.],
       [80.],
       [80.],
       [80.],
       [80.],
       [80.],
       [80.],
       [80.],
       [80.],
       [80.],
       [80.],
       [80.],
       [80.],
       [80.],
       [80.],
       [80.],
       [80.],
       [80.],
       [80.],
       [80.],
       [80.],
       [80.],
       [80.],
       [80.],
       [80.],
       [80.],
       [80.],
       [80.],
       [80.],
       [80.],
       [80.],
       [80.],
       [80.],
       [80.],
       [80.],
       [80.],
       [80.],
       [80.],
       [80.],
       [80.],
       [80.],
       [80.],
       [80.],
       [80.],
       [80.],
       [80.],
       [80.],
       [80.],
       [80.],
       [80.],
       [80.],
       [80.],
       [80.],
       [80.],
       [80.],
       [80.],
       [80.],
       [80.],
       [80.],
       [80.],
       [80.],
       [80.],
       [80.],
       [80.],
       [80.],
       [80.],
       [80.],
       [80.],
       [80.],
       [80.],
       [80.],
       [80.],
       [80.],
       [80.],
       [80.],
       [80.],
       [80.],
       [80.],
       [80.],
       [80.],
       [80.],
       [80.],
       [80.],
       [80.],
       [80.],
       [80.],
       [80.],
       [80.],
       [80.]]), 'dt': 0.01, 'N': 400, 'l': 1e-05}","{'Q': 473.6842105263158, 'gbar': 15.789473684210526, 'T': 10000, 'supervisor': array([[-1.89214982e-17],
       [ 4.44288287e-04],
       [ 8.88576529e-04],
       ...,
       [-1.33286468e-03],
       [-8.88576529e-04],
       [-4.44288287e-04]]), 'BIAS': array([[80.],
       [80.],
       [80.],
       [80.],
       [80.],
       [80.],
       [80.],
       [80.],
       [80.],
       [80.],
       [80.],
       [80.],
       [80.],
       [80.],
       [80.],
       [80.],
       [80.],
       [80.],
       [80.],
       [80.],
       [80.],
       [80.],
       [80.],
       [80.],
       [80.],
       [80.],
       [80.],
       [80.],
       [80.],
       [80.],
       [80.],
       [80.],
       [80.],
       [80.],
       [80.],
       [80.],
       [80.],
       [80.],
       [80.],
       [80.],
       [80.],
       [80.],
       [80.],
       [80.],
       [80.],
       [80.],
       [80.],
       [80.],
       [80.],
       [80.],
       [80.],
       [80.],
       [80.],
       [80.],
       [80.],
       [80.],
       [80.],
       [80.],
       [80.],
       [80.],
       [80.],
       [80.],
       [80.],
       [80.],
       [80.],
       [80.],
       [80.],
       [80.],
       [80.],
       [80.],
       [80.],
       [80.],
       [80.],
       [80.],
       [80.],
       [80.],
       [80.],
       [80.],
       [80.],
       [80.],
       [80.],
       [80.],
       [80.],
       [80.],
       [80.],
       [80.],
       [80.],
       [80.],
       [80.],
       [80.],
       [80.],
       [80.],
       [80.],
       [80.],
       [80.],
       [80.],
       [80.],
       [80.],
       [80.],
       [80.],
       [80.],
       [80.],
       [80.],
       [80.],
       [80.],
       [80.],
       [80.],
       [80.],
       [80.],
       [80.],
       [80.],
       [80.],
       [80.],
       [80.],
       [80.],
       [80.],
       [80.],
       [80.],
       [80.],
       [80.],
       [80.],
       [80.],
       [80.],
       [80.],
       [80.],
       [80.],
       [80.],
       [80.],
       [80.],
       [80.],
       [80.],
       [80.],
       [80.],
       [80.],
       [80.],
       [80.],
       [80.],
       [80.],
       [80.],
       [80.],
       [80.],
       [80.],
       [80.],
       [80.],
       [80.],
       [80.],
       [80.],
       [80.],
       [80.],
       [80.],
       [80.],
       [80.],
       [80.],
       [80.],
       [80.],
       [80.],
       [80.],
       [80.],
       [80.],
       [80.],
       [80.],
       [80.],
       [80.],
       [80.],
       [80.],
       [80.],
       [80.],
       [80.],
       [80.],
       [80.],
       [80.],
       [80.],
       [80.],
       [80.],
       [80.],
       [80.],
       [80.],
       [80.],
       [80.],
       [80.],
       [80.],
       [80.],
       [80.],
       [80.],
       [80.],
       [80.],
       [80.],
       [80.],
       [80.],
       [80.],
       [80.],
       [80.],
       [80.],
       [80.],
       [80.],
       [80.],
       [80.],
       [80.],
       [80.],
       [80.],
       [80.],
       [80.],
       [80.],
       [80.],
       [80.],
       [80.],
       [80.],
       [80.],
       [80.],
       [80.],
       [80.],
       [80.],
       [80.],
       [80.],
       [80.],
       [80.],
       [80.],
       [80.],
       [80.],
       [80.],
       [80.],
       [80.],
       [80.],
       [80.],
       [80.],
       [80.],
       [80.],
       [80.],
       [80.],
       [80.],
       [80.],
       [80.],
       [80.],
       [80.],
       [80.],
       [80.],
       [80.],
       [80.],
       [80.],
       [80.],
       [80.],
       [80.],
       [80.],
       [80.],
       [80.],
       [80.],
       [80.],
       [80.],
       [80.],
       [80.],
       [80.],
       [80.],
       [80.],
       [80.],
       [80.],
       [80.],
       [80.],
       [80.],
       [80.],
       [80.],
       [80.],
       [80.],
       [80.],
       [80.],
       [80.],
       [80.],
       [80.],
       [80.],
       [80.],
       [80.],
       [80.],
       [80.],
       [80.],
       [80.],
       [80.],
       [80.],
       [80.],
       [80.],
       [80.],
       [80.],
       [80.],
       [80.],
       [80.],
       [80.],
       [80.],
       [80.],
       [80.],
       [80.],
       [80.],
       [80.],
       [80.],
       [80.],
       [80.],
       [80.],
       [80.],
       [80.],
       [80.],
       [80.],
       [80.],
       [80.],
       [80.],
       [80.],
       [80.],
       [80.],
       [80.],
       [80.],
       [80.],
       [80.],
       [80.],
       [80.],
       [80.],
       [80.],
       [80.],
       [80.],
       [80.],
       [80.],
       [80.],
       [80.],
       [80.],
       [80.],
       [80.],
       [80.],
       [80.],
       [80.],
       [80.],
       [80.],
       [80.],
       [80.],
       [80.],
       [80.],
       [80.],
       [80.],
       [80.],
       [80.],
       [80.],
       [80.],
       [80.],
       [80.],
       [80.],
       [80.],
       [80.],
       [80.],
       [80.],
       [80.],
       [80.],
       [80.],
       [80.],
       [80.],
       [80.],
       [80.],
       [80.],
       [80.],
       [80.],
       [80.],
       [80.],
       [80.],
       [80.],
       [80.],
       [80.],
       [80.],
       [80.],
       [80.],
       [80.],
       [80.],
       [80.],
       [80.],
       [80.],
       [80.],
       [80.],
       [80.],
       [80.],
       [80.],
       [80.],
       [80.],
       [80.],
       [80.],
       [80.],
       [80.],
       [80.],
       [80.],
       [80.],
       [80.],
       [80.],
       [80.],
       [80.],
       [80.],
       [80.],
       [80.],
       [80.],
       [80.],
       [80.],
       [80.],
       [80.],
       [80.],
       [80.],
       [80.],
       [80.],
       [80.],
       [80.],
       [80.]]), 'dt': 0.01, 'N': 400, 'l': 1e-05}","{'Q': 473.6842105263158, 'gbar': 16.842105263157894, 'T': 10000, 'supervisor': array([[-1.89214982e-17],
       [ 4.44288287e-04],
       [ 8.88576529e-04],
       ...,
       [-1.33286468e-03],
       [-8.88576529e-04],
       [-4.44288287e-04]]), 'BIAS': array([[80.],
       [80.],
       [80.],
       [80.],
       [80.],
       [80.],
       [80.],
       [80.],
       [80.],
       [80.],
       [80.],
       [80.],
       [80.],
       [80.],
       [80.],
       [80.],
       [80.],
       [80.],
       [80.],
       [80.],
       [80.],
       [80.],
       [80.],
       [80.],
       [80.],
       [80.],
       [80.],
       [80.],
       [80.],
       [80.],
       [80.],
       [80.],
       [80.],
       [80.],
       [80.],
       [80.],
       [80.],
       [80.],
       [80.],
       [80.],
       [80.],
       [80.],
       [80.],
       [80.],
       [80.],
       [80.],
       [80.],
       [80.],
       [80.],
       [80.],
       [80.],
       [80.],
       [80.],
       [80.],
       [80.],
       [80.],
       [80.],
       [80.],
       [80.],
       [80.],
       [80.],
       [80.],
       [80.],
       [80.],
       [80.],
       [80.],
       [80.],
       [80.],
       [80.],
       [80.],
       [80.],
       [80.],
       [80.],
       [80.],
       [80.],
       [80.],
       [80.],
       [80.],
       [80.],
       [80.],
       [80.],
       [80.],
       [80.],
       [80.],
       [80.],
       [80.],
       [80.],
       [80.],
       [80.],
       [80.],
       [80.],
       [80.],
       [80.],
       [80.],
       [80.],
       [80.],
       [80.],
       [80.],
       [80.],
       [80.],
       [80.],
       [80.],
       [80.],
       [80.],
       [80.],
       [80.],
       [80.],
       [80.],
       [80.],
       [80.],
       [80.],
       [80.],
       [80.],
       [80.],
       [80.],
       [80.],
       [80.],
       [80.],
       [80.],
       [80.],
       [80.],
       [80.],
       [80.],
       [80.],
       [80.],
       [80.],
       [80.],
       [80.],
       [80.],
       [80.],
       [80.],
       [80.],
       [80.],
       [80.],
       [80.],
       [80.],
       [80.],
       [80.],
       [80.],
       [80.],
       [80.],
       [80.],
       [80.],
       [80.],
       [80.],
       [80.],
       [80.],
       [80.],
       [80.],
       [80.],
       [80.],
       [80.],
       [80.],
       [80.],
       [80.],
       [80.],
       [80.],
       [80.],
       [80.],
       [80.],
       [80.],
       [80.],
       [80.],
       [80.],
       [80.],
       [80.],
       [80.],
       [80.],
       [80.],
       [80.],
       [80.],
       [80.],
       [80.],
       [80.],
       [80.],
       [80.],
       [80.],
       [80.],
       [80.],
       [80.],
       [80.],
       [80.],
       [80.],
       [80.],
       [80.],
       [80.],
       [80.],
       [80.],
       [80.],
       [80.],
       [80.],
       [80.],
       [80.],
       [80.],
       [80.],
       [80.],
       [80.],
       [80.],
       [80.],
       [80.],
       [80.],
       [80.],
       [80.],
       [80.],
       [80.],
       [80.],
       [80.],
       [80.],
       [80.],
       [80.],
       [80.],
       [80.],
       [80.],
       [80.],
       [80.],
       [80.],
       [80.],
       [80.],
       [80.],
       [80.],
       [80.],
       [80.],
       [80.],
       [80.],
       [80.],
       [80.],
       [80.],
       [80.],
       [80.],
       [80.],
       [80.],
       [80.],
       [80.],
       [80.],
       [80.],
       [80.],
       [80.],
       [80.],
       [80.],
       [80.],
       [80.],
       [80.],
       [80.],
       [80.],
       [80.],
       [80.],
       [80.],
       [80.],
       [80.],
       [80.],
       [80.],
       [80.],
       [80.],
       [80.],
       [80.],
       [80.],
       [80.],
       [80.],
       [80.],
       [80.],
       [80.],
       [80.],
       [80.],
       [80.],
       [80.],
       [80.],
       [80.],
       [80.],
       [80.],
       [80.],
       [80.],
       [80.],
       [80.],
       [80.],
       [80.],
       [80.],
       [80.],
       [80.],
       [80.],
       [80.],
       [80.],
       [80.],
       [80.],
       [80.],
       [80.],
       [80.],
       [80.],
       [80.],
       [80.],
       [80.],
       [80.],
       [80.],
       [80.],
       [80.],
       [80.],
       [80.],
       [80.],
       [80.],
       [80.],
       [80.],
       [80.],
       [80.],
       [80.],
       [80.],
       [80.],
       [80.],
       [80.],
       [80.],
       [80.],
       [80.],
       [80.],
       [80.],
       [80.],
       [80.],
       [80.],
       [80.],
       [80.],
       [80.],
       [80.],
       [80.],
       [80.],
       [80.],
       [80.],
       [80.],
       [80.],
       [80.],
       [80.],
       [80.],
       [80.],
       [80.],
       [80.],
       [80.],
       [80.],
       [80.],
       [80.],
       [80.],
       [80.],
       [80.],
       [80.],
       [80.],
       [80.],
       [80.],
       [80.],
       [80.],
       [80.],
       [80.],
       [80.],
       [80.],
       [80.],
       [80.],
       [80.],
       [80.],
       [80.],
       [80.],
       [80.],
       [80.],
       [80.],
       [80.],
       [80.],
       [80.],
       [80.],
       [80.],
       [80.],
       [80.],
       [80.],
       [80.],
       [80.],
       [80.],
       [80.],
       [80.],
       [80.],
       [80.],
       [80.],
       [80.],
       [80.],
       [80.],
       [80.],
       [80.],
       [80.],
       [80.],
       [80.],
       [80.],
       [80.],
       [80.],
       [80.],
       [80.],
       [80.],
       [80.],
       [80.],
       [80.],
       [80.],
       [80.],
       [80.],
       [80.],
       [80.],
       [80.],
       [80.],
       [80.],
       [80.],
       [80.]]), 'dt': 0.01, 'N': 400, 'l': 1e-05}","{'Q': 473.6842105263158, 'gbar': 17.894736842105264, 'T': 10000, 'supervisor': array([[-1.89214982e-17],
       [ 4.44288287e-04],
       [ 8.88576529e-04],
       ...,
       [-1.33286468e-03],
       [-8.88576529e-04],
       [-4.44288287e-04]]), 'BIAS': array([[80.],
       [80.],
       [80.],
       [80.],
       [80.],
       [80.],
       [80.],
       [80.],
       [80.],
       [80.],
       [80.],
       [80.],
       [80.],
       [80.],
       [80.],
       [80.],
       [80.],
       [80.],
       [80.],
       [80.],
       [80.],
       [80.],
       [80.],
       [80.],
       [80.],
       [80.],
       [80.],
       [80.],
       [80.],
       [80.],
       [80.],
       [80.],
       [80.],
       [80.],
       [80.],
       [80.],
       [80.],
       [80.],
       [80.],
       [80.],
       [80.],
       [80.],
       [80.],
       [80.],
       [80.],
       [80.],
       [80.],
       [80.],
       [80.],
       [80.],
       [80.],
       [80.],
       [80.],
       [80.],
       [80.],
       [80.],
       [80.],
       [80.],
       [80.],
       [80.],
       [80.],
       [80.],
       [80.],
       [80.],
       [80.],
       [80.],
       [80.],
       [80.],
       [80.],
       [80.],
       [80.],
       [80.],
       [80.],
       [80.],
       [80.],
       [80.],
       [80.],
       [80.],
       [80.],
       [80.],
       [80.],
       [80.],
       [80.],
       [80.],
       [80.],
       [80.],
       [80.],
       [80.],
       [80.],
       [80.],
       [80.],
       [80.],
       [80.],
       [80.],
       [80.],
       [80.],
       [80.],
       [80.],
       [80.],
       [80.],
       [80.],
       [80.],
       [80.],
       [80.],
       [80.],
       [80.],
       [80.],
       [80.],
       [80.],
       [80.],
       [80.],
       [80.],
       [80.],
       [80.],
       [80.],
       [80.],
       [80.],
       [80.],
       [80.],
       [80.],
       [80.],
       [80.],
       [80.],
       [80.],
       [80.],
       [80.],
       [80.],
       [80.],
       [80.],
       [80.],
       [80.],
       [80.],
       [80.],
       [80.],
       [80.],
       [80.],
       [80.],
       [80.],
       [80.],
       [80.],
       [80.],
       [80.],
       [80.],
       [80.],
       [80.],
       [80.],
       [80.],
       [80.],
       [80.],
       [80.],
       [80.],
       [80.],
       [80.],
       [80.],
       [80.],
       [80.],
       [80.],
       [80.],
       [80.],
       [80.],
       [80.],
       [80.],
       [80.],
       [80.],
       [80.],
       [80.],
       [80.],
       [80.],
       [80.],
       [80.],
       [80.],
       [80.],
       [80.],
       [80.],
       [80.],
       [80.],
       [80.],
       [80.],
       [80.],
       [80.],
       [80.],
       [80.],
       [80.],
       [80.],
       [80.],
       [80.],
       [80.],
       [80.],
       [80.],
       [80.],
       [80.],
       [80.],
       [80.],
       [80.],
       [80.],
       [80.],
       [80.],
       [80.],
       [80.],
       [80.],
       [80.],
       [80.],
       [80.],
       [80.],
       [80.],
       [80.],
       [80.],
       [80.],
       [80.],
       [80.],
       [80.],
       [80.],
       [80.],
       [80.],
       [80.],
       [80.],
       [80.],
       [80.],
       [80.],
       [80.],
       [80.],
       [80.],
       [80.],
       [80.],
       [80.],
       [80.],
       [80.],
       [80.],
       [80.],
       [80.],
       [80.],
       [80.],
       [80.],
       [80.],
       [80.],
       [80.],
       [80.],
       [80.],
       [80.],
       [80.],
       [80.],
       [80.],
       [80.],
       [80.],
       [80.],
       [80.],
       [80.],
       [80.],
       [80.],
       [80.],
       [80.],
       [80.],
       [80.],
       [80.],
       [80.],
       [80.],
       [80.],
       [80.],
       [80.],
       [80.],
       [80.],
       [80.],
       [80.],
       [80.],
       [80.],
       [80.],
       [80.],
       [80.],
       [80.],
       [80.],
       [80.],
       [80.],
       [80.],
       [80.],
       [80.],
       [80.],
       [80.],
       [80.],
       [80.],
       [80.],
       [80.],
       [80.],
       [80.],
       [80.],
       [80.],
       [80.],
       [80.],
       [80.],
       [80.],
       [80.],
       [80.],
       [80.],
       [80.],
       [80.],
       [80.],
       [80.],
       [80.],
       [80.],
       [80.],
       [80.],
       [80.],
       [80.],
       [80.],
       [80.],
       [80.],
       [80.],
       [80.],
       [80.],
       [80.],
       [80.],
       [80.],
       [80.],
       [80.],
       [80.],
       [80.],
       [80.],
       [80.],
       [80.],
       [80.],
       [80.],
       [80.],
       [80.],
       [80.],
       [80.],
       [80.],
       [80.],
       [80.],
       [80.],
       [80.],
       [80.],
       [80.],
       [80.],
       [80.],
       [80.],
       [80.],
       [80.],
       [80.],
       [80.],
       [80.],
       [80.],
       [80.],
       [80.],
       [80.],
       [80.],
       [80.],
       [80.],
       [80.],
       [80.],
       [80.],
       [80.],
       [80.],
       [80.],
       [80.],
       [80.],
       [80.],
       [80.],
       [80.],
       [80.],
       [80.],
       [80.],
       [80.],
       [80.],
       [80.],
       [80.],
       [80.],
       [80.],
       [80.],
       [80.],
       [80.],
       [80.],
       [80.],
       [80.],
       [80.],
       [80.],
       [80.],
       [80.],
       [80.],
       [80.],
       [80.],
       [80.],
       [80.],
       [80.],
       [80.],
       [80.],
       [80.],
       [80.],
       [80.],
       [80.],
       [80.],
       [80.],
       [80.],
       [80.],
       [80.],
       [80.],
       [80.],
       [80.],
       [80.],
       [80.],
       [80.],
       [80.]]), 'dt': 0.01, 'N': 400, 'l': 1e-05}","{'Q': 473.6842105263158, 'gbar': 18.94736842105263, 'T': 10000, 'supervisor': array([[-1.89214982e-17],
       [ 4.44288287e-04],
       [ 8.88576529e-04],
       ...,
       [-1.33286468e-03],
       [-8.88576529e-04],
       [-4.44288287e-04]]), 'BIAS': array([[80.],
       [80.],
       [80.],
       [80.],
       [80.],
       [80.],
       [80.],
       [80.],
       [80.],
       [80.],
       [80.],
       [80.],
       [80.],
       [80.],
       [80.],
       [80.],
       [80.],
       [80.],
       [80.],
       [80.],
       [80.],
       [80.],
       [80.],
       [80.],
       [80.],
       [80.],
       [80.],
       [80.],
       [80.],
       [80.],
       [80.],
       [80.],
       [80.],
       [80.],
       [80.],
       [80.],
       [80.],
       [80.],
       [80.],
       [80.],
       [80.],
       [80.],
       [80.],
       [80.],
       [80.],
       [80.],
       [80.],
       [80.],
       [80.],
       [80.],
       [80.],
       [80.],
       [80.],
       [80.],
       [80.],
       [80.],
       [80.],
       [80.],
       [80.],
       [80.],
       [80.],
       [80.],
       [80.],
       [80.],
       [80.],
       [80.],
       [80.],
       [80.],
       [80.],
       [80.],
       [80.],
       [80.],
       [80.],
       [80.],
       [80.],
       [80.],
       [80.],
       [80.],
       [80.],
       [80.],
       [80.],
       [80.],
       [80.],
       [80.],
       [80.],
       [80.],
       [80.],
       [80.],
       [80.],
       [80.],
       [80.],
       [80.],
       [80.],
       [80.],
       [80.],
       [80.],
       [80.],
       [80.],
       [80.],
       [80.],
       [80.],
       [80.],
       [80.],
       [80.],
       [80.],
       [80.],
       [80.],
       [80.],
       [80.],
       [80.],
       [80.],
       [80.],
       [80.],
       [80.],
       [80.],
       [80.],
       [80.],
       [80.],
       [80.],
       [80.],
       [80.],
       [80.],
       [80.],
       [80.],
       [80.],
       [80.],
       [80.],
       [80.],
       [80.],
       [80.],
       [80.],
       [80.],
       [80.],
       [80.],
       [80.],
       [80.],
       [80.],
       [80.],
       [80.],
       [80.],
       [80.],
       [80.],
       [80.],
       [80.],
       [80.],
       [80.],
       [80.],
       [80.],
       [80.],
       [80.],
       [80.],
       [80.],
       [80.],
       [80.],
       [80.],
       [80.],
       [80.],
       [80.],
       [80.],
       [80.],
       [80.],
       [80.],
       [80.],
       [80.],
       [80.],
       [80.],
       [80.],
       [80.],
       [80.],
       [80.],
       [80.],
       [80.],
       [80.],
       [80.],
       [80.],
       [80.],
       [80.],
       [80.],
       [80.],
       [80.],
       [80.],
       [80.],
       [80.],
       [80.],
       [80.],
       [80.],
       [80.],
       [80.],
       [80.],
       [80.],
       [80.],
       [80.],
       [80.],
       [80.],
       [80.],
       [80.],
       [80.],
       [80.],
       [80.],
       [80.],
       [80.],
       [80.],
       [80.],
       [80.],
       [80.],
       [80.],
       [80.],
       [80.],
       [80.],
       [80.],
       [80.],
       [80.],
       [80.],
       [80.],
       [80.],
       [80.],
       [80.],
       [80.],
       [80.],
       [80.],
       [80.],
       [80.],
       [80.],
       [80.],
       [80.],
       [80.],
       [80.],
       [80.],
       [80.],
       [80.],
       [80.],
       [80.],
       [80.],
       [80.],
       [80.],
       [80.],
       [80.],
       [80.],
       [80.],
       [80.],
       [80.],
       [80.],
       [80.],
       [80.],
       [80.],
       [80.],
       [80.],
       [80.],
       [80.],
       [80.],
       [80.],
       [80.],
       [80.],
       [80.],
       [80.],
       [80.],
       [80.],
       [80.],
       [80.],
       [80.],
       [80.],
       [80.],
       [80.],
       [80.],
       [80.],
       [80.],
       [80.],
       [80.],
       [80.],
       [80.],
       [80.],
       [80.],
       [80.],
       [80.],
       [80.],
       [80.],
       [80.],
       [80.],
       [80.],
       [80.],
       [80.],
       [80.],
       [80.],
       [80.],
       [80.],
       [80.],
       [80.],
       [80.],
       [80.],
       [80.],
       [80.],
       [80.],
       [80.],
       [80.],
       [80.],
       [80.],
       [80.],
       [80.],
       [80.],
       [80.],
       [80.],
       [80.],
       [80.],
       [80.],
       [80.],
       [80.],
       [80.],
       [80.],
       [80.],
       [80.],
       [80.],
       [80.],
       [80.],
       [80.],
       [80.],
       [80.],
       [80.],
       [80.],
       [80.],
       [80.],
       [80.],
       [80.],
       [80.],
       [80.],
       [80.],
       [80.],
       [80.],
       [80.],
       [80.],
       [80.],
       [80.],
       [80.],
       [80.],
       [80.],
       [80.],
       [80.],
       [80.],
       [80.],
       [80.],
       [80.],
       [80.],
       [80.],
       [80.],
       [80.],
       [80.],
       [80.],
       [80.],
       [80.],
       [80.],
       [80.],
       [80.],
       [80.],
       [80.],
       [80.],
       [80.],
       [80.],
       [80.],
       [80.],
       [80.],
       [80.],
       [80.],
       [80.],
       [80.],
       [80.],
       [80.],
       [80.],
       [80.],
       [80.],
       [80.],
       [80.],
       [80.],
       [80.],
       [80.],
       [80.],
       [80.],
       [80.],
       [80.],
       [80.],
       [80.],
       [80.],
       [80.],
       [80.],
       [80.],
       [80.],
       [80.],
       [80.],
       [80.],
       [80.],
       [80.],
       [80.],
       [80.],
       [80.],
       [80.],
       [80.],
       [80.],
       [80.],
       [80.],
       [80.],
       [80.],
       [80.]]), 'dt': 0.01, 'N': 400, 'l': 1e-05}","{'Q': 473.6842105263158, 'gbar': 20.0, 'T': 10000, 'supervisor': array([[-1.89214982e-17],
       [ 4.44288287e-04],
       [ 8.88576529e-04],
       ...,
       [-1.33286468e-03],
       [-8.88576529e-04],
       [-4.44288287e-04]]), 'BIAS': array([[80.],
       [80.],
       [80.],
       [80.],
       [80.],
       [80.],
       [80.],
       [80.],
       [80.],
       [80.],
       [80.],
       [80.],
       [80.],
       [80.],
       [80.],
       [80.],
       [80.],
       [80.],
       [80.],
       [80.],
       [80.],
       [80.],
       [80.],
       [80.],
       [80.],
       [80.],
       [80.],
       [80.],
       [80.],
       [80.],
       [80.],
       [80.],
       [80.],
       [80.],
       [80.],
       [80.],
       [80.],
       [80.],
       [80.],
       [80.],
       [80.],
       [80.],
       [80.],
       [80.],
       [80.],
       [80.],
       [80.],
       [80.],
       [80.],
       [80.],
       [80.],
       [80.],
       [80.],
       [80.],
       [80.],
       [80.],
       [80.],
       [80.],
       [80.],
       [80.],
       [80.],
       [80.],
       [80.],
       [80.],
       [80.],
       [80.],
       [80.],
       [80.],
       [80.],
       [80.],
       [80.],
       [80.],
       [80.],
       [80.],
       [80.],
       [80.],
       [80.],
       [80.],
       [80.],
       [80.],
       [80.],
       [80.],
       [80.],
       [80.],
       [80.],
       [80.],
       [80.],
       [80.],
       [80.],
       [80.],
       [80.],
       [80.],
       [80.],
       [80.],
       [80.],
       [80.],
       [80.],
       [80.],
       [80.],
       [80.],
       [80.],
       [80.],
       [80.],
       [80.],
       [80.],
       [80.],
       [80.],
       [80.],
       [80.],
       [80.],
       [80.],
       [80.],
       [80.],
       [80.],
       [80.],
       [80.],
       [80.],
       [80.],
       [80.],
       [80.],
       [80.],
       [80.],
       [80.],
       [80.],
       [80.],
       [80.],
       [80.],
       [80.],
       [80.],
       [80.],
       [80.],
       [80.],
       [80.],
       [80.],
       [80.],
       [80.],
       [80.],
       [80.],
       [80.],
       [80.],
       [80.],
       [80.],
       [80.],
       [80.],
       [80.],
       [80.],
       [80.],
       [80.],
       [80.],
       [80.],
       [80.],
       [80.],
       [80.],
       [80.],
       [80.],
       [80.],
       [80.],
       [80.],
       [80.],
       [80.],
       [80.],
       [80.],
       [80.],
       [80.],
       [80.],
       [80.],
       [80.],
       [80.],
       [80.],
       [80.],
       [80.],
       [80.],
       [80.],
       [80.],
       [80.],
       [80.],
       [80.],
       [80.],
       [80.],
       [80.],
       [80.],
       [80.],
       [80.],
       [80.],
       [80.],
       [80.],
       [80.],
       [80.],
       [80.],
       [80.],
       [80.],
       [80.],
       [80.],
       [80.],
       [80.],
       [80.],
       [80.],
       [80.],
       [80.],
       [80.],
       [80.],
       [80.],
       [80.],
       [80.],
       [80.],
       [80.],
       [80.],
       [80.],
       [80.],
       [80.],
       [80.],
       [80.],
       [80.],
       [80.],
       [80.],
       [80.],
       [80.],
       [80.],
       [80.],
       [80.],
       [80.],
       [80.],
       [80.],
       [80.],
       [80.],
       [80.],
       [80.],
       [80.],
       [80.],
       [80.],
       [80.],
       [80.],
       [80.],
       [80.],
       [80.],
       [80.],
       [80.],
       [80.],
       [80.],
       [80.],
       [80.],
       [80.],
       [80.],
       [80.],
       [80.],
       [80.],
       [80.],
       [80.],
       [80.],
       [80.],
       [80.],
       [80.],
       [80.],
       [80.],
       [80.],
       [80.],
       [80.],
       [80.],
       [80.],
       [80.],
       [80.],
       [80.],
       [80.],
       [80.],
       [80.],
       [80.],
       [80.],
       [80.],
       [80.],
       [80.],
       [80.],
       [80.],
       [80.],
       [80.],
       [80.],
       [80.],
       [80.],
       [80.],
       [80.],
       [80.],
       [80.],
       [80.],
       [80.],
       [80.],
       [80.],
       [80.],
       [80.],
       [80.],
       [80.],
       [80.],
       [80.],
       [80.],
       [80.],
       [80.],
       [80.],
       [80.],
       [80.],
       [80.],
       [80.],
       [80.],
       [80.],
       [80.],
       [80.],
       [80.],
       [80.],
       [80.],
       [80.],
       [80.],
       [80.],
       [80.],
       [80.],
       [80.],
       [80.],
       [80.],
       [80.],
       [80.],
       [80.],
       [80.],
       [80.],
       [80.],
       [80.],
       [80.],
       [80.],
       [80.],
       [80.],
       [80.],
       [80.],
       [80.],
       [80.],
       [80.],
       [80.],
       [80.],
       [80.],
       [80.],
       [80.],
       [80.],
       [80.],
       [80.],
       [80.],
       [80.],
       [80.],
       [80.],
       [80.],
       [80.],
       [80.],
       [80.],
       [80.],
       [80.],
       [80.],
       [80.],
       [80.],
       [80.],
       [80.],
       [80.],
       [80.],
       [80.],
       [80.],
       [80.],
       [80.],
       [80.],
       [80.],
       [80.],
       [80.],
       [80.],
       [80.],
       [80.],
       [80.],
       [80.],
       [80.],
       [80.],
       [80.],
       [80.],
       [80.],
       [80.],
       [80.],
       [80.],
       [80.],
       [80.],
       [80.],
       [80.],
       [80.],
       [80.],
       [80.],
       [80.],
       [80.],
       [80.],
       [80.],
       [80.],
       [80.],
       [80.],
       [80.],
       [80.],
       [80.],
       [80.],
       [80.],
       [80.],
       [80.],
       [80.],
       [80.],
       [80.]]), 'dt': 0.01, 'N': 400, 'l': 1e-05}"
"{'Q': 500.0, 'gbar': 0.0, 'T': 10000, 'supervisor': array([[-1.89214982e-17],
       [ 4.44288287e-04],
       [ 8.88576529e-04],
       ...,
       [-1.33286468e-03],
       [-8.88576529e-04],
       [-4.44288287e-04]]), 'BIAS': array([[80.],
       [80.],
       [80.],
       [80.],
       [80.],
       [80.],
       [80.],
       [80.],
       [80.],
       [80.],
       [80.],
       [80.],
       [80.],
       [80.],
       [80.],
       [80.],
       [80.],
       [80.],
       [80.],
       [80.],
       [80.],
       [80.],
       [80.],
       [80.],
       [80.],
       [80.],
       [80.],
       [80.],
       [80.],
       [80.],
       [80.],
       [80.],
       [80.],
       [80.],
       [80.],
       [80.],
       [80.],
       [80.],
       [80.],
       [80.],
       [80.],
       [80.],
       [80.],
       [80.],
       [80.],
       [80.],
       [80.],
       [80.],
       [80.],
       [80.],
       [80.],
       [80.],
       [80.],
       [80.],
       [80.],
       [80.],
       [80.],
       [80.],
       [80.],
       [80.],
       [80.],
       [80.],
       [80.],
       [80.],
       [80.],
       [80.],
       [80.],
       [80.],
       [80.],
       [80.],
       [80.],
       [80.],
       [80.],
       [80.],
       [80.],
       [80.],
       [80.],
       [80.],
       [80.],
       [80.],
       [80.],
       [80.],
       [80.],
       [80.],
       [80.],
       [80.],
       [80.],
       [80.],
       [80.],
       [80.],
       [80.],
       [80.],
       [80.],
       [80.],
       [80.],
       [80.],
       [80.],
       [80.],
       [80.],
       [80.],
       [80.],
       [80.],
       [80.],
       [80.],
       [80.],
       [80.],
       [80.],
       [80.],
       [80.],
       [80.],
       [80.],
       [80.],
       [80.],
       [80.],
       [80.],
       [80.],
       [80.],
       [80.],
       [80.],
       [80.],
       [80.],
       [80.],
       [80.],
       [80.],
       [80.],
       [80.],
       [80.],
       [80.],
       [80.],
       [80.],
       [80.],
       [80.],
       [80.],
       [80.],
       [80.],
       [80.],
       [80.],
       [80.],
       [80.],
       [80.],
       [80.],
       [80.],
       [80.],
       [80.],
       [80.],
       [80.],
       [80.],
       [80.],
       [80.],
       [80.],
       [80.],
       [80.],
       [80.],
       [80.],
       [80.],
       [80.],
       [80.],
       [80.],
       [80.],
       [80.],
       [80.],
       [80.],
       [80.],
       [80.],
       [80.],
       [80.],
       [80.],
       [80.],
       [80.],
       [80.],
       [80.],
       [80.],
       [80.],
       [80.],
       [80.],
       [80.],
       [80.],
       [80.],
       [80.],
       [80.],
       [80.],
       [80.],
       [80.],
       [80.],
       [80.],
       [80.],
       [80.],
       [80.],
       [80.],
       [80.],
       [80.],
       [80.],
       [80.],
       [80.],
       [80.],
       [80.],
       [80.],
       [80.],
       [80.],
       [80.],
       [80.],
       [80.],
       [80.],
       [80.],
       [80.],
       [80.],
       [80.],
       [80.],
       [80.],
       [80.],
       [80.],
       [80.],
       [80.],
       [80.],
       [80.],
       [80.],
       [80.],
       [80.],
       [80.],
       [80.],
       [80.],
       [80.],
       [80.],
       [80.],
       [80.],
       [80.],
       [80.],
       [80.],
       [80.],
       [80.],
       [80.],
       [80.],
       [80.],
       [80.],
       [80.],
       [80.],
       [80.],
       [80.],
       [80.],
       [80.],
       [80.],
       [80.],
       [80.],
       [80.],
       [80.],
       [80.],
       [80.],
       [80.],
       [80.],
       [80.],
       [80.],
       [80.],
       [80.],
       [80.],
       [80.],
       [80.],
       [80.],
       [80.],
       [80.],
       [80.],
       [80.],
       [80.],
       [80.],
       [80.],
       [80.],
       [80.],
       [80.],
       [80.],
       [80.],
       [80.],
       [80.],
       [80.],
       [80.],
       [80.],
       [80.],
       [80.],
       [80.],
       [80.],
       [80.],
       [80.],
       [80.],
       [80.],
       [80.],
       [80.],
       [80.],
       [80.],
       [80.],
       [80.],
       [80.],
       [80.],
       [80.],
       [80.],
       [80.],
       [80.],
       [80.],
       [80.],
       [80.],
       [80.],
       [80.],
       [80.],
       [80.],
       [80.],
       [80.],
       [80.],
       [80.],
       [80.],
       [80.],
       [80.],
       [80.],
       [80.],
       [80.],
       [80.],
       [80.],
       [80.],
       [80.],
       [80.],
       [80.],
       [80.],
       [80.],
       [80.],
       [80.],
       [80.],
       [80.],
       [80.],
       [80.],
       [80.],
       [80.],
       [80.],
       [80.],
       [80.],
       [80.],
       [80.],
       [80.],
       [80.],
       [80.],
       [80.],
       [80.],
       [80.],
       [80.],
       [80.],
       [80.],
       [80.],
       [80.],
       [80.],
       [80.],
       [80.],
       [80.],
       [80.],
       [80.],
       [80.],
       [80.],
       [80.],
       [80.],
       [80.],
       [80.],
       [80.],
       [80.],
       [80.],
       [80.],
       [80.],
       [80.],
       [80.],
       [80.],
       [80.],
       [80.],
       [80.],
       [80.],
       [80.],
       [80.],
       [80.],
       [80.],
       [80.],
       [80.],
       [80.],
       [80.],
       [80.],
       [80.],
       [80.],
       [80.],
       [80.],
       [80.],
       [80.],
       [80.],
       [80.],
       [80.],
       [80.],
       [80.],
       [80.],
       [80.],
       [80.],
       [80.],
       [80.],
       [80.],
       [80.],
       [80.],
       [80.],
       [80.],
       [80.],
       [80.],
       [80.]]), 'dt': 0.01, 'N': 400, 'l': 1e-05}","{'Q': 500.0, 'gbar': 1.0526315789473684, 'T': 10000, 'supervisor': array([[-1.89214982e-17],
       [ 4.44288287e-04],
       [ 8.88576529e-04],
       ...,
       [-1.33286468e-03],
       [-8.88576529e-04],
       [-4.44288287e-04]]), 'BIAS': array([[80.],
       [80.],
       [80.],
       [80.],
       [80.],
       [80.],
       [80.],
       [80.],
       [80.],
       [80.],
       [80.],
       [80.],
       [80.],
       [80.],
       [80.],
       [80.],
       [80.],
       [80.],
       [80.],
       [80.],
       [80.],
       [80.],
       [80.],
       [80.],
       [80.],
       [80.],
       [80.],
       [80.],
       [80.],
       [80.],
       [80.],
       [80.],
       [80.],
       [80.],
       [80.],
       [80.],
       [80.],
       [80.],
       [80.],
       [80.],
       [80.],
       [80.],
       [80.],
       [80.],
       [80.],
       [80.],
       [80.],
       [80.],
       [80.],
       [80.],
       [80.],
       [80.],
       [80.],
       [80.],
       [80.],
       [80.],
       [80.],
       [80.],
       [80.],
       [80.],
       [80.],
       [80.],
       [80.],
       [80.],
       [80.],
       [80.],
       [80.],
       [80.],
       [80.],
       [80.],
       [80.],
       [80.],
       [80.],
       [80.],
       [80.],
       [80.],
       [80.],
       [80.],
       [80.],
       [80.],
       [80.],
       [80.],
       [80.],
       [80.],
       [80.],
       [80.],
       [80.],
       [80.],
       [80.],
       [80.],
       [80.],
       [80.],
       [80.],
       [80.],
       [80.],
       [80.],
       [80.],
       [80.],
       [80.],
       [80.],
       [80.],
       [80.],
       [80.],
       [80.],
       [80.],
       [80.],
       [80.],
       [80.],
       [80.],
       [80.],
       [80.],
       [80.],
       [80.],
       [80.],
       [80.],
       [80.],
       [80.],
       [80.],
       [80.],
       [80.],
       [80.],
       [80.],
       [80.],
       [80.],
       [80.],
       [80.],
       [80.],
       [80.],
       [80.],
       [80.],
       [80.],
       [80.],
       [80.],
       [80.],
       [80.],
       [80.],
       [80.],
       [80.],
       [80.],
       [80.],
       [80.],
       [80.],
       [80.],
       [80.],
       [80.],
       [80.],
       [80.],
       [80.],
       [80.],
       [80.],
       [80.],
       [80.],
       [80.],
       [80.],
       [80.],
       [80.],
       [80.],
       [80.],
       [80.],
       [80.],
       [80.],
       [80.],
       [80.],
       [80.],
       [80.],
       [80.],
       [80.],
       [80.],
       [80.],
       [80.],
       [80.],
       [80.],
       [80.],
       [80.],
       [80.],
       [80.],
       [80.],
       [80.],
       [80.],
       [80.],
       [80.],
       [80.],
       [80.],
       [80.],
       [80.],
       [80.],
       [80.],
       [80.],
       [80.],
       [80.],
       [80.],
       [80.],
       [80.],
       [80.],
       [80.],
       [80.],
       [80.],
       [80.],
       [80.],
       [80.],
       [80.],
       [80.],
       [80.],
       [80.],
       [80.],
       [80.],
       [80.],
       [80.],
       [80.],
       [80.],
       [80.],
       [80.],
       [80.],
       [80.],
       [80.],
       [80.],
       [80.],
       [80.],
       [80.],
       [80.],
       [80.],
       [80.],
       [80.],
       [80.],
       [80.],
       [80.],
       [80.],
       [80.],
       [80.],
       [80.],
       [80.],
       [80.],
       [80.],
       [80.],
       [80.],
       [80.],
       [80.],
       [80.],
       [80.],
       [80.],
       [80.],
       [80.],
       [80.],
       [80.],
       [80.],
       [80.],
       [80.],
       [80.],
       [80.],
       [80.],
       [80.],
       [80.],
       [80.],
       [80.],
       [80.],
       [80.],
       [80.],
       [80.],
       [80.],
       [80.],
       [80.],
       [80.],
       [80.],
       [80.],
       [80.],
       [80.],
       [80.],
       [80.],
       [80.],
       [80.],
       [80.],
       [80.],
       [80.],
       [80.],
       [80.],
       [80.],
       [80.],
       [80.],
       [80.],
       [80.],
       [80.],
       [80.],
       [80.],
       [80.],
       [80.],
       [80.],
       [80.],
       [80.],
       [80.],
       [80.],
       [80.],
       [80.],
       [80.],
       [80.],
       [80.],
       [80.],
       [80.],
       [80.],
       [80.],
       [80.],
       [80.],
       [80.],
       [80.],
       [80.],
       [80.],
       [80.],
       [80.],
       [80.],
       [80.],
       [80.],
       [80.],
       [80.],
       [80.],
       [80.],
       [80.],
       [80.],
       [80.],
       [80.],
       [80.],
       [80.],
       [80.],
       [80.],
       [80.],
       [80.],
       [80.],
       [80.],
       [80.],
       [80.],
       [80.],
       [80.],
       [80.],
       [80.],
       [80.],
       [80.],
       [80.],
       [80.],
       [80.],
       [80.],
       [80.],
       [80.],
       [80.],
       [80.],
       [80.],
       [80.],
       [80.],
       [80.],
       [80.],
       [80.],
       [80.],
       [80.],
       [80.],
       [80.],
       [80.],
       [80.],
       [80.],
       [80.],
       [80.],
       [80.],
       [80.],
       [80.],
       [80.],
       [80.],
       [80.],
       [80.],
       [80.],
       [80.],
       [80.],
       [80.],
       [80.],
       [80.],
       [80.],
       [80.],
       [80.],
       [80.],
       [80.],
       [80.],
       [80.],
       [80.],
       [80.],
       [80.],
       [80.],
       [80.],
       [80.],
       [80.],
       [80.],
       [80.],
       [80.],
       [80.],
       [80.],
       [80.],
       [80.],
       [80.],
       [80.],
       [80.],
       [80.],
       [80.],
       [80.],
       [80.],
       [80.],
       [80.]]), 'dt': 0.01, 'N': 400, 'l': 1e-05}","{'Q': 500.0, 'gbar': 2.1052631578947367, 'T': 10000, 'supervisor': array([[-1.89214982e-17],
       [ 4.44288287e-04],
       [ 8.88576529e-04],
       ...,
       [-1.33286468e-03],
       [-8.88576529e-04],
       [-4.44288287e-04]]), 'BIAS': array([[80.],
       [80.],
       [80.],
       [80.],
       [80.],
       [80.],
       [80.],
       [80.],
       [80.],
       [80.],
       [80.],
       [80.],
       [80.],
       [80.],
       [80.],
       [80.],
       [80.],
       [80.],
       [80.],
       [80.],
       [80.],
       [80.],
       [80.],
       [80.],
       [80.],
       [80.],
       [80.],
       [80.],
       [80.],
       [80.],
       [80.],
       [80.],
       [80.],
       [80.],
       [80.],
       [80.],
       [80.],
       [80.],
       [80.],
       [80.],
       [80.],
       [80.],
       [80.],
       [80.],
       [80.],
       [80.],
       [80.],
       [80.],
       [80.],
       [80.],
       [80.],
       [80.],
       [80.],
       [80.],
       [80.],
       [80.],
       [80.],
       [80.],
       [80.],
       [80.],
       [80.],
       [80.],
       [80.],
       [80.],
       [80.],
       [80.],
       [80.],
       [80.],
       [80.],
       [80.],
       [80.],
       [80.],
       [80.],
       [80.],
       [80.],
       [80.],
       [80.],
       [80.],
       [80.],
       [80.],
       [80.],
       [80.],
       [80.],
       [80.],
       [80.],
       [80.],
       [80.],
       [80.],
       [80.],
       [80.],
       [80.],
       [80.],
       [80.],
       [80.],
       [80.],
       [80.],
       [80.],
       [80.],
       [80.],
       [80.],
       [80.],
       [80.],
       [80.],
       [80.],
       [80.],
       [80.],
       [80.],
       [80.],
       [80.],
       [80.],
       [80.],
       [80.],
       [80.],
       [80.],
       [80.],
       [80.],
       [80.],
       [80.],
       [80.],
       [80.],
       [80.],
       [80.],
       [80.],
       [80.],
       [80.],
       [80.],
       [80.],
       [80.],
       [80.],
       [80.],
       [80.],
       [80.],
       [80.],
       [80.],
       [80.],
       [80.],
       [80.],
       [80.],
       [80.],
       [80.],
       [80.],
       [80.],
       [80.],
       [80.],
       [80.],
       [80.],
       [80.],
       [80.],
       [80.],
       [80.],
       [80.],
       [80.],
       [80.],
       [80.],
       [80.],
       [80.],
       [80.],
       [80.],
       [80.],
       [80.],
       [80.],
       [80.],
       [80.],
       [80.],
       [80.],
       [80.],
       [80.],
       [80.],
       [80.],
       [80.],
       [80.],
       [80.],
       [80.],
       [80.],
       [80.],
       [80.],
       [80.],
       [80.],
       [80.],
       [80.],
       [80.],
       [80.],
       [80.],
       [80.],
       [80.],
       [80.],
       [80.],
       [80.],
       [80.],
       [80.],
       [80.],
       [80.],
       [80.],
       [80.],
       [80.],
       [80.],
       [80.],
       [80.],
       [80.],
       [80.],
       [80.],
       [80.],
       [80.],
       [80.],
       [80.],
       [80.],
       [80.],
       [80.],
       [80.],
       [80.],
       [80.],
       [80.],
       [80.],
       [80.],
       [80.],
       [80.],
       [80.],
       [80.],
       [80.],
       [80.],
       [80.],
       [80.],
       [80.],
       [80.],
       [80.],
       [80.],
       [80.],
       [80.],
       [80.],
       [80.],
       [80.],
       [80.],
       [80.],
       [80.],
       [80.],
       [80.],
       [80.],
       [80.],
       [80.],
       [80.],
       [80.],
       [80.],
       [80.],
       [80.],
       [80.],
       [80.],
       [80.],
       [80.],
       [80.],
       [80.],
       [80.],
       [80.],
       [80.],
       [80.],
       [80.],
       [80.],
       [80.],
       [80.],
       [80.],
       [80.],
       [80.],
       [80.],
       [80.],
       [80.],
       [80.],
       [80.],
       [80.],
       [80.],
       [80.],
       [80.],
       [80.],
       [80.],
       [80.],
       [80.],
       [80.],
       [80.],
       [80.],
       [80.],
       [80.],
       [80.],
       [80.],
       [80.],
       [80.],
       [80.],
       [80.],
       [80.],
       [80.],
       [80.],
       [80.],
       [80.],
       [80.],
       [80.],
       [80.],
       [80.],
       [80.],
       [80.],
       [80.],
       [80.],
       [80.],
       [80.],
       [80.],
       [80.],
       [80.],
       [80.],
       [80.],
       [80.],
       [80.],
       [80.],
       [80.],
       [80.],
       [80.],
       [80.],
       [80.],
       [80.],
       [80.],
       [80.],
       [80.],
       [80.],
       [80.],
       [80.],
       [80.],
       [80.],
       [80.],
       [80.],
       [80.],
       [80.],
       [80.],
       [80.],
       [80.],
       [80.],
       [80.],
       [80.],
       [80.],
       [80.],
       [80.],
       [80.],
       [80.],
       [80.],
       [80.],
       [80.],
       [80.],
       [80.],
       [80.],
       [80.],
       [80.],
       [80.],
       [80.],
       [80.],
       [80.],
       [80.],
       [80.],
       [80.],
       [80.],
       [80.],
       [80.],
       [80.],
       [80.],
       [80.],
       [80.],
       [80.],
       [80.],
       [80.],
       [80.],
       [80.],
       [80.],
       [80.],
       [80.],
       [80.],
       [80.],
       [80.],
       [80.],
       [80.],
       [80.],
       [80.],
       [80.],
       [80.],
       [80.],
       [80.],
       [80.],
       [80.],
       [80.],
       [80.],
       [80.],
       [80.],
       [80.],
       [80.],
       [80.],
       [80.],
       [80.],
       [80.],
       [80.],
       [80.],
       [80.],
       [80.],
       [80.],
       [80.],
       [80.],
       [80.],
       [80.],
       [80.]]), 'dt': 0.01, 'N': 400, 'l': 1e-05}","{'Q': 500.0, 'gbar': 3.1578947368421053, 'T': 10000, 'supervisor': array([[-1.89214982e-17],
       [ 4.44288287e-04],
       [ 8.88576529e-04],
       ...,
       [-1.33286468e-03],
       [-8.88576529e-04],
       [-4.44288287e-04]]), 'BIAS': array([[80.],
       [80.],
       [80.],
       [80.],
       [80.],
       [80.],
       [80.],
       [80.],
       [80.],
       [80.],
       [80.],
       [80.],
       [80.],
       [80.],
       [80.],
       [80.],
       [80.],
       [80.],
       [80.],
       [80.],
       [80.],
       [80.],
       [80.],
       [80.],
       [80.],
       [80.],
       [80.],
       [80.],
       [80.],
       [80.],
       [80.],
       [80.],
       [80.],
       [80.],
       [80.],
       [80.],
       [80.],
       [80.],
       [80.],
       [80.],
       [80.],
       [80.],
       [80.],
       [80.],
       [80.],
       [80.],
       [80.],
       [80.],
       [80.],
       [80.],
       [80.],
       [80.],
       [80.],
       [80.],
       [80.],
       [80.],
       [80.],
       [80.],
       [80.],
       [80.],
       [80.],
       [80.],
       [80.],
       [80.],
       [80.],
       [80.],
       [80.],
       [80.],
       [80.],
       [80.],
       [80.],
       [80.],
       [80.],
       [80.],
       [80.],
       [80.],
       [80.],
       [80.],
       [80.],
       [80.],
       [80.],
       [80.],
       [80.],
       [80.],
       [80.],
       [80.],
       [80.],
       [80.],
       [80.],
       [80.],
       [80.],
       [80.],
       [80.],
       [80.],
       [80.],
       [80.],
       [80.],
       [80.],
       [80.],
       [80.],
       [80.],
       [80.],
       [80.],
       [80.],
       [80.],
       [80.],
       [80.],
       [80.],
       [80.],
       [80.],
       [80.],
       [80.],
       [80.],
       [80.],
       [80.],
       [80.],
       [80.],
       [80.],
       [80.],
       [80.],
       [80.],
       [80.],
       [80.],
       [80.],
       [80.],
       [80.],
       [80.],
       [80.],
       [80.],
       [80.],
       [80.],
       [80.],
       [80.],
       [80.],
       [80.],
       [80.],
       [80.],
       [80.],
       [80.],
       [80.],
       [80.],
       [80.],
       [80.],
       [80.],
       [80.],
       [80.],
       [80.],
       [80.],
       [80.],
       [80.],
       [80.],
       [80.],
       [80.],
       [80.],
       [80.],
       [80.],
       [80.],
       [80.],
       [80.],
       [80.],
       [80.],
       [80.],
       [80.],
       [80.],
       [80.],
       [80.],
       [80.],
       [80.],
       [80.],
       [80.],
       [80.],
       [80.],
       [80.],
       [80.],
       [80.],
       [80.],
       [80.],
       [80.],
       [80.],
       [80.],
       [80.],
       [80.],
       [80.],
       [80.],
       [80.],
       [80.],
       [80.],
       [80.],
       [80.],
       [80.],
       [80.],
       [80.],
       [80.],
       [80.],
       [80.],
       [80.],
       [80.],
       [80.],
       [80.],
       [80.],
       [80.],
       [80.],
       [80.],
       [80.],
       [80.],
       [80.],
       [80.],
       [80.],
       [80.],
       [80.],
       [80.],
       [80.],
       [80.],
       [80.],
       [80.],
       [80.],
       [80.],
       [80.],
       [80.],
       [80.],
       [80.],
       [80.],
       [80.],
       [80.],
       [80.],
       [80.],
       [80.],
       [80.],
       [80.],
       [80.],
       [80.],
       [80.],
       [80.],
       [80.],
       [80.],
       [80.],
       [80.],
       [80.],
       [80.],
       [80.],
       [80.],
       [80.],
       [80.],
       [80.],
       [80.],
       [80.],
       [80.],
       [80.],
       [80.],
       [80.],
       [80.],
       [80.],
       [80.],
       [80.],
       [80.],
       [80.],
       [80.],
       [80.],
       [80.],
       [80.],
       [80.],
       [80.],
       [80.],
       [80.],
       [80.],
       [80.],
       [80.],
       [80.],
       [80.],
       [80.],
       [80.],
       [80.],
       [80.],
       [80.],
       [80.],
       [80.],
       [80.],
       [80.],
       [80.],
       [80.],
       [80.],
       [80.],
       [80.],
       [80.],
       [80.],
       [80.],
       [80.],
       [80.],
       [80.],
       [80.],
       [80.],
       [80.],
       [80.],
       [80.],
       [80.],
       [80.],
       [80.],
       [80.],
       [80.],
       [80.],
       [80.],
       [80.],
       [80.],
       [80.],
       [80.],
       [80.],
       [80.],
       [80.],
       [80.],
       [80.],
       [80.],
       [80.],
       [80.],
       [80.],
       [80.],
       [80.],
       [80.],
       [80.],
       [80.],
       [80.],
       [80.],
       [80.],
       [80.],
       [80.],
       [80.],
       [80.],
       [80.],
       [80.],
       [80.],
       [80.],
       [80.],
       [80.],
       [80.],
       [80.],
       [80.],
       [80.],
       [80.],
       [80.],
       [80.],
       [80.],
       [80.],
       [80.],
       [80.],
       [80.],
       [80.],
       [80.],
       [80.],
       [80.],
       [80.],
       [80.],
       [80.],
       [80.],
       [80.],
       [80.],
       [80.],
       [80.],
       [80.],
       [80.],
       [80.],
       [80.],
       [80.],
       [80.],
       [80.],
       [80.],
       [80.],
       [80.],
       [80.],
       [80.],
       [80.],
       [80.],
       [80.],
       [80.],
       [80.],
       [80.],
       [80.],
       [80.],
       [80.],
       [80.],
       [80.],
       [80.],
       [80.],
       [80.],
       [80.],
       [80.],
       [80.],
       [80.],
       [80.],
       [80.],
       [80.],
       [80.],
       [80.],
       [80.],
       [80.],
       [80.],
       [80.],
       [80.],
       [80.],
       [80.],
       [80.],
       [80.]]), 'dt': 0.01, 'N': 400, 'l': 1e-05}","{'Q': 500.0, 'gbar': 4.2105263157894735, 'T': 10000, 'supervisor': array([[-1.89214982e-17],
       [ 4.44288287e-04],
       [ 8.88576529e-04],
       ...,
       [-1.33286468e-03],
       [-8.88576529e-04],
       [-4.44288287e-04]]), 'BIAS': array([[80.],
       [80.],
       [80.],
       [80.],
       [80.],
       [80.],
       [80.],
       [80.],
       [80.],
       [80.],
       [80.],
       [80.],
       [80.],
       [80.],
       [80.],
       [80.],
       [80.],
       [80.],
       [80.],
       [80.],
       [80.],
       [80.],
       [80.],
       [80.],
       [80.],
       [80.],
       [80.],
       [80.],
       [80.],
       [80.],
       [80.],
       [80.],
       [80.],
       [80.],
       [80.],
       [80.],
       [80.],
       [80.],
       [80.],
       [80.],
       [80.],
       [80.],
       [80.],
       [80.],
       [80.],
       [80.],
       [80.],
       [80.],
       [80.],
       [80.],
       [80.],
       [80.],
       [80.],
       [80.],
       [80.],
       [80.],
       [80.],
       [80.],
       [80.],
       [80.],
       [80.],
       [80.],
       [80.],
       [80.],
       [80.],
       [80.],
       [80.],
       [80.],
       [80.],
       [80.],
       [80.],
       [80.],
       [80.],
       [80.],
       [80.],
       [80.],
       [80.],
       [80.],
       [80.],
       [80.],
       [80.],
       [80.],
       [80.],
       [80.],
       [80.],
       [80.],
       [80.],
       [80.],
       [80.],
       [80.],
       [80.],
       [80.],
       [80.],
       [80.],
       [80.],
       [80.],
       [80.],
       [80.],
       [80.],
       [80.],
       [80.],
       [80.],
       [80.],
       [80.],
       [80.],
       [80.],
       [80.],
       [80.],
       [80.],
       [80.],
       [80.],
       [80.],
       [80.],
       [80.],
       [80.],
       [80.],
       [80.],
       [80.],
       [80.],
       [80.],
       [80.],
       [80.],
       [80.],
       [80.],
       [80.],
       [80.],
       [80.],
       [80.],
       [80.],
       [80.],
       [80.],
       [80.],
       [80.],
       [80.],
       [80.],
       [80.],
       [80.],
       [80.],
       [80.],
       [80.],
       [80.],
       [80.],
       [80.],
       [80.],
       [80.],
       [80.],
       [80.],
       [80.],
       [80.],
       [80.],
       [80.],
       [80.],
       [80.],
       [80.],
       [80.],
       [80.],
       [80.],
       [80.],
       [80.],
       [80.],
       [80.],
       [80.],
       [80.],
       [80.],
       [80.],
       [80.],
       [80.],
       [80.],
       [80.],
       [80.],
       [80.],
       [80.],
       [80.],
       [80.],
       [80.],
       [80.],
       [80.],
       [80.],
       [80.],
       [80.],
       [80.],
       [80.],
       [80.],
       [80.],
       [80.],
       [80.],
       [80.],
       [80.],
       [80.],
       [80.],
       [80.],
       [80.],
       [80.],
       [80.],
       [80.],
       [80.],
       [80.],
       [80.],
       [80.],
       [80.],
       [80.],
       [80.],
       [80.],
       [80.],
       [80.],
       [80.],
       [80.],
       [80.],
       [80.],
       [80.],
       [80.],
       [80.],
       [80.],
       [80.],
       [80.],
       [80.],
       [80.],
       [80.],
       [80.],
       [80.],
       [80.],
       [80.],
       [80.],
       [80.],
       [80.],
       [80.],
       [80.],
       [80.],
       [80.],
       [80.],
       [80.],
       [80.],
       [80.],
       [80.],
       [80.],
       [80.],
       [80.],
       [80.],
       [80.],
       [80.],
       [80.],
       [80.],
       [80.],
       [80.],
       [80.],
       [80.],
       [80.],
       [80.],
       [80.],
       [80.],
       [80.],
       [80.],
       [80.],
       [80.],
       [80.],
       [80.],
       [80.],
       [80.],
       [80.],
       [80.],
       [80.],
       [80.],
       [80.],
       [80.],
       [80.],
       [80.],
       [80.],
       [80.],
       [80.],
       [80.],
       [80.],
       [80.],
       [80.],
       [80.],
       [80.],
       [80.],
       [80.],
       [80.],
       [80.],
       [80.],
       [80.],
       [80.],
       [80.],
       [80.],
       [80.],
       [80.],
       [80.],
       [80.],
       [80.],
       [80.],
       [80.],
       [80.],
       [80.],
       [80.],
       [80.],
       [80.],
       [80.],
       [80.],
       [80.],
       [80.],
       [80.],
       [80.],
       [80.],
       [80.],
       [80.],
       [80.],
       [80.],
       [80.],
       [80.],
       [80.],
       [80.],
       [80.],
       [80.],
       [80.],
       [80.],
       [80.],
       [80.],
       [80.],
       [80.],
       [80.],
       [80.],
       [80.],
       [80.],
       [80.],
       [80.],
       [80.],
       [80.],
       [80.],
       [80.],
       [80.],
       [80.],
       [80.],
       [80.],
       [80.],
       [80.],
       [80.],
       [80.],
       [80.],
       [80.],
       [80.],
       [80.],
       [80.],
       [80.],
       [80.],
       [80.],
       [80.],
       [80.],
       [80.],
       [80.],
       [80.],
       [80.],
       [80.],
       [80.],
       [80.],
       [80.],
       [80.],
       [80.],
       [80.],
       [80.],
       [80.],
       [80.],
       [80.],
       [80.],
       [80.],
       [80.],
       [80.],
       [80.],
       [80.],
       [80.],
       [80.],
       [80.],
       [80.],
       [80.],
       [80.],
       [80.],
       [80.],
       [80.],
       [80.],
       [80.],
       [80.],
       [80.],
       [80.],
       [80.],
       [80.],
       [80.],
       [80.],
       [80.],
       [80.],
       [80.],
       [80.],
       [80.],
       [80.],
       [80.],
       [80.],
       [80.],
       [80.],
       [80.],
       [80.],
       [80.],
       [80.]]), 'dt': 0.01, 'N': 400, 'l': 1e-05}","{'Q': 500.0, 'gbar': 5.263157894736842, 'T': 10000, 'supervisor': array([[-1.89214982e-17],
       [ 4.44288287e-04],
       [ 8.88576529e-04],
       ...,
       [-1.33286468e-03],
       [-8.88576529e-04],
       [-4.44288287e-04]]), 'BIAS': array([[80.],
       [80.],
       [80.],
       [80.],
       [80.],
       [80.],
       [80.],
       [80.],
       [80.],
       [80.],
       [80.],
       [80.],
       [80.],
       [80.],
       [80.],
       [80.],
       [80.],
       [80.],
       [80.],
       [80.],
       [80.],
       [80.],
       [80.],
       [80.],
       [80.],
       [80.],
       [80.],
       [80.],
       [80.],
       [80.],
       [80.],
       [80.],
       [80.],
       [80.],
       [80.],
       [80.],
       [80.],
       [80.],
       [80.],
       [80.],
       [80.],
       [80.],
       [80.],
       [80.],
       [80.],
       [80.],
       [80.],
       [80.],
       [80.],
       [80.],
       [80.],
       [80.],
       [80.],
       [80.],
       [80.],
       [80.],
       [80.],
       [80.],
       [80.],
       [80.],
       [80.],
       [80.],
       [80.],
       [80.],
       [80.],
       [80.],
       [80.],
       [80.],
       [80.],
       [80.],
       [80.],
       [80.],
       [80.],
       [80.],
       [80.],
       [80.],
       [80.],
       [80.],
       [80.],
       [80.],
       [80.],
       [80.],
       [80.],
       [80.],
       [80.],
       [80.],
       [80.],
       [80.],
       [80.],
       [80.],
       [80.],
       [80.],
       [80.],
       [80.],
       [80.],
       [80.],
       [80.],
       [80.],
       [80.],
       [80.],
       [80.],
       [80.],
       [80.],
       [80.],
       [80.],
       [80.],
       [80.],
       [80.],
       [80.],
       [80.],
       [80.],
       [80.],
       [80.],
       [80.],
       [80.],
       [80.],
       [80.],
       [80.],
       [80.],
       [80.],
       [80.],
       [80.],
       [80.],
       [80.],
       [80.],
       [80.],
       [80.],
       [80.],
       [80.],
       [80.],
       [80.],
       [80.],
       [80.],
       [80.],
       [80.],
       [80.],
       [80.],
       [80.],
       [80.],
       [80.],
       [80.],
       [80.],
       [80.],
       [80.],
       [80.],
       [80.],
       [80.],
       [80.],
       [80.],
       [80.],
       [80.],
       [80.],
       [80.],
       [80.],
       [80.],
       [80.],
       [80.],
       [80.],
       [80.],
       [80.],
       [80.],
       [80.],
       [80.],
       [80.],
       [80.],
       [80.],
       [80.],
       [80.],
       [80.],
       [80.],
       [80.],
       [80.],
       [80.],
       [80.],
       [80.],
       [80.],
       [80.],
       [80.],
       [80.],
       [80.],
       [80.],
       [80.],
       [80.],
       [80.],
       [80.],
       [80.],
       [80.],
       [80.],
       [80.],
       [80.],
       [80.],
       [80.],
       [80.],
       [80.],
       [80.],
       [80.],
       [80.],
       [80.],
       [80.],
       [80.],
       [80.],
       [80.],
       [80.],
       [80.],
       [80.],
       [80.],
       [80.],
       [80.],
       [80.],
       [80.],
       [80.],
       [80.],
       [80.],
       [80.],
       [80.],
       [80.],
       [80.],
       [80.],
       [80.],
       [80.],
       [80.],
       [80.],
       [80.],
       [80.],
       [80.],
       [80.],
       [80.],
       [80.],
       [80.],
       [80.],
       [80.],
       [80.],
       [80.],
       [80.],
       [80.],
       [80.],
       [80.],
       [80.],
       [80.],
       [80.],
       [80.],
       [80.],
       [80.],
       [80.],
       [80.],
       [80.],
       [80.],
       [80.],
       [80.],
       [80.],
       [80.],
       [80.],
       [80.],
       [80.],
       [80.],
       [80.],
       [80.],
       [80.],
       [80.],
       [80.],
       [80.],
       [80.],
       [80.],
       [80.],
       [80.],
       [80.],
       [80.],
       [80.],
       [80.],
       [80.],
       [80.],
       [80.],
       [80.],
       [80.],
       [80.],
       [80.],
       [80.],
       [80.],
       [80.],
       [80.],
       [80.],
       [80.],
       [80.],
       [80.],
       [80.],
       [80.],
       [80.],
       [80.],
       [80.],
       [80.],
       [80.],
       [80.],
       [80.],
       [80.],
       [80.],
       [80.],
       [80.],
       [80.],
       [80.],
       [80.],
       [80.],
       [80.],
       [80.],
       [80.],
       [80.],
       [80.],
       [80.],
       [80.],
       [80.],
       [80.],
       [80.],
       [80.],
       [80.],
       [80.],
       [80.],
       [80.],
       [80.],
       [80.],
       [80.],
       [80.],
       [80.],
       [80.],
       [80.],
       [80.],
       [80.],
       [80.],
       [80.],
       [80.],
       [80.],
       [80.],
       [80.],
       [80.],
       [80.],
       [80.],
       [80.],
       [80.],
       [80.],
       [80.],
       [80.],
       [80.],
       [80.],
       [80.],
       [80.],
       [80.],
       [80.],
       [80.],
       [80.],
       [80.],
       [80.],
       [80.],
       [80.],
       [80.],
       [80.],
       [80.],
       [80.],
       [80.],
       [80.],
       [80.],
       [80.],
       [80.],
       [80.],
       [80.],
       [80.],
       [80.],
       [80.],
       [80.],
       [80.],
       [80.],
       [80.],
       [80.],
       [80.],
       [80.],
       [80.],
       [80.],
       [80.],
       [80.],
       [80.],
       [80.],
       [80.],
       [80.],
       [80.],
       [80.],
       [80.],
       [80.],
       [80.],
       [80.],
       [80.],
       [80.],
       [80.],
       [80.],
       [80.],
       [80.],
       [80.],
       [80.],
       [80.],
       [80.],
       [80.],
       [80.],
       [80.],
       [80.]]), 'dt': 0.01, 'N': 400, 'l': 1e-05}","{'Q': 500.0, 'gbar': 6.315789473684211, 'T': 10000, 'supervisor': array([[-1.89214982e-17],
       [ 4.44288287e-04],
       [ 8.88576529e-04],
       ...,
       [-1.33286468e-03],
       [-8.88576529e-04],
       [-4.44288287e-04]]), 'BIAS': array([[80.],
       [80.],
       [80.],
       [80.],
       [80.],
       [80.],
       [80.],
       [80.],
       [80.],
       [80.],
       [80.],
       [80.],
       [80.],
       [80.],
       [80.],
       [80.],
       [80.],
       [80.],
       [80.],
       [80.],
       [80.],
       [80.],
       [80.],
       [80.],
       [80.],
       [80.],
       [80.],
       [80.],
       [80.],
       [80.],
       [80.],
       [80.],
       [80.],
       [80.],
       [80.],
       [80.],
       [80.],
       [80.],
       [80.],
       [80.],
       [80.],
       [80.],
       [80.],
       [80.],
       [80.],
       [80.],
       [80.],
       [80.],
       [80.],
       [80.],
       [80.],
       [80.],
       [80.],
       [80.],
       [80.],
       [80.],
       [80.],
       [80.],
       [80.],
       [80.],
       [80.],
       [80.],
       [80.],
       [80.],
       [80.],
       [80.],
       [80.],
       [80.],
       [80.],
       [80.],
       [80.],
       [80.],
       [80.],
       [80.],
       [80.],
       [80.],
       [80.],
       [80.],
       [80.],
       [80.],
       [80.],
       [80.],
       [80.],
       [80.],
       [80.],
       [80.],
       [80.],
       [80.],
       [80.],
       [80.],
       [80.],
       [80.],
       [80.],
       [80.],
       [80.],
       [80.],
       [80.],
       [80.],
       [80.],
       [80.],
       [80.],
       [80.],
       [80.],
       [80.],
       [80.],
       [80.],
       [80.],
       [80.],
       [80.],
       [80.],
       [80.],
       [80.],
       [80.],
       [80.],
       [80.],
       [80.],
       [80.],
       [80.],
       [80.],
       [80.],
       [80.],
       [80.],
       [80.],
       [80.],
       [80.],
       [80.],
       [80.],
       [80.],
       [80.],
       [80.],
       [80.],
       [80.],
       [80.],
       [80.],
       [80.],
       [80.],
       [80.],
       [80.],
       [80.],
       [80.],
       [80.],
       [80.],
       [80.],
       [80.],
       [80.],
       [80.],
       [80.],
       [80.],
       [80.],
       [80.],
       [80.],
       [80.],
       [80.],
       [80.],
       [80.],
       [80.],
       [80.],
       [80.],
       [80.],
       [80.],
       [80.],
       [80.],
       [80.],
       [80.],
       [80.],
       [80.],
       [80.],
       [80.],
       [80.],
       [80.],
       [80.],
       [80.],
       [80.],
       [80.],
       [80.],
       [80.],
       [80.],
       [80.],
       [80.],
       [80.],
       [80.],
       [80.],
       [80.],
       [80.],
       [80.],
       [80.],
       [80.],
       [80.],
       [80.],
       [80.],
       [80.],
       [80.],
       [80.],
       [80.],
       [80.],
       [80.],
       [80.],
       [80.],
       [80.],
       [80.],
       [80.],
       [80.],
       [80.],
       [80.],
       [80.],
       [80.],
       [80.],
       [80.],
       [80.],
       [80.],
       [80.],
       [80.],
       [80.],
       [80.],
       [80.],
       [80.],
       [80.],
       [80.],
       [80.],
       [80.],
       [80.],
       [80.],
       [80.],
       [80.],
       [80.],
       [80.],
       [80.],
       [80.],
       [80.],
       [80.],
       [80.],
       [80.],
       [80.],
       [80.],
       [80.],
       [80.],
       [80.],
       [80.],
       [80.],
       [80.],
       [80.],
       [80.],
       [80.],
       [80.],
       [80.],
       [80.],
       [80.],
       [80.],
       [80.],
       [80.],
       [80.],
       [80.],
       [80.],
       [80.],
       [80.],
       [80.],
       [80.],
       [80.],
       [80.],
       [80.],
       [80.],
       [80.],
       [80.],
       [80.],
       [80.],
       [80.],
       [80.],
       [80.],
       [80.],
       [80.],
       [80.],
       [80.],
       [80.],
       [80.],
       [80.],
       [80.],
       [80.],
       [80.],
       [80.],
       [80.],
       [80.],
       [80.],
       [80.],
       [80.],
       [80.],
       [80.],
       [80.],
       [80.],
       [80.],
       [80.],
       [80.],
       [80.],
       [80.],
       [80.],
       [80.],
       [80.],
       [80.],
       [80.],
       [80.],
       [80.],
       [80.],
       [80.],
       [80.],
       [80.],
       [80.],
       [80.],
       [80.],
       [80.],
       [80.],
       [80.],
       [80.],
       [80.],
       [80.],
       [80.],
       [80.],
       [80.],
       [80.],
       [80.],
       [80.],
       [80.],
       [80.],
       [80.],
       [80.],
       [80.],
       [80.],
       [80.],
       [80.],
       [80.],
       [80.],
       [80.],
       [80.],
       [80.],
       [80.],
       [80.],
       [80.],
       [80.],
       [80.],
       [80.],
       [80.],
       [80.],
       [80.],
       [80.],
       [80.],
       [80.],
       [80.],
       [80.],
       [80.],
       [80.],
       [80.],
       [80.],
       [80.],
       [80.],
       [80.],
       [80.],
       [80.],
       [80.],
       [80.],
       [80.],
       [80.],
       [80.],
       [80.],
       [80.],
       [80.],
       [80.],
       [80.],
       [80.],
       [80.],
       [80.],
       [80.],
       [80.],
       [80.],
       [80.],
       [80.],
       [80.],
       [80.],
       [80.],
       [80.],
       [80.],
       [80.],
       [80.],
       [80.],
       [80.],
       [80.],
       [80.],
       [80.],
       [80.],
       [80.],
       [80.],
       [80.],
       [80.],
       [80.],
       [80.],
       [80.],
       [80.],
       [80.],
       [80.],
       [80.],
       [80.],
       [80.],
       [80.]]), 'dt': 0.01, 'N': 400, 'l': 1e-05}","{'Q': 500.0, 'gbar': 7.368421052631579, 'T': 10000, 'supervisor': array([[-1.89214982e-17],
       [ 4.44288287e-04],
       [ 8.88576529e-04],
       ...,
       [-1.33286468e-03],
       [-8.88576529e-04],
       [-4.44288287e-04]]), 'BIAS': array([[80.],
       [80.],
       [80.],
       [80.],
       [80.],
       [80.],
       [80.],
       [80.],
       [80.],
       [80.],
       [80.],
       [80.],
       [80.],
       [80.],
       [80.],
       [80.],
       [80.],
       [80.],
       [80.],
       [80.],
       [80.],
       [80.],
       [80.],
       [80.],
       [80.],
       [80.],
       [80.],
       [80.],
       [80.],
       [80.],
       [80.],
       [80.],
       [80.],
       [80.],
       [80.],
       [80.],
       [80.],
       [80.],
       [80.],
       [80.],
       [80.],
       [80.],
       [80.],
       [80.],
       [80.],
       [80.],
       [80.],
       [80.],
       [80.],
       [80.],
       [80.],
       [80.],
       [80.],
       [80.],
       [80.],
       [80.],
       [80.],
       [80.],
       [80.],
       [80.],
       [80.],
       [80.],
       [80.],
       [80.],
       [80.],
       [80.],
       [80.],
       [80.],
       [80.],
       [80.],
       [80.],
       [80.],
       [80.],
       [80.],
       [80.],
       [80.],
       [80.],
       [80.],
       [80.],
       [80.],
       [80.],
       [80.],
       [80.],
       [80.],
       [80.],
       [80.],
       [80.],
       [80.],
       [80.],
       [80.],
       [80.],
       [80.],
       [80.],
       [80.],
       [80.],
       [80.],
       [80.],
       [80.],
       [80.],
       [80.],
       [80.],
       [80.],
       [80.],
       [80.],
       [80.],
       [80.],
       [80.],
       [80.],
       [80.],
       [80.],
       [80.],
       [80.],
       [80.],
       [80.],
       [80.],
       [80.],
       [80.],
       [80.],
       [80.],
       [80.],
       [80.],
       [80.],
       [80.],
       [80.],
       [80.],
       [80.],
       [80.],
       [80.],
       [80.],
       [80.],
       [80.],
       [80.],
       [80.],
       [80.],
       [80.],
       [80.],
       [80.],
       [80.],
       [80.],
       [80.],
       [80.],
       [80.],
       [80.],
       [80.],
       [80.],
       [80.],
       [80.],
       [80.],
       [80.],
       [80.],
       [80.],
       [80.],
       [80.],
       [80.],
       [80.],
       [80.],
       [80.],
       [80.],
       [80.],
       [80.],
       [80.],
       [80.],
       [80.],
       [80.],
       [80.],
       [80.],
       [80.],
       [80.],
       [80.],
       [80.],
       [80.],
       [80.],
       [80.],
       [80.],
       [80.],
       [80.],
       [80.],
       [80.],
       [80.],
       [80.],
       [80.],
       [80.],
       [80.],
       [80.],
       [80.],
       [80.],
       [80.],
       [80.],
       [80.],
       [80.],
       [80.],
       [80.],
       [80.],
       [80.],
       [80.],
       [80.],
       [80.],
       [80.],
       [80.],
       [80.],
       [80.],
       [80.],
       [80.],
       [80.],
       [80.],
       [80.],
       [80.],
       [80.],
       [80.],
       [80.],
       [80.],
       [80.],
       [80.],
       [80.],
       [80.],
       [80.],
       [80.],
       [80.],
       [80.],
       [80.],
       [80.],
       [80.],
       [80.],
       [80.],
       [80.],
       [80.],
       [80.],
       [80.],
       [80.],
       [80.],
       [80.],
       [80.],
       [80.],
       [80.],
       [80.],
       [80.],
       [80.],
       [80.],
       [80.],
       [80.],
       [80.],
       [80.],
       [80.],
       [80.],
       [80.],
       [80.],
       [80.],
       [80.],
       [80.],
       [80.],
       [80.],
       [80.],
       [80.],
       [80.],
       [80.],
       [80.],
       [80.],
       [80.],
       [80.],
       [80.],
       [80.],
       [80.],
       [80.],
       [80.],
       [80.],
       [80.],
       [80.],
       [80.],
       [80.],
       [80.],
       [80.],
       [80.],
       [80.],
       [80.],
       [80.],
       [80.],
       [80.],
       [80.],
       [80.],
       [80.],
       [80.],
       [80.],
       [80.],
       [80.],
       [80.],
       [80.],
       [80.],
       [80.],
       [80.],
       [80.],
       [80.],
       [80.],
       [80.],
       [80.],
       [80.],
       [80.],
       [80.],
       [80.],
       [80.],
       [80.],
       [80.],
       [80.],
       [80.],
       [80.],
       [80.],
       [80.],
       [80.],
       [80.],
       [80.],
       [80.],
       [80.],
       [80.],
       [80.],
       [80.],
       [80.],
       [80.],
       [80.],
       [80.],
       [80.],
       [80.],
       [80.],
       [80.],
       [80.],
       [80.],
       [80.],
       [80.],
       [80.],
       [80.],
       [80.],
       [80.],
       [80.],
       [80.],
       [80.],
       [80.],
       [80.],
       [80.],
       [80.],
       [80.],
       [80.],
       [80.],
       [80.],
       [80.],
       [80.],
       [80.],
       [80.],
       [80.],
       [80.],
       [80.],
       [80.],
       [80.],
       [80.],
       [80.],
       [80.],
       [80.],
       [80.],
       [80.],
       [80.],
       [80.],
       [80.],
       [80.],
       [80.],
       [80.],
       [80.],
       [80.],
       [80.],
       [80.],
       [80.],
       [80.],
       [80.],
       [80.],
       [80.],
       [80.],
       [80.],
       [80.],
       [80.],
       [80.],
       [80.],
       [80.],
       [80.],
       [80.],
       [80.],
       [80.],
       [80.],
       [80.],
       [80.],
       [80.],
       [80.],
       [80.],
       [80.],
       [80.],
       [80.],
       [80.],
       [80.],
       [80.],
       [80.],
       [80.],
       [80.],
       [80.],
       [80.],
       [80.]]), 'dt': 0.01, 'N': 400, 'l': 1e-05}","{'Q': 500.0, 'gbar': 8.421052631578947, 'T': 10000, 'supervisor': array([[-1.89214982e-17],
       [ 4.44288287e-04],
       [ 8.88576529e-04],
       ...,
       [-1.33286468e-03],
       [-8.88576529e-04],
       [-4.44288287e-04]]), 'BIAS': array([[80.],
       [80.],
       [80.],
       [80.],
       [80.],
       [80.],
       [80.],
       [80.],
       [80.],
       [80.],
       [80.],
       [80.],
       [80.],
       [80.],
       [80.],
       [80.],
       [80.],
       [80.],
       [80.],
       [80.],
       [80.],
       [80.],
       [80.],
       [80.],
       [80.],
       [80.],
       [80.],
       [80.],
       [80.],
       [80.],
       [80.],
       [80.],
       [80.],
       [80.],
       [80.],
       [80.],
       [80.],
       [80.],
       [80.],
       [80.],
       [80.],
       [80.],
       [80.],
       [80.],
       [80.],
       [80.],
       [80.],
       [80.],
       [80.],
       [80.],
       [80.],
       [80.],
       [80.],
       [80.],
       [80.],
       [80.],
       [80.],
       [80.],
       [80.],
       [80.],
       [80.],
       [80.],
       [80.],
       [80.],
       [80.],
       [80.],
       [80.],
       [80.],
       [80.],
       [80.],
       [80.],
       [80.],
       [80.],
       [80.],
       [80.],
       [80.],
       [80.],
       [80.],
       [80.],
       [80.],
       [80.],
       [80.],
       [80.],
       [80.],
       [80.],
       [80.],
       [80.],
       [80.],
       [80.],
       [80.],
       [80.],
       [80.],
       [80.],
       [80.],
       [80.],
       [80.],
       [80.],
       [80.],
       [80.],
       [80.],
       [80.],
       [80.],
       [80.],
       [80.],
       [80.],
       [80.],
       [80.],
       [80.],
       [80.],
       [80.],
       [80.],
       [80.],
       [80.],
       [80.],
       [80.],
       [80.],
       [80.],
       [80.],
       [80.],
       [80.],
       [80.],
       [80.],
       [80.],
       [80.],
       [80.],
       [80.],
       [80.],
       [80.],
       [80.],
       [80.],
       [80.],
       [80.],
       [80.],
       [80.],
       [80.],
       [80.],
       [80.],
       [80.],
       [80.],
       [80.],
       [80.],
       [80.],
       [80.],
       [80.],
       [80.],
       [80.],
       [80.],
       [80.],
       [80.],
       [80.],
       [80.],
       [80.],
       [80.],
       [80.],
       [80.],
       [80.],
       [80.],
       [80.],
       [80.],
       [80.],
       [80.],
       [80.],
       [80.],
       [80.],
       [80.],
       [80.],
       [80.],
       [80.],
       [80.],
       [80.],
       [80.],
       [80.],
       [80.],
       [80.],
       [80.],
       [80.],
       [80.],
       [80.],
       [80.],
       [80.],
       [80.],
       [80.],
       [80.],
       [80.],
       [80.],
       [80.],
       [80.],
       [80.],
       [80.],
       [80.],
       [80.],
       [80.],
       [80.],
       [80.],
       [80.],
       [80.],
       [80.],
       [80.],
       [80.],
       [80.],
       [80.],
       [80.],
       [80.],
       [80.],
       [80.],
       [80.],
       [80.],
       [80.],
       [80.],
       [80.],
       [80.],
       [80.],
       [80.],
       [80.],
       [80.],
       [80.],
       [80.],
       [80.],
       [80.],
       [80.],
       [80.],
       [80.],
       [80.],
       [80.],
       [80.],
       [80.],
       [80.],
       [80.],
       [80.],
       [80.],
       [80.],
       [80.],
       [80.],
       [80.],
       [80.],
       [80.],
       [80.],
       [80.],
       [80.],
       [80.],
       [80.],
       [80.],
       [80.],
       [80.],
       [80.],
       [80.],
       [80.],
       [80.],
       [80.],
       [80.],
       [80.],
       [80.],
       [80.],
       [80.],
       [80.],
       [80.],
       [80.],
       [80.],
       [80.],
       [80.],
       [80.],
       [80.],
       [80.],
       [80.],
       [80.],
       [80.],
       [80.],
       [80.],
       [80.],
       [80.],
       [80.],
       [80.],
       [80.],
       [80.],
       [80.],
       [80.],
       [80.],
       [80.],
       [80.],
       [80.],
       [80.],
       [80.],
       [80.],
       [80.],
       [80.],
       [80.],
       [80.],
       [80.],
       [80.],
       [80.],
       [80.],
       [80.],
       [80.],
       [80.],
       [80.],
       [80.],
       [80.],
       [80.],
       [80.],
       [80.],
       [80.],
       [80.],
       [80.],
       [80.],
       [80.],
       [80.],
       [80.],
       [80.],
       [80.],
       [80.],
       [80.],
       [80.],
       [80.],
       [80.],
       [80.],
       [80.],
       [80.],
       [80.],
       [80.],
       [80.],
       [80.],
       [80.],
       [80.],
       [80.],
       [80.],
       [80.],
       [80.],
       [80.],
       [80.],
       [80.],
       [80.],
       [80.],
       [80.],
       [80.],
       [80.],
       [80.],
       [80.],
       [80.],
       [80.],
       [80.],
       [80.],
       [80.],
       [80.],
       [80.],
       [80.],
       [80.],
       [80.],
       [80.],
       [80.],
       [80.],
       [80.],
       [80.],
       [80.],
       [80.],
       [80.],
       [80.],
       [80.],
       [80.],
       [80.],
       [80.],
       [80.],
       [80.],
       [80.],
       [80.],
       [80.],
       [80.],
       [80.],
       [80.],
       [80.],
       [80.],
       [80.],
       [80.],
       [80.],
       [80.],
       [80.],
       [80.],
       [80.],
       [80.],
       [80.],
       [80.],
       [80.],
       [80.],
       [80.],
       [80.],
       [80.],
       [80.],
       [80.],
       [80.],
       [80.],
       [80.],
       [80.],
       [80.],
       [80.],
       [80.],
       [80.],
       [80.],
       [80.],
       [80.],
       [80.],
       [80.]]), 'dt': 0.01, 'N': 400, 'l': 1e-05}","{'Q': 500.0, 'gbar': 9.473684210526315, 'T': 10000, 'supervisor': array([[-1.89214982e-17],
       [ 4.44288287e-04],
       [ 8.88576529e-04],
       ...,
       [-1.33286468e-03],
       [-8.88576529e-04],
       [-4.44288287e-04]]), 'BIAS': array([[80.],
       [80.],
       [80.],
       [80.],
       [80.],
       [80.],
       [80.],
       [80.],
       [80.],
       [80.],
       [80.],
       [80.],
       [80.],
       [80.],
       [80.],
       [80.],
       [80.],
       [80.],
       [80.],
       [80.],
       [80.],
       [80.],
       [80.],
       [80.],
       [80.],
       [80.],
       [80.],
       [80.],
       [80.],
       [80.],
       [80.],
       [80.],
       [80.],
       [80.],
       [80.],
       [80.],
       [80.],
       [80.],
       [80.],
       [80.],
       [80.],
       [80.],
       [80.],
       [80.],
       [80.],
       [80.],
       [80.],
       [80.],
       [80.],
       [80.],
       [80.],
       [80.],
       [80.],
       [80.],
       [80.],
       [80.],
       [80.],
       [80.],
       [80.],
       [80.],
       [80.],
       [80.],
       [80.],
       [80.],
       [80.],
       [80.],
       [80.],
       [80.],
       [80.],
       [80.],
       [80.],
       [80.],
       [80.],
       [80.],
       [80.],
       [80.],
       [80.],
       [80.],
       [80.],
       [80.],
       [80.],
       [80.],
       [80.],
       [80.],
       [80.],
       [80.],
       [80.],
       [80.],
       [80.],
       [80.],
       [80.],
       [80.],
       [80.],
       [80.],
       [80.],
       [80.],
       [80.],
       [80.],
       [80.],
       [80.],
       [80.],
       [80.],
       [80.],
       [80.],
       [80.],
       [80.],
       [80.],
       [80.],
       [80.],
       [80.],
       [80.],
       [80.],
       [80.],
       [80.],
       [80.],
       [80.],
       [80.],
       [80.],
       [80.],
       [80.],
       [80.],
       [80.],
       [80.],
       [80.],
       [80.],
       [80.],
       [80.],
       [80.],
       [80.],
       [80.],
       [80.],
       [80.],
       [80.],
       [80.],
       [80.],
       [80.],
       [80.],
       [80.],
       [80.],
       [80.],
       [80.],
       [80.],
       [80.],
       [80.],
       [80.],
       [80.],
       [80.],
       [80.],
       [80.],
       [80.],
       [80.],
       [80.],
       [80.],
       [80.],
       [80.],
       [80.],
       [80.],
       [80.],
       [80.],
       [80.],
       [80.],
       [80.],
       [80.],
       [80.],
       [80.],
       [80.],
       [80.],
       [80.],
       [80.],
       [80.],
       [80.],
       [80.],
       [80.],
       [80.],
       [80.],
       [80.],
       [80.],
       [80.],
       [80.],
       [80.],
       [80.],
       [80.],
       [80.],
       [80.],
       [80.],
       [80.],
       [80.],
       [80.],
       [80.],
       [80.],
       [80.],
       [80.],
       [80.],
       [80.],
       [80.],
       [80.],
       [80.],
       [80.],
       [80.],
       [80.],
       [80.],
       [80.],
       [80.],
       [80.],
       [80.],
       [80.],
       [80.],
       [80.],
       [80.],
       [80.],
       [80.],
       [80.],
       [80.],
       [80.],
       [80.],
       [80.],
       [80.],
       [80.],
       [80.],
       [80.],
       [80.],
       [80.],
       [80.],
       [80.],
       [80.],
       [80.],
       [80.],
       [80.],
       [80.],
       [80.],
       [80.],
       [80.],
       [80.],
       [80.],
       [80.],
       [80.],
       [80.],
       [80.],
       [80.],
       [80.],
       [80.],
       [80.],
       [80.],
       [80.],
       [80.],
       [80.],
       [80.],
       [80.],
       [80.],
       [80.],
       [80.],
       [80.],
       [80.],
       [80.],
       [80.],
       [80.],
       [80.],
       [80.],
       [80.],
       [80.],
       [80.],
       [80.],
       [80.],
       [80.],
       [80.],
       [80.],
       [80.],
       [80.],
       [80.],
       [80.],
       [80.],
       [80.],
       [80.],
       [80.],
       [80.],
       [80.],
       [80.],
       [80.],
       [80.],
       [80.],
       [80.],
       [80.],
       [80.],
       [80.],
       [80.],
       [80.],
       [80.],
       [80.],
       [80.],
       [80.],
       [80.],
       [80.],
       [80.],
       [80.],
       [80.],
       [80.],
       [80.],
       [80.],
       [80.],
       [80.],
       [80.],
       [80.],
       [80.],
       [80.],
       [80.],
       [80.],
       [80.],
       [80.],
       [80.],
       [80.],
       [80.],
       [80.],
       [80.],
       [80.],
       [80.],
       [80.],
       [80.],
       [80.],
       [80.],
       [80.],
       [80.],
       [80.],
       [80.],
       [80.],
       [80.],
       [80.],
       [80.],
       [80.],
       [80.],
       [80.],
       [80.],
       [80.],
       [80.],
       [80.],
       [80.],
       [80.],
       [80.],
       [80.],
       [80.],
       [80.],
       [80.],
       [80.],
       [80.],
       [80.],
       [80.],
       [80.],
       [80.],
       [80.],
       [80.],
       [80.],
       [80.],
       [80.],
       [80.],
       [80.],
       [80.],
       [80.],
       [80.],
       [80.],
       [80.],
       [80.],
       [80.],
       [80.],
       [80.],
       [80.],
       [80.],
       [80.],
       [80.],
       [80.],
       [80.],
       [80.],
       [80.],
       [80.],
       [80.],
       [80.],
       [80.],
       [80.],
       [80.],
       [80.],
       [80.],
       [80.],
       [80.],
       [80.],
       [80.],
       [80.],
       [80.],
       [80.],
       [80.],
       [80.],
       [80.],
       [80.],
       [80.],
       [80.],
       [80.],
       [80.],
       [80.],
       [80.],
       [80.],
       [80.],
       [80.],
       [80.]]), 'dt': 0.01, 'N': 400, 'l': 1e-05}","{'Q': 500.0, 'gbar': 10.526315789473683, 'T': 10000, 'supervisor': array([[-1.89214982e-17],
       [ 4.44288287e-04],
       [ 8.88576529e-04],
       ...,
       [-1.33286468e-03],
       [-8.88576529e-04],
       [-4.44288287e-04]]), 'BIAS': array([[80.],
       [80.],
       [80.],
       [80.],
       [80.],
       [80.],
       [80.],
       [80.],
       [80.],
       [80.],
       [80.],
       [80.],
       [80.],
       [80.],
       [80.],
       [80.],
       [80.],
       [80.],
       [80.],
       [80.],
       [80.],
       [80.],
       [80.],
       [80.],
       [80.],
       [80.],
       [80.],
       [80.],
       [80.],
       [80.],
       [80.],
       [80.],
       [80.],
       [80.],
       [80.],
       [80.],
       [80.],
       [80.],
       [80.],
       [80.],
       [80.],
       [80.],
       [80.],
       [80.],
       [80.],
       [80.],
       [80.],
       [80.],
       [80.],
       [80.],
       [80.],
       [80.],
       [80.],
       [80.],
       [80.],
       [80.],
       [80.],
       [80.],
       [80.],
       [80.],
       [80.],
       [80.],
       [80.],
       [80.],
       [80.],
       [80.],
       [80.],
       [80.],
       [80.],
       [80.],
       [80.],
       [80.],
       [80.],
       [80.],
       [80.],
       [80.],
       [80.],
       [80.],
       [80.],
       [80.],
       [80.],
       [80.],
       [80.],
       [80.],
       [80.],
       [80.],
       [80.],
       [80.],
       [80.],
       [80.],
       [80.],
       [80.],
       [80.],
       [80.],
       [80.],
       [80.],
       [80.],
       [80.],
       [80.],
       [80.],
       [80.],
       [80.],
       [80.],
       [80.],
       [80.],
       [80.],
       [80.],
       [80.],
       [80.],
       [80.],
       [80.],
       [80.],
       [80.],
       [80.],
       [80.],
       [80.],
       [80.],
       [80.],
       [80.],
       [80.],
       [80.],
       [80.],
       [80.],
       [80.],
       [80.],
       [80.],
       [80.],
       [80.],
       [80.],
       [80.],
       [80.],
       [80.],
       [80.],
       [80.],
       [80.],
       [80.],
       [80.],
       [80.],
       [80.],
       [80.],
       [80.],
       [80.],
       [80.],
       [80.],
       [80.],
       [80.],
       [80.],
       [80.],
       [80.],
       [80.],
       [80.],
       [80.],
       [80.],
       [80.],
       [80.],
       [80.],
       [80.],
       [80.],
       [80.],
       [80.],
       [80.],
       [80.],
       [80.],
       [80.],
       [80.],
       [80.],
       [80.],
       [80.],
       [80.],
       [80.],
       [80.],
       [80.],
       [80.],
       [80.],
       [80.],
       [80.],
       [80.],
       [80.],
       [80.],
       [80.],
       [80.],
       [80.],
       [80.],
       [80.],
       [80.],
       [80.],
       [80.],
       [80.],
       [80.],
       [80.],
       [80.],
       [80.],
       [80.],
       [80.],
       [80.],
       [80.],
       [80.],
       [80.],
       [80.],
       [80.],
       [80.],
       [80.],
       [80.],
       [80.],
       [80.],
       [80.],
       [80.],
       [80.],
       [80.],
       [80.],
       [80.],
       [80.],
       [80.],
       [80.],
       [80.],
       [80.],
       [80.],
       [80.],
       [80.],
       [80.],
       [80.],
       [80.],
       [80.],
       [80.],
       [80.],
       [80.],
       [80.],
       [80.],
       [80.],
       [80.],
       [80.],
       [80.],
       [80.],
       [80.],
       [80.],
       [80.],
       [80.],
       [80.],
       [80.],
       [80.],
       [80.],
       [80.],
       [80.],
       [80.],
       [80.],
       [80.],
       [80.],
       [80.],
       [80.],
       [80.],
       [80.],
       [80.],
       [80.],
       [80.],
       [80.],
       [80.],
       [80.],
       [80.],
       [80.],
       [80.],
       [80.],
       [80.],
       [80.],
       [80.],
       [80.],
       [80.],
       [80.],
       [80.],
       [80.],
       [80.],
       [80.],
       [80.],
       [80.],
       [80.],
       [80.],
       [80.],
       [80.],
       [80.],
       [80.],
       [80.],
       [80.],
       [80.],
       [80.],
       [80.],
       [80.],
       [80.],
       [80.],
       [80.],
       [80.],
       [80.],
       [80.],
       [80.],
       [80.],
       [80.],
       [80.],
       [80.],
       [80.],
       [80.],
       [80.],
       [80.],
       [80.],
       [80.],
       [80.],
       [80.],
       [80.],
       [80.],
       [80.],
       [80.],
       [80.],
       [80.],
       [80.],
       [80.],
       [80.],
       [80.],
       [80.],
       [80.],
       [80.],
       [80.],
       [80.],
       [80.],
       [80.],
       [80.],
       [80.],
       [80.],
       [80.],
       [80.],
       [80.],
       [80.],
       [80.],
       [80.],
       [80.],
       [80.],
       [80.],
       [80.],
       [80.],
       [80.],
       [80.],
       [80.],
       [80.],
       [80.],
       [80.],
       [80.],
       [80.],
       [80.],
       [80.],
       [80.],
       [80.],
       [80.],
       [80.],
       [80.],
       [80.],
       [80.],
       [80.],
       [80.],
       [80.],
       [80.],
       [80.],
       [80.],
       [80.],
       [80.],
       [80.],
       [80.],
       [80.],
       [80.],
       [80.],
       [80.],
       [80.],
       [80.],
       [80.],
       [80.],
       [80.],
       [80.],
       [80.],
       [80.],
       [80.],
       [80.],
       [80.],
       [80.],
       [80.],
       [80.],
       [80.],
       [80.],
       [80.],
       [80.],
       [80.],
       [80.],
       [80.],
       [80.],
       [80.],
       [80.],
       [80.],
       [80.],
       [80.],
       [80.],
       [80.],
       [80.],
       [80.],
       [80.],
       [80.],
       [80.]]), 'dt': 0.01, 'N': 400, 'l': 1e-05}","{'Q': 500.0, 'gbar': 11.578947368421051, 'T': 10000, 'supervisor': array([[-1.89214982e-17],
       [ 4.44288287e-04],
       [ 8.88576529e-04],
       ...,
       [-1.33286468e-03],
       [-8.88576529e-04],
       [-4.44288287e-04]]), 'BIAS': array([[80.],
       [80.],
       [80.],
       [80.],
       [80.],
       [80.],
       [80.],
       [80.],
       [80.],
       [80.],
       [80.],
       [80.],
       [80.],
       [80.],
       [80.],
       [80.],
       [80.],
       [80.],
       [80.],
       [80.],
       [80.],
       [80.],
       [80.],
       [80.],
       [80.],
       [80.],
       [80.],
       [80.],
       [80.],
       [80.],
       [80.],
       [80.],
       [80.],
       [80.],
       [80.],
       [80.],
       [80.],
       [80.],
       [80.],
       [80.],
       [80.],
       [80.],
       [80.],
       [80.],
       [80.],
       [80.],
       [80.],
       [80.],
       [80.],
       [80.],
       [80.],
       [80.],
       [80.],
       [80.],
       [80.],
       [80.],
       [80.],
       [80.],
       [80.],
       [80.],
       [80.],
       [80.],
       [80.],
       [80.],
       [80.],
       [80.],
       [80.],
       [80.],
       [80.],
       [80.],
       [80.],
       [80.],
       [80.],
       [80.],
       [80.],
       [80.],
       [80.],
       [80.],
       [80.],
       [80.],
       [80.],
       [80.],
       [80.],
       [80.],
       [80.],
       [80.],
       [80.],
       [80.],
       [80.],
       [80.],
       [80.],
       [80.],
       [80.],
       [80.],
       [80.],
       [80.],
       [80.],
       [80.],
       [80.],
       [80.],
       [80.],
       [80.],
       [80.],
       [80.],
       [80.],
       [80.],
       [80.],
       [80.],
       [80.],
       [80.],
       [80.],
       [80.],
       [80.],
       [80.],
       [80.],
       [80.],
       [80.],
       [80.],
       [80.],
       [80.],
       [80.],
       [80.],
       [80.],
       [80.],
       [80.],
       [80.],
       [80.],
       [80.],
       [80.],
       [80.],
       [80.],
       [80.],
       [80.],
       [80.],
       [80.],
       [80.],
       [80.],
       [80.],
       [80.],
       [80.],
       [80.],
       [80.],
       [80.],
       [80.],
       [80.],
       [80.],
       [80.],
       [80.],
       [80.],
       [80.],
       [80.],
       [80.],
       [80.],
       [80.],
       [80.],
       [80.],
       [80.],
       [80.],
       [80.],
       [80.],
       [80.],
       [80.],
       [80.],
       [80.],
       [80.],
       [80.],
       [80.],
       [80.],
       [80.],
       [80.],
       [80.],
       [80.],
       [80.],
       [80.],
       [80.],
       [80.],
       [80.],
       [80.],
       [80.],
       [80.],
       [80.],
       [80.],
       [80.],
       [80.],
       [80.],
       [80.],
       [80.],
       [80.],
       [80.],
       [80.],
       [80.],
       [80.],
       [80.],
       [80.],
       [80.],
       [80.],
       [80.],
       [80.],
       [80.],
       [80.],
       [80.],
       [80.],
       [80.],
       [80.],
       [80.],
       [80.],
       [80.],
       [80.],
       [80.],
       [80.],
       [80.],
       [80.],
       [80.],
       [80.],
       [80.],
       [80.],
       [80.],
       [80.],
       [80.],
       [80.],
       [80.],
       [80.],
       [80.],
       [80.],
       [80.],
       [80.],
       [80.],
       [80.],
       [80.],
       [80.],
       [80.],
       [80.],
       [80.],
       [80.],
       [80.],
       [80.],
       [80.],
       [80.],
       [80.],
       [80.],
       [80.],
       [80.],
       [80.],
       [80.],
       [80.],
       [80.],
       [80.],
       [80.],
       [80.],
       [80.],
       [80.],
       [80.],
       [80.],
       [80.],
       [80.],
       [80.],
       [80.],
       [80.],
       [80.],
       [80.],
       [80.],
       [80.],
       [80.],
       [80.],
       [80.],
       [80.],
       [80.],
       [80.],
       [80.],
       [80.],
       [80.],
       [80.],
       [80.],
       [80.],
       [80.],
       [80.],
       [80.],
       [80.],
       [80.],
       [80.],
       [80.],
       [80.],
       [80.],
       [80.],
       [80.],
       [80.],
       [80.],
       [80.],
       [80.],
       [80.],
       [80.],
       [80.],
       [80.],
       [80.],
       [80.],
       [80.],
       [80.],
       [80.],
       [80.],
       [80.],
       [80.],
       [80.],
       [80.],
       [80.],
       [80.],
       [80.],
       [80.],
       [80.],
       [80.],
       [80.],
       [80.],
       [80.],
       [80.],
       [80.],
       [80.],
       [80.],
       [80.],
       [80.],
       [80.],
       [80.],
       [80.],
       [80.],
       [80.],
       [80.],
       [80.],
       [80.],
       [80.],
       [80.],
       [80.],
       [80.],
       [80.],
       [80.],
       [80.],
       [80.],
       [80.],
       [80.],
       [80.],
       [80.],
       [80.],
       [80.],
       [80.],
       [80.],
       [80.],
       [80.],
       [80.],
       [80.],
       [80.],
       [80.],
       [80.],
       [80.],
       [80.],
       [80.],
       [80.],
       [80.],
       [80.],
       [80.],
       [80.],
       [80.],
       [80.],
       [80.],
       [80.],
       [80.],
       [80.],
       [80.],
       [80.],
       [80.],
       [80.],
       [80.],
       [80.],
       [80.],
       [80.],
       [80.],
       [80.],
       [80.],
       [80.],
       [80.],
       [80.],
       [80.],
       [80.],
       [80.],
       [80.],
       [80.],
       [80.],
       [80.],
       [80.],
       [80.],
       [80.],
       [80.],
       [80.],
       [80.],
       [80.],
       [80.],
       [80.],
       [80.],
       [80.],
       [80.],
       [80.],
       [80.],
       [80.],
       [80.]]), 'dt': 0.01, 'N': 400, 'l': 1e-05}","{'Q': 500.0, 'gbar': 12.631578947368421, 'T': 10000, 'supervisor': array([[-1.89214982e-17],
       [ 4.44288287e-04],
       [ 8.88576529e-04],
       ...,
       [-1.33286468e-03],
       [-8.88576529e-04],
       [-4.44288287e-04]]), 'BIAS': array([[80.],
       [80.],
       [80.],
       [80.],
       [80.],
       [80.],
       [80.],
       [80.],
       [80.],
       [80.],
       [80.],
       [80.],
       [80.],
       [80.],
       [80.],
       [80.],
       [80.],
       [80.],
       [80.],
       [80.],
       [80.],
       [80.],
       [80.],
       [80.],
       [80.],
       [80.],
       [80.],
       [80.],
       [80.],
       [80.],
       [80.],
       [80.],
       [80.],
       [80.],
       [80.],
       [80.],
       [80.],
       [80.],
       [80.],
       [80.],
       [80.],
       [80.],
       [80.],
       [80.],
       [80.],
       [80.],
       [80.],
       [80.],
       [80.],
       [80.],
       [80.],
       [80.],
       [80.],
       [80.],
       [80.],
       [80.],
       [80.],
       [80.],
       [80.],
       [80.],
       [80.],
       [80.],
       [80.],
       [80.],
       [80.],
       [80.],
       [80.],
       [80.],
       [80.],
       [80.],
       [80.],
       [80.],
       [80.],
       [80.],
       [80.],
       [80.],
       [80.],
       [80.],
       [80.],
       [80.],
       [80.],
       [80.],
       [80.],
       [80.],
       [80.],
       [80.],
       [80.],
       [80.],
       [80.],
       [80.],
       [80.],
       [80.],
       [80.],
       [80.],
       [80.],
       [80.],
       [80.],
       [80.],
       [80.],
       [80.],
       [80.],
       [80.],
       [80.],
       [80.],
       [80.],
       [80.],
       [80.],
       [80.],
       [80.],
       [80.],
       [80.],
       [80.],
       [80.],
       [80.],
       [80.],
       [80.],
       [80.],
       [80.],
       [80.],
       [80.],
       [80.],
       [80.],
       [80.],
       [80.],
       [80.],
       [80.],
       [80.],
       [80.],
       [80.],
       [80.],
       [80.],
       [80.],
       [80.],
       [80.],
       [80.],
       [80.],
       [80.],
       [80.],
       [80.],
       [80.],
       [80.],
       [80.],
       [80.],
       [80.],
       [80.],
       [80.],
       [80.],
       [80.],
       [80.],
       [80.],
       [80.],
       [80.],
       [80.],
       [80.],
       [80.],
       [80.],
       [80.],
       [80.],
       [80.],
       [80.],
       [80.],
       [80.],
       [80.],
       [80.],
       [80.],
       [80.],
       [80.],
       [80.],
       [80.],
       [80.],
       [80.],
       [80.],
       [80.],
       [80.],
       [80.],
       [80.],
       [80.],
       [80.],
       [80.],
       [80.],
       [80.],
       [80.],
       [80.],
       [80.],
       [80.],
       [80.],
       [80.],
       [80.],
       [80.],
       [80.],
       [80.],
       [80.],
       [80.],
       [80.],
       [80.],
       [80.],
       [80.],
       [80.],
       [80.],
       [80.],
       [80.],
       [80.],
       [80.],
       [80.],
       [80.],
       [80.],
       [80.],
       [80.],
       [80.],
       [80.],
       [80.],
       [80.],
       [80.],
       [80.],
       [80.],
       [80.],
       [80.],
       [80.],
       [80.],
       [80.],
       [80.],
       [80.],
       [80.],
       [80.],
       [80.],
       [80.],
       [80.],
       [80.],
       [80.],
       [80.],
       [80.],
       [80.],
       [80.],
       [80.],
       [80.],
       [80.],
       [80.],
       [80.],
       [80.],
       [80.],
       [80.],
       [80.],
       [80.],
       [80.],
       [80.],
       [80.],
       [80.],
       [80.],
       [80.],
       [80.],
       [80.],
       [80.],
       [80.],
       [80.],
       [80.],
       [80.],
       [80.],
       [80.],
       [80.],
       [80.],
       [80.],
       [80.],
       [80.],
       [80.],
       [80.],
       [80.],
       [80.],
       [80.],
       [80.],
       [80.],
       [80.],
       [80.],
       [80.],
       [80.],
       [80.],
       [80.],
       [80.],
       [80.],
       [80.],
       [80.],
       [80.],
       [80.],
       [80.],
       [80.],
       [80.],
       [80.],
       [80.],
       [80.],
       [80.],
       [80.],
       [80.],
       [80.],
       [80.],
       [80.],
       [80.],
       [80.],
       [80.],
       [80.],
       [80.],
       [80.],
       [80.],
       [80.],
       [80.],
       [80.],
       [80.],
       [80.],
       [80.],
       [80.],
       [80.],
       [80.],
       [80.],
       [80.],
       [80.],
       [80.],
       [80.],
       [80.],
       [80.],
       [80.],
       [80.],
       [80.],
       [80.],
       [80.],
       [80.],
       [80.],
       [80.],
       [80.],
       [80.],
       [80.],
       [80.],
       [80.],
       [80.],
       [80.],
       [80.],
       [80.],
       [80.],
       [80.],
       [80.],
       [80.],
       [80.],
       [80.],
       [80.],
       [80.],
       [80.],
       [80.],
       [80.],
       [80.],
       [80.],
       [80.],
       [80.],
       [80.],
       [80.],
       [80.],
       [80.],
       [80.],
       [80.],
       [80.],
       [80.],
       [80.],
       [80.],
       [80.],
       [80.],
       [80.],
       [80.],
       [80.],
       [80.],
       [80.],
       [80.],
       [80.],
       [80.],
       [80.],
       [80.],
       [80.],
       [80.],
       [80.],
       [80.],
       [80.],
       [80.],
       [80.],
       [80.],
       [80.],
       [80.],
       [80.],
       [80.],
       [80.],
       [80.],
       [80.],
       [80.],
       [80.],
       [80.],
       [80.],
       [80.],
       [80.],
       [80.],
       [80.],
       [80.],
       [80.],
       [80.],
       [80.],
       [80.],
       [80.]]), 'dt': 0.01, 'N': 400, 'l': 1e-05}","{'Q': 500.0, 'gbar': 13.68421052631579, 'T': 10000, 'supervisor': array([[-1.89214982e-17],
       [ 4.44288287e-04],
       [ 8.88576529e-04],
       ...,
       [-1.33286468e-03],
       [-8.88576529e-04],
       [-4.44288287e-04]]), 'BIAS': array([[80.],
       [80.],
       [80.],
       [80.],
       [80.],
       [80.],
       [80.],
       [80.],
       [80.],
       [80.],
       [80.],
       [80.],
       [80.],
       [80.],
       [80.],
       [80.],
       [80.],
       [80.],
       [80.],
       [80.],
       [80.],
       [80.],
       [80.],
       [80.],
       [80.],
       [80.],
       [80.],
       [80.],
       [80.],
       [80.],
       [80.],
       [80.],
       [80.],
       [80.],
       [80.],
       [80.],
       [80.],
       [80.],
       [80.],
       [80.],
       [80.],
       [80.],
       [80.],
       [80.],
       [80.],
       [80.],
       [80.],
       [80.],
       [80.],
       [80.],
       [80.],
       [80.],
       [80.],
       [80.],
       [80.],
       [80.],
       [80.],
       [80.],
       [80.],
       [80.],
       [80.],
       [80.],
       [80.],
       [80.],
       [80.],
       [80.],
       [80.],
       [80.],
       [80.],
       [80.],
       [80.],
       [80.],
       [80.],
       [80.],
       [80.],
       [80.],
       [80.],
       [80.],
       [80.],
       [80.],
       [80.],
       [80.],
       [80.],
       [80.],
       [80.],
       [80.],
       [80.],
       [80.],
       [80.],
       [80.],
       [80.],
       [80.],
       [80.],
       [80.],
       [80.],
       [80.],
       [80.],
       [80.],
       [80.],
       [80.],
       [80.],
       [80.],
       [80.],
       [80.],
       [80.],
       [80.],
       [80.],
       [80.],
       [80.],
       [80.],
       [80.],
       [80.],
       [80.],
       [80.],
       [80.],
       [80.],
       [80.],
       [80.],
       [80.],
       [80.],
       [80.],
       [80.],
       [80.],
       [80.],
       [80.],
       [80.],
       [80.],
       [80.],
       [80.],
       [80.],
       [80.],
       [80.],
       [80.],
       [80.],
       [80.],
       [80.],
       [80.],
       [80.],
       [80.],
       [80.],
       [80.],
       [80.],
       [80.],
       [80.],
       [80.],
       [80.],
       [80.],
       [80.],
       [80.],
       [80.],
       [80.],
       [80.],
       [80.],
       [80.],
       [80.],
       [80.],
       [80.],
       [80.],
       [80.],
       [80.],
       [80.],
       [80.],
       [80.],
       [80.],
       [80.],
       [80.],
       [80.],
       [80.],
       [80.],
       [80.],
       [80.],
       [80.],
       [80.],
       [80.],
       [80.],
       [80.],
       [80.],
       [80.],
       [80.],
       [80.],
       [80.],
       [80.],
       [80.],
       [80.],
       [80.],
       [80.],
       [80.],
       [80.],
       [80.],
       [80.],
       [80.],
       [80.],
       [80.],
       [80.],
       [80.],
       [80.],
       [80.],
       [80.],
       [80.],
       [80.],
       [80.],
       [80.],
       [80.],
       [80.],
       [80.],
       [80.],
       [80.],
       [80.],
       [80.],
       [80.],
       [80.],
       [80.],
       [80.],
       [80.],
       [80.],
       [80.],
       [80.],
       [80.],
       [80.],
       [80.],
       [80.],
       [80.],
       [80.],
       [80.],
       [80.],
       [80.],
       [80.],
       [80.],
       [80.],
       [80.],
       [80.],
       [80.],
       [80.],
       [80.],
       [80.],
       [80.],
       [80.],
       [80.],
       [80.],
       [80.],
       [80.],
       [80.],
       [80.],
       [80.],
       [80.],
       [80.],
       [80.],
       [80.],
       [80.],
       [80.],
       [80.],
       [80.],
       [80.],
       [80.],
       [80.],
       [80.],
       [80.],
       [80.],
       [80.],
       [80.],
       [80.],
       [80.],
       [80.],
       [80.],
       [80.],
       [80.],
       [80.],
       [80.],
       [80.],
       [80.],
       [80.],
       [80.],
       [80.],
       [80.],
       [80.],
       [80.],
       [80.],
       [80.],
       [80.],
       [80.],
       [80.],
       [80.],
       [80.],
       [80.],
       [80.],
       [80.],
       [80.],
       [80.],
       [80.],
       [80.],
       [80.],
       [80.],
       [80.],
       [80.],
       [80.],
       [80.],
       [80.],
       [80.],
       [80.],
       [80.],
       [80.],
       [80.],
       [80.],
       [80.],
       [80.],
       [80.],
       [80.],
       [80.],
       [80.],
       [80.],
       [80.],
       [80.],
       [80.],
       [80.],
       [80.],
       [80.],
       [80.],
       [80.],
       [80.],
       [80.],
       [80.],
       [80.],
       [80.],
       [80.],
       [80.],
       [80.],
       [80.],
       [80.],
       [80.],
       [80.],
       [80.],
       [80.],
       [80.],
       [80.],
       [80.],
       [80.],
       [80.],
       [80.],
       [80.],
       [80.],
       [80.],
       [80.],
       [80.],
       [80.],
       [80.],
       [80.],
       [80.],
       [80.],
       [80.],
       [80.],
       [80.],
       [80.],
       [80.],
       [80.],
       [80.],
       [80.],
       [80.],
       [80.],
       [80.],
       [80.],
       [80.],
       [80.],
       [80.],
       [80.],
       [80.],
       [80.],
       [80.],
       [80.],
       [80.],
       [80.],
       [80.],
       [80.],
       [80.],
       [80.],
       [80.],
       [80.],
       [80.],
       [80.],
       [80.],
       [80.],
       [80.],
       [80.],
       [80.],
       [80.],
       [80.],
       [80.],
       [80.],
       [80.],
       [80.],
       [80.],
       [80.],
       [80.],
       [80.],
       [80.],
       [80.],
       [80.],
       [80.],
       [80.],
       [80.],
       [80.]]), 'dt': 0.01, 'N': 400, 'l': 1e-05}","{'Q': 500.0, 'gbar': 14.736842105263158, 'T': 10000, 'supervisor': array([[-1.89214982e-17],
       [ 4.44288287e-04],
       [ 8.88576529e-04],
       ...,
       [-1.33286468e-03],
       [-8.88576529e-04],
       [-4.44288287e-04]]), 'BIAS': array([[80.],
       [80.],
       [80.],
       [80.],
       [80.],
       [80.],
       [80.],
       [80.],
       [80.],
       [80.],
       [80.],
       [80.],
       [80.],
       [80.],
       [80.],
       [80.],
       [80.],
       [80.],
       [80.],
       [80.],
       [80.],
       [80.],
       [80.],
       [80.],
       [80.],
       [80.],
       [80.],
       [80.],
       [80.],
       [80.],
       [80.],
       [80.],
       [80.],
       [80.],
       [80.],
       [80.],
       [80.],
       [80.],
       [80.],
       [80.],
       [80.],
       [80.],
       [80.],
       [80.],
       [80.],
       [80.],
       [80.],
       [80.],
       [80.],
       [80.],
       [80.],
       [80.],
       [80.],
       [80.],
       [80.],
       [80.],
       [80.],
       [80.],
       [80.],
       [80.],
       [80.],
       [80.],
       [80.],
       [80.],
       [80.],
       [80.],
       [80.],
       [80.],
       [80.],
       [80.],
       [80.],
       [80.],
       [80.],
       [80.],
       [80.],
       [80.],
       [80.],
       [80.],
       [80.],
       [80.],
       [80.],
       [80.],
       [80.],
       [80.],
       [80.],
       [80.],
       [80.],
       [80.],
       [80.],
       [80.],
       [80.],
       [80.],
       [80.],
       [80.],
       [80.],
       [80.],
       [80.],
       [80.],
       [80.],
       [80.],
       [80.],
       [80.],
       [80.],
       [80.],
       [80.],
       [80.],
       [80.],
       [80.],
       [80.],
       [80.],
       [80.],
       [80.],
       [80.],
       [80.],
       [80.],
       [80.],
       [80.],
       [80.],
       [80.],
       [80.],
       [80.],
       [80.],
       [80.],
       [80.],
       [80.],
       [80.],
       [80.],
       [80.],
       [80.],
       [80.],
       [80.],
       [80.],
       [80.],
       [80.],
       [80.],
       [80.],
       [80.],
       [80.],
       [80.],
       [80.],
       [80.],
       [80.],
       [80.],
       [80.],
       [80.],
       [80.],
       [80.],
       [80.],
       [80.],
       [80.],
       [80.],
       [80.],
       [80.],
       [80.],
       [80.],
       [80.],
       [80.],
       [80.],
       [80.],
       [80.],
       [80.],
       [80.],
       [80.],
       [80.],
       [80.],
       [80.],
       [80.],
       [80.],
       [80.],
       [80.],
       [80.],
       [80.],
       [80.],
       [80.],
       [80.],
       [80.],
       [80.],
       [80.],
       [80.],
       [80.],
       [80.],
       [80.],
       [80.],
       [80.],
       [80.],
       [80.],
       [80.],
       [80.],
       [80.],
       [80.],
       [80.],
       [80.],
       [80.],
       [80.],
       [80.],
       [80.],
       [80.],
       [80.],
       [80.],
       [80.],
       [80.],
       [80.],
       [80.],
       [80.],
       [80.],
       [80.],
       [80.],
       [80.],
       [80.],
       [80.],
       [80.],
       [80.],
       [80.],
       [80.],
       [80.],
       [80.],
       [80.],
       [80.],
       [80.],
       [80.],
       [80.],
       [80.],
       [80.],
       [80.],
       [80.],
       [80.],
       [80.],
       [80.],
       [80.],
       [80.],
       [80.],
       [80.],
       [80.],
       [80.],
       [80.],
       [80.],
       [80.],
       [80.],
       [80.],
       [80.],
       [80.],
       [80.],
       [80.],
       [80.],
       [80.],
       [80.],
       [80.],
       [80.],
       [80.],
       [80.],
       [80.],
       [80.],
       [80.],
       [80.],
       [80.],
       [80.],
       [80.],
       [80.],
       [80.],
       [80.],
       [80.],
       [80.],
       [80.],
       [80.],
       [80.],
       [80.],
       [80.],
       [80.],
       [80.],
       [80.],
       [80.],
       [80.],
       [80.],
       [80.],
       [80.],
       [80.],
       [80.],
       [80.],
       [80.],
       [80.],
       [80.],
       [80.],
       [80.],
       [80.],
       [80.],
       [80.],
       [80.],
       [80.],
       [80.],
       [80.],
       [80.],
       [80.],
       [80.],
       [80.],
       [80.],
       [80.],
       [80.],
       [80.],
       [80.],
       [80.],
       [80.],
       [80.],
       [80.],
       [80.],
       [80.],
       [80.],
       [80.],
       [80.],
       [80.],
       [80.],
       [80.],
       [80.],
       [80.],
       [80.],
       [80.],
       [80.],
       [80.],
       [80.],
       [80.],
       [80.],
       [80.],
       [80.],
       [80.],
       [80.],
       [80.],
       [80.],
       [80.],
       [80.],
       [80.],
       [80.],
       [80.],
       [80.],
       [80.],
       [80.],
       [80.],
       [80.],
       [80.],
       [80.],
       [80.],
       [80.],
       [80.],
       [80.],
       [80.],
       [80.],
       [80.],
       [80.],
       [80.],
       [80.],
       [80.],
       [80.],
       [80.],
       [80.],
       [80.],
       [80.],
       [80.],
       [80.],
       [80.],
       [80.],
       [80.],
       [80.],
       [80.],
       [80.],
       [80.],
       [80.],
       [80.],
       [80.],
       [80.],
       [80.],
       [80.],
       [80.],
       [80.],
       [80.],
       [80.],
       [80.],
       [80.],
       [80.],
       [80.],
       [80.],
       [80.],
       [80.],
       [80.],
       [80.],
       [80.],
       [80.],
       [80.],
       [80.],
       [80.],
       [80.],
       [80.],
       [80.],
       [80.],
       [80.],
       [80.],
       [80.],
       [80.],
       [80.],
       [80.],
       [80.],
       [80.],
       [80.]]), 'dt': 0.01, 'N': 400, 'l': 1e-05}","{'Q': 500.0, 'gbar': 15.789473684210526, 'T': 10000, 'supervisor': array([[-1.89214982e-17],
       [ 4.44288287e-04],
       [ 8.88576529e-04],
       ...,
       [-1.33286468e-03],
       [-8.88576529e-04],
       [-4.44288287e-04]]), 'BIAS': array([[80.],
       [80.],
       [80.],
       [80.],
       [80.],
       [80.],
       [80.],
       [80.],
       [80.],
       [80.],
       [80.],
       [80.],
       [80.],
       [80.],
       [80.],
       [80.],
       [80.],
       [80.],
       [80.],
       [80.],
       [80.],
       [80.],
       [80.],
       [80.],
       [80.],
       [80.],
       [80.],
       [80.],
       [80.],
       [80.],
       [80.],
       [80.],
       [80.],
       [80.],
       [80.],
       [80.],
       [80.],
       [80.],
       [80.],
       [80.],
       [80.],
       [80.],
       [80.],
       [80.],
       [80.],
       [80.],
       [80.],
       [80.],
       [80.],
       [80.],
       [80.],
       [80.],
       [80.],
       [80.],
       [80.],
       [80.],
       [80.],
       [80.],
       [80.],
       [80.],
       [80.],
       [80.],
       [80.],
       [80.],
       [80.],
       [80.],
       [80.],
       [80.],
       [80.],
       [80.],
       [80.],
       [80.],
       [80.],
       [80.],
       [80.],
       [80.],
       [80.],
       [80.],
       [80.],
       [80.],
       [80.],
       [80.],
       [80.],
       [80.],
       [80.],
       [80.],
       [80.],
       [80.],
       [80.],
       [80.],
       [80.],
       [80.],
       [80.],
       [80.],
       [80.],
       [80.],
       [80.],
       [80.],
       [80.],
       [80.],
       [80.],
       [80.],
       [80.],
       [80.],
       [80.],
       [80.],
       [80.],
       [80.],
       [80.],
       [80.],
       [80.],
       [80.],
       [80.],
       [80.],
       [80.],
       [80.],
       [80.],
       [80.],
       [80.],
       [80.],
       [80.],
       [80.],
       [80.],
       [80.],
       [80.],
       [80.],
       [80.],
       [80.],
       [80.],
       [80.],
       [80.],
       [80.],
       [80.],
       [80.],
       [80.],
       [80.],
       [80.],
       [80.],
       [80.],
       [80.],
       [80.],
       [80.],
       [80.],
       [80.],
       [80.],
       [80.],
       [80.],
       [80.],
       [80.],
       [80.],
       [80.],
       [80.],
       [80.],
       [80.],
       [80.],
       [80.],
       [80.],
       [80.],
       [80.],
       [80.],
       [80.],
       [80.],
       [80.],
       [80.],
       [80.],
       [80.],
       [80.],
       [80.],
       [80.],
       [80.],
       [80.],
       [80.],
       [80.],
       [80.],
       [80.],
       [80.],
       [80.],
       [80.],
       [80.],
       [80.],
       [80.],
       [80.],
       [80.],
       [80.],
       [80.],
       [80.],
       [80.],
       [80.],
       [80.],
       [80.],
       [80.],
       [80.],
       [80.],
       [80.],
       [80.],
       [80.],
       [80.],
       [80.],
       [80.],
       [80.],
       [80.],
       [80.],
       [80.],
       [80.],
       [80.],
       [80.],
       [80.],
       [80.],
       [80.],
       [80.],
       [80.],
       [80.],
       [80.],
       [80.],
       [80.],
       [80.],
       [80.],
       [80.],
       [80.],
       [80.],
       [80.],
       [80.],
       [80.],
       [80.],
       [80.],
       [80.],
       [80.],
       [80.],
       [80.],
       [80.],
       [80.],
       [80.],
       [80.],
       [80.],
       [80.],
       [80.],
       [80.],
       [80.],
       [80.],
       [80.],
       [80.],
       [80.],
       [80.],
       [80.],
       [80.],
       [80.],
       [80.],
       [80.],
       [80.],
       [80.],
       [80.],
       [80.],
       [80.],
       [80.],
       [80.],
       [80.],
       [80.],
       [80.],
       [80.],
       [80.],
       [80.],
       [80.],
       [80.],
       [80.],
       [80.],
       [80.],
       [80.],
       [80.],
       [80.],
       [80.],
       [80.],
       [80.],
       [80.],
       [80.],
       [80.],
       [80.],
       [80.],
       [80.],
       [80.],
       [80.],
       [80.],
       [80.],
       [80.],
       [80.],
       [80.],
       [80.],
       [80.],
       [80.],
       [80.],
       [80.],
       [80.],
       [80.],
       [80.],
       [80.],
       [80.],
       [80.],
       [80.],
       [80.],
       [80.],
       [80.],
       [80.],
       [80.],
       [80.],
       [80.],
       [80.],
       [80.],
       [80.],
       [80.],
       [80.],
       [80.],
       [80.],
       [80.],
       [80.],
       [80.],
       [80.],
       [80.],
       [80.],
       [80.],
       [80.],
       [80.],
       [80.],
       [80.],
       [80.],
       [80.],
       [80.],
       [80.],
       [80.],
       [80.],
       [80.],
       [80.],
       [80.],
       [80.],
       [80.],
       [80.],
       [80.],
       [80.],
       [80.],
       [80.],
       [80.],
       [80.],
       [80.],
       [80.],
       [80.],
       [80.],
       [80.],
       [80.],
       [80.],
       [80.],
       [80.],
       [80.],
       [80.],
       [80.],
       [80.],
       [80.],
       [80.],
       [80.],
       [80.],
       [80.],
       [80.],
       [80.],
       [80.],
       [80.],
       [80.],
       [80.],
       [80.],
       [80.],
       [80.],
       [80.],
       [80.],
       [80.],
       [80.],
       [80.],
       [80.],
       [80.],
       [80.],
       [80.],
       [80.],
       [80.],
       [80.],
       [80.],
       [80.],
       [80.],
       [80.],
       [80.],
       [80.],
       [80.],
       [80.],
       [80.],
       [80.],
       [80.],
       [80.],
       [80.],
       [80.],
       [80.],
       [80.],
       [80.],
       [80.],
       [80.],
       [80.],
       [80.]]), 'dt': 0.01, 'N': 400, 'l': 1e-05}","{'Q': 500.0, 'gbar': 16.842105263157894, 'T': 10000, 'supervisor': array([[-1.89214982e-17],
       [ 4.44288287e-04],
       [ 8.88576529e-04],
       ...,
       [-1.33286468e-03],
       [-8.88576529e-04],
       [-4.44288287e-04]]), 'BIAS': array([[80.],
       [80.],
       [80.],
       [80.],
       [80.],
       [80.],
       [80.],
       [80.],
       [80.],
       [80.],
       [80.],
       [80.],
       [80.],
       [80.],
       [80.],
       [80.],
       [80.],
       [80.],
       [80.],
       [80.],
       [80.],
       [80.],
       [80.],
       [80.],
       [80.],
       [80.],
       [80.],
       [80.],
       [80.],
       [80.],
       [80.],
       [80.],
       [80.],
       [80.],
       [80.],
       [80.],
       [80.],
       [80.],
       [80.],
       [80.],
       [80.],
       [80.],
       [80.],
       [80.],
       [80.],
       [80.],
       [80.],
       [80.],
       [80.],
       [80.],
       [80.],
       [80.],
       [80.],
       [80.],
       [80.],
       [80.],
       [80.],
       [80.],
       [80.],
       [80.],
       [80.],
       [80.],
       [80.],
       [80.],
       [80.],
       [80.],
       [80.],
       [80.],
       [80.],
       [80.],
       [80.],
       [80.],
       [80.],
       [80.],
       [80.],
       [80.],
       [80.],
       [80.],
       [80.],
       [80.],
       [80.],
       [80.],
       [80.],
       [80.],
       [80.],
       [80.],
       [80.],
       [80.],
       [80.],
       [80.],
       [80.],
       [80.],
       [80.],
       [80.],
       [80.],
       [80.],
       [80.],
       [80.],
       [80.],
       [80.],
       [80.],
       [80.],
       [80.],
       [80.],
       [80.],
       [80.],
       [80.],
       [80.],
       [80.],
       [80.],
       [80.],
       [80.],
       [80.],
       [80.],
       [80.],
       [80.],
       [80.],
       [80.],
       [80.],
       [80.],
       [80.],
       [80.],
       [80.],
       [80.],
       [80.],
       [80.],
       [80.],
       [80.],
       [80.],
       [80.],
       [80.],
       [80.],
       [80.],
       [80.],
       [80.],
       [80.],
       [80.],
       [80.],
       [80.],
       [80.],
       [80.],
       [80.],
       [80.],
       [80.],
       [80.],
       [80.],
       [80.],
       [80.],
       [80.],
       [80.],
       [80.],
       [80.],
       [80.],
       [80.],
       [80.],
       [80.],
       [80.],
       [80.],
       [80.],
       [80.],
       [80.],
       [80.],
       [80.],
       [80.],
       [80.],
       [80.],
       [80.],
       [80.],
       [80.],
       [80.],
       [80.],
       [80.],
       [80.],
       [80.],
       [80.],
       [80.],
       [80.],
       [80.],
       [80.],
       [80.],
       [80.],
       [80.],
       [80.],
       [80.],
       [80.],
       [80.],
       [80.],
       [80.],
       [80.],
       [80.],
       [80.],
       [80.],
       [80.],
       [80.],
       [80.],
       [80.],
       [80.],
       [80.],
       [80.],
       [80.],
       [80.],
       [80.],
       [80.],
       [80.],
       [80.],
       [80.],
       [80.],
       [80.],
       [80.],
       [80.],
       [80.],
       [80.],
       [80.],
       [80.],
       [80.],
       [80.],
       [80.],
       [80.],
       [80.],
       [80.],
       [80.],
       [80.],
       [80.],
       [80.],
       [80.],
       [80.],
       [80.],
       [80.],
       [80.],
       [80.],
       [80.],
       [80.],
       [80.],
       [80.],
       [80.],
       [80.],
       [80.],
       [80.],
       [80.],
       [80.],
       [80.],
       [80.],
       [80.],
       [80.],
       [80.],
       [80.],
       [80.],
       [80.],
       [80.],
       [80.],
       [80.],
       [80.],
       [80.],
       [80.],
       [80.],
       [80.],
       [80.],
       [80.],
       [80.],
       [80.],
       [80.],
       [80.],
       [80.],
       [80.],
       [80.],
       [80.],
       [80.],
       [80.],
       [80.],
       [80.],
       [80.],
       [80.],
       [80.],
       [80.],
       [80.],
       [80.],
       [80.],
       [80.],
       [80.],
       [80.],
       [80.],
       [80.],
       [80.],
       [80.],
       [80.],
       [80.],
       [80.],
       [80.],
       [80.],
       [80.],
       [80.],
       [80.],
       [80.],
       [80.],
       [80.],
       [80.],
       [80.],
       [80.],
       [80.],
       [80.],
       [80.],
       [80.],
       [80.],
       [80.],
       [80.],
       [80.],
       [80.],
       [80.],
       [80.],
       [80.],
       [80.],
       [80.],
       [80.],
       [80.],
       [80.],
       [80.],
       [80.],
       [80.],
       [80.],
       [80.],
       [80.],
       [80.],
       [80.],
       [80.],
       [80.],
       [80.],
       [80.],
       [80.],
       [80.],
       [80.],
       [80.],
       [80.],
       [80.],
       [80.],
       [80.],
       [80.],
       [80.],
       [80.],
       [80.],
       [80.],
       [80.],
       [80.],
       [80.],
       [80.],
       [80.],
       [80.],
       [80.],
       [80.],
       [80.],
       [80.],
       [80.],
       [80.],
       [80.],
       [80.],
       [80.],
       [80.],
       [80.],
       [80.],
       [80.],
       [80.],
       [80.],
       [80.],
       [80.],
       [80.],
       [80.],
       [80.],
       [80.],
       [80.],
       [80.],
       [80.],
       [80.],
       [80.],
       [80.],
       [80.],
       [80.],
       [80.],
       [80.],
       [80.],
       [80.],
       [80.],
       [80.],
       [80.],
       [80.],
       [80.],
       [80.],
       [80.],
       [80.],
       [80.],
       [80.],
       [80.],
       [80.],
       [80.],
       [80.],
       [80.],
       [80.],
       [80.],
       [80.],
       [80.],
       [80.],
       [80.]]), 'dt': 0.01, 'N': 400, 'l': 1e-05}","{'Q': 500.0, 'gbar': 17.894736842105264, 'T': 10000, 'supervisor': array([[-1.89214982e-17],
       [ 4.44288287e-04],
       [ 8.88576529e-04],
       ...,
       [-1.33286468e-03],
       [-8.88576529e-04],
       [-4.44288287e-04]]), 'BIAS': array([[80.],
       [80.],
       [80.],
       [80.],
       [80.],
       [80.],
       [80.],
       [80.],
       [80.],
       [80.],
       [80.],
       [80.],
       [80.],
       [80.],
       [80.],
       [80.],
       [80.],
       [80.],
       [80.],
       [80.],
       [80.],
       [80.],
       [80.],
       [80.],
       [80.],
       [80.],
       [80.],
       [80.],
       [80.],
       [80.],
       [80.],
       [80.],
       [80.],
       [80.],
       [80.],
       [80.],
       [80.],
       [80.],
       [80.],
       [80.],
       [80.],
       [80.],
       [80.],
       [80.],
       [80.],
       [80.],
       [80.],
       [80.],
       [80.],
       [80.],
       [80.],
       [80.],
       [80.],
       [80.],
       [80.],
       [80.],
       [80.],
       [80.],
       [80.],
       [80.],
       [80.],
       [80.],
       [80.],
       [80.],
       [80.],
       [80.],
       [80.],
       [80.],
       [80.],
       [80.],
       [80.],
       [80.],
       [80.],
       [80.],
       [80.],
       [80.],
       [80.],
       [80.],
       [80.],
       [80.],
       [80.],
       [80.],
       [80.],
       [80.],
       [80.],
       [80.],
       [80.],
       [80.],
       [80.],
       [80.],
       [80.],
       [80.],
       [80.],
       [80.],
       [80.],
       [80.],
       [80.],
       [80.],
       [80.],
       [80.],
       [80.],
       [80.],
       [80.],
       [80.],
       [80.],
       [80.],
       [80.],
       [80.],
       [80.],
       [80.],
       [80.],
       [80.],
       [80.],
       [80.],
       [80.],
       [80.],
       [80.],
       [80.],
       [80.],
       [80.],
       [80.],
       [80.],
       [80.],
       [80.],
       [80.],
       [80.],
       [80.],
       [80.],
       [80.],
       [80.],
       [80.],
       [80.],
       [80.],
       [80.],
       [80.],
       [80.],
       [80.],
       [80.],
       [80.],
       [80.],
       [80.],
       [80.],
       [80.],
       [80.],
       [80.],
       [80.],
       [80.],
       [80.],
       [80.],
       [80.],
       [80.],
       [80.],
       [80.],
       [80.],
       [80.],
       [80.],
       [80.],
       [80.],
       [80.],
       [80.],
       [80.],
       [80.],
       [80.],
       [80.],
       [80.],
       [80.],
       [80.],
       [80.],
       [80.],
       [80.],
       [80.],
       [80.],
       [80.],
       [80.],
       [80.],
       [80.],
       [80.],
       [80.],
       [80.],
       [80.],
       [80.],
       [80.],
       [80.],
       [80.],
       [80.],
       [80.],
       [80.],
       [80.],
       [80.],
       [80.],
       [80.],
       [80.],
       [80.],
       [80.],
       [80.],
       [80.],
       [80.],
       [80.],
       [80.],
       [80.],
       [80.],
       [80.],
       [80.],
       [80.],
       [80.],
       [80.],
       [80.],
       [80.],
       [80.],
       [80.],
       [80.],
       [80.],
       [80.],
       [80.],
       [80.],
       [80.],
       [80.],
       [80.],
       [80.],
       [80.],
       [80.],
       [80.],
       [80.],
       [80.],
       [80.],
       [80.],
       [80.],
       [80.],
       [80.],
       [80.],
       [80.],
       [80.],
       [80.],
       [80.],
       [80.],
       [80.],
       [80.],
       [80.],
       [80.],
       [80.],
       [80.],
       [80.],
       [80.],
       [80.],
       [80.],
       [80.],
       [80.],
       [80.],
       [80.],
       [80.],
       [80.],
       [80.],
       [80.],
       [80.],
       [80.],
       [80.],
       [80.],
       [80.],
       [80.],
       [80.],
       [80.],
       [80.],
       [80.],
       [80.],
       [80.],
       [80.],
       [80.],
       [80.],
       [80.],
       [80.],
       [80.],
       [80.],
       [80.],
       [80.],
       [80.],
       [80.],
       [80.],
       [80.],
       [80.],
       [80.],
       [80.],
       [80.],
       [80.],
       [80.],
       [80.],
       [80.],
       [80.],
       [80.],
       [80.],
       [80.],
       [80.],
       [80.],
       [80.],
       [80.],
       [80.],
       [80.],
       [80.],
       [80.],
       [80.],
       [80.],
       [80.],
       [80.],
       [80.],
       [80.],
       [80.],
       [80.],
       [80.],
       [80.],
       [80.],
       [80.],
       [80.],
       [80.],
       [80.],
       [80.],
       [80.],
       [80.],
       [80.],
       [80.],
       [80.],
       [80.],
       [80.],
       [80.],
       [80.],
       [80.],
       [80.],
       [80.],
       [80.],
       [80.],
       [80.],
       [80.],
       [80.],
       [80.],
       [80.],
       [80.],
       [80.],
       [80.],
       [80.],
       [80.],
       [80.],
       [80.],
       [80.],
       [80.],
       [80.],
       [80.],
       [80.],
       [80.],
       [80.],
       [80.],
       [80.],
       [80.],
       [80.],
       [80.],
       [80.],
       [80.],
       [80.],
       [80.],
       [80.],
       [80.],
       [80.],
       [80.],
       [80.],
       [80.],
       [80.],
       [80.],
       [80.],
       [80.],
       [80.],
       [80.],
       [80.],
       [80.],
       [80.],
       [80.],
       [80.],
       [80.],
       [80.],
       [80.],
       [80.],
       [80.],
       [80.],
       [80.],
       [80.],
       [80.],
       [80.],
       [80.],
       [80.],
       [80.],
       [80.],
       [80.],
       [80.],
       [80.],
       [80.],
       [80.],
       [80.],
       [80.],
       [80.],
       [80.],
       [80.],
       [80.],
       [80.],
       [80.]]), 'dt': 0.01, 'N': 400, 'l': 1e-05}","{'Q': 500.0, 'gbar': 18.94736842105263, 'T': 10000, 'supervisor': array([[-1.89214982e-17],
       [ 4.44288287e-04],
       [ 8.88576529e-04],
       ...,
       [-1.33286468e-03],
       [-8.88576529e-04],
       [-4.44288287e-04]]), 'BIAS': array([[80.],
       [80.],
       [80.],
       [80.],
       [80.],
       [80.],
       [80.],
       [80.],
       [80.],
       [80.],
       [80.],
       [80.],
       [80.],
       [80.],
       [80.],
       [80.],
       [80.],
       [80.],
       [80.],
       [80.],
       [80.],
       [80.],
       [80.],
       [80.],
       [80.],
       [80.],
       [80.],
       [80.],
       [80.],
       [80.],
       [80.],
       [80.],
       [80.],
       [80.],
       [80.],
       [80.],
       [80.],
       [80.],
       [80.],
       [80.],
       [80.],
       [80.],
       [80.],
       [80.],
       [80.],
       [80.],
       [80.],
       [80.],
       [80.],
       [80.],
       [80.],
       [80.],
       [80.],
       [80.],
       [80.],
       [80.],
       [80.],
       [80.],
       [80.],
       [80.],
       [80.],
       [80.],
       [80.],
       [80.],
       [80.],
       [80.],
       [80.],
       [80.],
       [80.],
       [80.],
       [80.],
       [80.],
       [80.],
       [80.],
       [80.],
       [80.],
       [80.],
       [80.],
       [80.],
       [80.],
       [80.],
       [80.],
       [80.],
       [80.],
       [80.],
       [80.],
       [80.],
       [80.],
       [80.],
       [80.],
       [80.],
       [80.],
       [80.],
       [80.],
       [80.],
       [80.],
       [80.],
       [80.],
       [80.],
       [80.],
       [80.],
       [80.],
       [80.],
       [80.],
       [80.],
       [80.],
       [80.],
       [80.],
       [80.],
       [80.],
       [80.],
       [80.],
       [80.],
       [80.],
       [80.],
       [80.],
       [80.],
       [80.],
       [80.],
       [80.],
       [80.],
       [80.],
       [80.],
       [80.],
       [80.],
       [80.],
       [80.],
       [80.],
       [80.],
       [80.],
       [80.],
       [80.],
       [80.],
       [80.],
       [80.],
       [80.],
       [80.],
       [80.],
       [80.],
       [80.],
       [80.],
       [80.],
       [80.],
       [80.],
       [80.],
       [80.],
       [80.],
       [80.],
       [80.],
       [80.],
       [80.],
       [80.],
       [80.],
       [80.],
       [80.],
       [80.],
       [80.],
       [80.],
       [80.],
       [80.],
       [80.],
       [80.],
       [80.],
       [80.],
       [80.],
       [80.],
       [80.],
       [80.],
       [80.],
       [80.],
       [80.],
       [80.],
       [80.],
       [80.],
       [80.],
       [80.],
       [80.],
       [80.],
       [80.],
       [80.],
       [80.],
       [80.],
       [80.],
       [80.],
       [80.],
       [80.],
       [80.],
       [80.],
       [80.],
       [80.],
       [80.],
       [80.],
       [80.],
       [80.],
       [80.],
       [80.],
       [80.],
       [80.],
       [80.],
       [80.],
       [80.],
       [80.],
       [80.],
       [80.],
       [80.],
       [80.],
       [80.],
       [80.],
       [80.],
       [80.],
       [80.],
       [80.],
       [80.],
       [80.],
       [80.],
       [80.],
       [80.],
       [80.],
       [80.],
       [80.],
       [80.],
       [80.],
       [80.],
       [80.],
       [80.],
       [80.],
       [80.],
       [80.],
       [80.],
       [80.],
       [80.],
       [80.],
       [80.],
       [80.],
       [80.],
       [80.],
       [80.],
       [80.],
       [80.],
       [80.],
       [80.],
       [80.],
       [80.],
       [80.],
       [80.],
       [80.],
       [80.],
       [80.],
       [80.],
       [80.],
       [80.],
       [80.],
       [80.],
       [80.],
       [80.],
       [80.],
       [80.],
       [80.],
       [80.],
       [80.],
       [80.],
       [80.],
       [80.],
       [80.],
       [80.],
       [80.],
       [80.],
       [80.],
       [80.],
       [80.],
       [80.],
       [80.],
       [80.],
       [80.],
       [80.],
       [80.],
       [80.],
       [80.],
       [80.],
       [80.],
       [80.],
       [80.],
       [80.],
       [80.],
       [80.],
       [80.],
       [80.],
       [80.],
       [80.],
       [80.],
       [80.],
       [80.],
       [80.],
       [80.],
       [80.],
       [80.],
       [80.],
       [80.],
       [80.],
       [80.],
       [80.],
       [80.],
       [80.],
       [80.],
       [80.],
       [80.],
       [80.],
       [80.],
       [80.],
       [80.],
       [80.],
       [80.],
       [80.],
       [80.],
       [80.],
       [80.],
       [80.],
       [80.],
       [80.],
       [80.],
       [80.],
       [80.],
       [80.],
       [80.],
       [80.],
       [80.],
       [80.],
       [80.],
       [80.],
       [80.],
       [80.],
       [80.],
       [80.],
       [80.],
       [80.],
       [80.],
       [80.],
       [80.],
       [80.],
       [80.],
       [80.],
       [80.],
       [80.],
       [80.],
       [80.],
       [80.],
       [80.],
       [80.],
       [80.],
       [80.],
       [80.],
       [80.],
       [80.],
       [80.],
       [80.],
       [80.],
       [80.],
       [80.],
       [80.],
       [80.],
       [80.],
       [80.],
       [80.],
       [80.],
       [80.],
       [80.],
       [80.],
       [80.],
       [80.],
       [80.],
       [80.],
       [80.],
       [80.],
       [80.],
       [80.],
       [80.],
       [80.],
       [80.],
       [80.],
       [80.],
       [80.],
       [80.],
       [80.],
       [80.],
       [80.],
       [80.],
       [80.],
       [80.],
       [80.],
       [80.],
       [80.],
       [80.],
       [80.],
       [80.],
       [80.],
       [80.],
       [80.],
       [80.],
       [80.],
       [80.]]), 'dt': 0.01, 'N': 400, 'l': 1e-05}","{'Q': 500.0, 'gbar': 20.0, 'T': 10000, 'supervisor': array([[-1.89214982e-17],
       [ 4.44288287e-04],
       [ 8.88576529e-04],
       ...,
       [-1.33286468e-03],
       [-8.88576529e-04],
       [-4.44288287e-04]]), 'BIAS': array([[80.],
       [80.],
       [80.],
       [80.],
       [80.],
       [80.],
       [80.],
       [80.],
       [80.],
       [80.],
       [80.],
       [80.],
       [80.],
       [80.],
       [80.],
       [80.],
       [80.],
       [80.],
       [80.],
       [80.],
       [80.],
       [80.],
       [80.],
       [80.],
       [80.],
       [80.],
       [80.],
       [80.],
       [80.],
       [80.],
       [80.],
       [80.],
       [80.],
       [80.],
       [80.],
       [80.],
       [80.],
       [80.],
       [80.],
       [80.],
       [80.],
       [80.],
       [80.],
       [80.],
       [80.],
       [80.],
       [80.],
       [80.],
       [80.],
       [80.],
       [80.],
       [80.],
       [80.],
       [80.],
       [80.],
       [80.],
       [80.],
       [80.],
       [80.],
       [80.],
       [80.],
       [80.],
       [80.],
       [80.],
       [80.],
       [80.],
       [80.],
       [80.],
       [80.],
       [80.],
       [80.],
       [80.],
       [80.],
       [80.],
       [80.],
       [80.],
       [80.],
       [80.],
       [80.],
       [80.],
       [80.],
       [80.],
       [80.],
       [80.],
       [80.],
       [80.],
       [80.],
       [80.],
       [80.],
       [80.],
       [80.],
       [80.],
       [80.],
       [80.],
       [80.],
       [80.],
       [80.],
       [80.],
       [80.],
       [80.],
       [80.],
       [80.],
       [80.],
       [80.],
       [80.],
       [80.],
       [80.],
       [80.],
       [80.],
       [80.],
       [80.],
       [80.],
       [80.],
       [80.],
       [80.],
       [80.],
       [80.],
       [80.],
       [80.],
       [80.],
       [80.],
       [80.],
       [80.],
       [80.],
       [80.],
       [80.],
       [80.],
       [80.],
       [80.],
       [80.],
       [80.],
       [80.],
       [80.],
       [80.],
       [80.],
       [80.],
       [80.],
       [80.],
       [80.],
       [80.],
       [80.],
       [80.],
       [80.],
       [80.],
       [80.],
       [80.],
       [80.],
       [80.],
       [80.],
       [80.],
       [80.],
       [80.],
       [80.],
       [80.],
       [80.],
       [80.],
       [80.],
       [80.],
       [80.],
       [80.],
       [80.],
       [80.],
       [80.],
       [80.],
       [80.],
       [80.],
       [80.],
       [80.],
       [80.],
       [80.],
       [80.],
       [80.],
       [80.],
       [80.],
       [80.],
       [80.],
       [80.],
       [80.],
       [80.],
       [80.],
       [80.],
       [80.],
       [80.],
       [80.],
       [80.],
       [80.],
       [80.],
       [80.],
       [80.],
       [80.],
       [80.],
       [80.],
       [80.],
       [80.],
       [80.],
       [80.],
       [80.],
       [80.],
       [80.],
       [80.],
       [80.],
       [80.],
       [80.],
       [80.],
       [80.],
       [80.],
       [80.],
       [80.],
       [80.],
       [80.],
       [80.],
       [80.],
       [80.],
       [80.],
       [80.],
       [80.],
       [80.],
       [80.],
       [80.],
       [80.],
       [80.],
       [80.],
       [80.],
       [80.],
       [80.],
       [80.],
       [80.],
       [80.],
       [80.],
       [80.],
       [80.],
       [80.],
       [80.],
       [80.],
       [80.],
       [80.],
       [80.],
       [80.],
       [80.],
       [80.],
       [80.],
       [80.],
       [80.],
       [80.],
       [80.],
       [80.],
       [80.],
       [80.],
       [80.],
       [80.],
       [80.],
       [80.],
       [80.],
       [80.],
       [80.],
       [80.],
       [80.],
       [80.],
       [80.],
       [80.],
       [80.],
       [80.],
       [80.],
       [80.],
       [80.],
       [80.],
       [80.],
       [80.],
       [80.],
       [80.],
       [80.],
       [80.],
       [80.],
       [80.],
       [80.],
       [80.],
       [80.],
       [80.],
       [80.],
       [80.],
       [80.],
       [80.],
       [80.],
       [80.],
       [80.],
       [80.],
       [80.],
       [80.],
       [80.],
       [80.],
       [80.],
       [80.],
       [80.],
       [80.],
       [80.],
       [80.],
       [80.],
       [80.],
       [80.],
       [80.],
       [80.],
       [80.],
       [80.],
       [80.],
       [80.],
       [80.],
       [80.],
       [80.],
       [80.],
       [80.],
       [80.],
       [80.],
       [80.],
       [80.],
       [80.],
       [80.],
       [80.],
       [80.],
       [80.],
       [80.],
       [80.],
       [80.],
       [80.],
       [80.],
       [80.],
       [80.],
       [80.],
       [80.],
       [80.],
       [80.],
       [80.],
       [80.],
       [80.],
       [80.],
       [80.],
       [80.],
       [80.],
       [80.],
       [80.],
       [80.],
       [80.],
       [80.],
       [80.],
       [80.],
       [80.],
       [80.],
       [80.],
       [80.],
       [80.],
       [80.],
       [80.],
       [80.],
       [80.],
       [80.],
       [80.],
       [80.],
       [80.],
       [80.],
       [80.],
       [80.],
       [80.],
       [80.],
       [80.],
       [80.],
       [80.],
       [80.],
       [80.],
       [80.],
       [80.],
       [80.],
       [80.],
       [80.],
       [80.],
       [80.],
       [80.],
       [80.],
       [80.],
       [80.],
       [80.],
       [80.],
       [80.],
       [80.],
       [80.],
       [80.],
       [80.],
       [80.],
       [80.],
       [80.],
       [80.],
       [80.],
       [80.],
       [80.],
       [80.],
       [80.],
       [80.],
       [80.],
       [80.],
       [80.],
       [80.],
       [80.]]), 'dt': 0.01, 'N': 400, 'l': 1e-05}"
